Does_not_exist
Map_basic
[ 1 2304 1024 180 5 ]
[ 1 2304 256 0 5 ]
[ 1 1792 256 270 0 ]
[ 1 1280 256 180 1 ]
[ 7 896 1024 0 0 ]
[ 7 1024 1024 0 0 ]
[ 7 1152 1024 0 0 ]
[ 7 1664 1024 0 0 ]
[ 7 1408 1024 0 0 ]
[ 7 1535 1024 0 0 ]
[ 7 1920 1024 0 0 ]
[ 7 2048 1024 0 0 ]
[ 7 2176 1024 0 0 ]
[ 7 2432 1024 0 0 ]
[ 7 2560 1024 0 0 ]
[ 7 2688 1024 0 0 ]
[ 7 2688 256 180 0 ]
[ 7 2560 256 180 0 ]
[ 7 2432 256 180 0 ]
[ 7 2176 256 180 0 ]
[ 7 2048 256 180 0 ]
[ 7 1920 256 180 0 ]
[ 7 1664 256 180 0 ]
[ 7 1408 256 180 0 ]
[ 7 1152 256 180 0 ]
[ 7 1024 256 180 0 ]
[ 7 896 256 180 0 ]
[ 27 2816 640 540 dmode 0 1 ]
[ 26 1792 640 540 dmode 0 0 ]
[ 27 2304 640 360 dmode 1 1 ]
[ 27 1280 640 360 dmode 2 1 ]
[ 1 1280 1024 0 2 ]
[ 30 1792 1024 90 dmode 3 ]
[ 1 1792 1024 270 1 ]
[ 7 2944 256 180 0 ]
[ 7 2944 1024 180 0 ]
[ 7 3072 1024 180 0 ]
[ 7 3200 1024 180 0 ]
[ 7 3200 640 180 0 ]
[ 7 3200 256 180 0 ]
[ 1 3328 1024 180 3 ]
[ 7 3072 640 180 0 ]
[ 7 2944 640 180 0 ]
[ 1 3840 256 90 1 ]
[ 1 3840 1024 0 2 ]
[ 1 3840 640 270 4 ]
[ 7 3840 768 270 0 ]
[ 7 3840 896 270 0 ]
[ 7 3712 1024 360 0 ]
[ 7 3584 1024 0 0 ]
[ 7 3456 1024 0 0 ]
[ 7 3968 1024 0 0 ]
[ 7 3456 256 0 0 ]
[ 7 3584 256 0 0 ]
[ 7 3712 256 0 0 ]
[ 26 3328 640 360 dmode 4 0 ]
[ 27 3328 272 540 dmode 4 1 ]
[ 29 3072 256 360 0 ]
[ 27 2816 272 360 dmode 5 1 ]
[ 1 4352 640 0 3 ]
[ 1 4352 1024 180 2 ]
[ 1 4352 256 0 4 ]
[ 7 4224 1024 180 0 ]
[ 7 4096 1024 180 0 ]
[ 7 4352 896 270 0 ]
[ 7 4352 768 270 0 ]
[ 7 4480 1024 360 0 ]
[ 7 4480 640 0 0 ]
[ 7 3968 256 0 0 ]
[ 7 4096 256 0 0 ]
[ 7 4224 256 0 0 ]
[ 28 2816 1024 0 dmode 6 ]
[ 3 1536 256 0 1 ]
[ 7 4736 640 360 0 ]
[ 7 4736 1024 0 0 ]
[ 7 4608 640 0 0 ]
[ 7 4608 1024 0 0 ]
[ 17 1408 640 270 0 ]
[ 17 1536 640 270 0 ]
[ 17 1664 640 270 0 ]
[ 27 2816 256 0 dmode 10 1 ]
[ 27 3328 256 180 dmode 10 1 ]
[ 31 1536 384 0 2 ]
[ 31 1536 512 0 2 ]
[ 31 1408 384 0 2 ]
[ 31 1664 384 0 2 ]
[ 1 768 1024 180 5 ]
[ 1 768 256 180 4 ]
[ 26 768 640 360 dmode 2 0 ]
[ 7 4480 256 0 0 ]
[ 7 4608 256 0 0 ]
[ 7 4736 256 0 0 ]
[ 1 -1792 1024 180 5 ]
[ 1 -1792 256 0 5 ]
[ 1 -2304 256 270 0 ]
[ 1 -2816 256 180 1 ]
[ 7 -3200 1024 0 0 ]
[ 7 -3072 1024 0 0 ]
[ 7 -2944 1024 0 0 ]
[ 7 -2432 1024 0 0 ]
[ 7 -2688 1024 0 0 ]
[ 7 -2561 1024 0 0 ]
[ 7 -2176 1024 0 0 ]
[ 7 -2048 1024 0 0 ]
[ 7 -1920 1024 0 0 ]
[ 7 -1664 1024 0 0 ]
[ 7 -1536 1024 0 0 ]
[ 7 -1408 1024 0 0 ]
[ 7 -1408 256 180 0 ]
[ 7 -1536 256 180 0 ]
[ 7 -1664 256 180 0 ]
[ 7 -1920 256 180 0 ]
[ 7 -2048 256 180 0 ]
[ 7 -2176 256 180 0 ]
[ 7 -2432 256 180 0 ]
[ 7 -2688 256 180 0 ]
[ 7 -2944 256 180 0 ]
[ 7 -3072 256 180 0 ]
[ 7 -3200 256 180 0 ]
[ 27 -1280 640 540 dmode 0 1 ]
[ 26 -2304 640 540 dmode 0 0 ]
[ 27 -1792 640 360 dmode 1 1 ]
[ 27 -2816 640 360 dmode 2 1 ]
[ 1 -2816 1024 0 2 ]
[ 30 -2304 1024 90 dmode 3 ]
[ 1 -2304 1024 270 1 ]
[ 7 -1152 256 180 0 ]
[ 7 -1152 1024 180 0 ]
[ 7 -1024 1024 180 0 ]
[ 7 -896 1024 180 0 ]
[ 7 -896 640 180 0 ]
[ 7 -896 256 180 0 ]
[ 1 -768 1024 180 3 ]
[ 7 -1024 640 180 0 ]
[ 7 -1152 640 180 0 ]
[ 1 -256 256 90 1 ]
[ 1 -256 1024 0 2 ]
[ 1 -256 640 270 4 ]
[ 7 -256 768 270 0 ]
[ 7 -256 896 270 0 ]
[ 7 -384 1024 360 0 ]
[ 7 -512 1024 0 0 ]
[ 7 -640 1024 0 0 ]
[ 7 -128 1024 0 0 ]
[ 7 -640 256 0 0 ]
[ 7 -512 256 0 0 ]
[ 7 -384 256 0 0 ]
[ 26 -768 640 360 dmode 4 0 ]
[ 27 -768 272 540 dmode 4 1 ]
[ 29 -1024 256 0 0 ]
[ 27 -1280 272 360 dmode 5 1 ]
[ 1 256 640 0 3 ]
[ 1 256 1024 180 2 ]
[ 1 256 256 0 4 ]
[ 7 128 1024 180 0 ]
[ 7 0 1024 180 0 ]
[ 7 256 896 270 0 ]
[ 7 256 768 270 0 ]
[ 7 384 1024 360 0 ]
[ 7 384 640 0 0 ]
[ 7 -128 256 0 0 ]
[ 7 0 256 0 0 ]
[ 7 128 256 0 0 ]
[ 28 -1280 1024 0 dmode 6 ]
[ 7 640 640 360 0 ]
[ 7 640 1024 0 0 ]
[ 7 512 640 0 0 ]
[ 7 512 1024 0 0 ]
[ 17 -2688 640 270 0 ]
[ 17 -2560 640 270 0 ]
[ 17 -2432 640 270 0 ]
[ 27 -1280 256 0 dmode 10 1 ]
[ 27 -768 256 180 dmode 10 1 ]
[ 31 -2560 384 0 2 ]
[ 31 -2560 512 0 2 ]
[ 31 -2688 384 0 2 ]
[ 31 -2432 384 0 2 ]
[ 1 -3328 1024 180 5 ]
[ 1 -3328 256 180 4 ]
[ 26 -3328 640 360 dmode 2 0 ]
[ 7 384 256 0 0 ]
[ 7 512 256 0 0 ]
[ 7 640 256 0 0 ]
[ 1 6400 1024 180 5 ]
[ 1 6400 256 0 5 ]
[ 1 5888 256 270 0 ]
[ 1 5376 256 180 1 ]
[ 7 4992 1024 0 0 ]
[ 7 5120 1024 0 0 ]
[ 7 5248 1024 0 0 ]
[ 7 5760 1024 0 0 ]
[ 7 5504 1024 0 0 ]
[ 7 5631 1024 0 0 ]
[ 7 6016 1024 0 0 ]
[ 7 6144 1024 0 0 ]
[ 7 6272 1024 0 0 ]
[ 7 6528 1024 0 0 ]
[ 7 6656 1024 0 0 ]
[ 7 6784 1024 0 0 ]
[ 7 6784 256 180 0 ]
[ 7 6656 256 180 0 ]
[ 7 6528 256 180 0 ]
[ 7 6272 256 180 0 ]
[ 7 6144 256 180 0 ]
[ 7 6016 256 180 0 ]
[ 7 5760 256 180 0 ]
[ 7 5504 256 180 0 ]
[ 7 5248 256 180 0 ]
[ 7 5120 256 180 0 ]
[ 7 4992 256 180 0 ]
[ 27 6912 640 540 dmode 0 1 ]
[ 26 5888 640 540 dmode 0 0 ]
[ 27 6400 640 360 dmode 1 1 ]
[ 27 5376 640 360 dmode 2 1 ]
[ 1 5376 1024 0 2 ]
[ 30 5888 1024 90 dmode 3 ]
[ 1 5888 1024 270 1 ]
[ 7 7040 256 180 0 ]
[ 7 7040 1024 180 0 ]
[ 7 7168 1024 180 0 ]
[ 7 7296 1024 180 0 ]
[ 7 7296 640 180 0 ]
[ 7 7296 256 180 0 ]
[ 1 7424 1024 180 3 ]
[ 7 7168 640 180 0 ]
[ 7 7040 640 180 0 ]
[ 1 7936 256 90 1 ]
[ 1 7936 1024 0 2 ]
[ 1 7936 640 270 4 ]
[ 7 7936 768 270 0 ]
[ 7 7936 896 270 0 ]
[ 7 7808 1024 360 0 ]
[ 7 7680 1024 0 0 ]
[ 7 7552 1024 0 0 ]
[ 7 8064 1024 0 0 ]
[ 7 7552 256 0 0 ]
[ 7 7680 256 0 0 ]
[ 7 7808 256 0 0 ]
[ 26 7424 640 360 dmode 4 0 ]
[ 27 7424 272 540 dmode 4 1 ]
[ 29 7168 256 0 0 ]
[ 27 6912 272 360 dmode 5 1 ]
[ 1 8448 640 0 3 ]
[ 1 8448 1024 180 2 ]
[ 1 8448 256 0 4 ]
[ 7 8320 1024 180 0 ]
[ 7 8192 1024 180 0 ]
[ 7 8448 896 270 0 ]
[ 7 8448 768 270 0 ]
[ 7 8576 1024 360 0 ]
[ 7 8576 640 0 0 ]
[ 7 8064 256 0 0 ]
[ 7 8192 256 0 0 ]
[ 7 8320 256 0 0 ]
[ 28 6912 1024 0 dmode 6 ]
[ 7 8832 640 360 0 ]
[ 7 8832 1024 0 0 ]
[ 7 8704 640 0 0 ]
[ 7 8704 1024 0 0 ]
[ 17 5504 640 270 0 ]
[ 17 5632 640 270 0 ]
[ 17 5760 640 270 0 ]
[ 27 6912 256 0 dmode 10 1 ]
[ 27 7424 256 180 dmode 10 1 ]
[ 31 5632 384 0 2 ]
[ 31 5632 512 0 2 ]
[ 31 5504 384 0 2 ]
[ 31 5760 384 0 2 ]
[ 1 4864 1024 180 5 ]
[ 1 4864 256 180 4 ]
[ 26 4864 640 360 dmode 2 0 ]
[ 7 8576 256 0 0 ]
[ 7 8704 256 0 0 ]
[ 7 8832 256 0 0 ]
[ 6 5632 256 0 1 ]
[ 6 -2560 256 0 1 ]
Movables
Map_floor
[ 3 1792 384 270 dmode 0 1 ]
[ 3 1792 512 270 dmode 0 1 ]
[ 2 2304 384 270 dmode 0 0 ]
[ 2 2304 512 270 dmode 0 0 ]
[ 3 1280 384 90 dmode 1 1 ]
[ 3 1280 512 90 dmode 1 1 ]
[ 2 1920 640 180 dmode 1 0 ]
[ 2 2048 640 180 dmode 1 0 ]
[ 2 2176 640 180 dmode 1 0 ]
[ 2 1536 640 0 dmode 2 0 ]
[ 2 1408 640 0 dmode 2 0 ]
[ 2 1664 640 0 dmode 2 0 ]
[ 3 1152 640 0 dmode 3 1 ]
[ 3 1024 640 0 dmode 3 1 ]
[ 3 896 640 0 dmode 3 1 ]
[ 2 1792 896 90 dmode 3 0 ]
[ 2 1792 768 90 dmode 3 0 ]
[ 3 1280 768 90 dmode 3 1 ]
[ 3 1280 896 90 dmode 3 1 ]
[ 3 2304 768 90 dmode 3 1 ]
[ 3 2304 896 90 dmode 3 1 ]
[ 2 2816 384 90 dmode 3 0 ]
[ 2 2816 512 90 dmode 3 0 ]
[ 6 1408 384 90 0 ]
[ 6 1536 384 90 0 ]
[ 6 1664 384 90 0 ]
[ 6 1664 511 90 0 ]
[ 6 1536 511 90 0 ]
[ 6 1408 511 90 0 ]
[ 3 3840 384 90 dmode 4 1 ]
[ 3 3840 512 90 dmode 4 1 ]
[ 3 4352 384 90 dmode 5 1 ]
[ 3 4352 512 90 dmode 5 1 ]
[ 3 2816 768 90 dmode 6 1 ]
[ 3 2816 896 90 dmode 6 1 ]
[ 3 3583 640 360 dmode 6 1 ]
[ 3 3712 640 0 dmode 6 1 ]
[ 3 3456 640 0 dmode 6 1 ]
[ 2 3328 768 90 dmode 6 0 ]
[ 2 3328 896 90 dmode 6 0 ]
[ 2 3328 512 90 dmode 6 0 ]
[ 2 3328 384 90 dmode 6 0 ]
[ 2 3968 640 180 dmode 6 0 ]
[ 2 4095 640 180 dmode 6 0 ]
[ 2 4224 640 180 dmode 6 0 ]
[ 21 1920 384 270 0 ]
[ 21 2048 384 270 0 ]
[ 21 2176 384 270 0 ]
[ 21 2176 512 270 0 ]
[ 21 2048 512 270 0 ]
[ 21 1920 512 270 0 ]
[ 21 1664 768 270 0 ]
[ 21 1536 768 270 0 ]
[ 21 1408 768 270 0 ]
[ 21 1408 896 270 0 ]
[ 21 1536 896 270 0 ]
[ 21 1664 896 270 0 ]
[ 21 1024 384 270 0 ]
[ 21 896 384 270 0 ]
[ 21 896 512 270 0 ]
[ 21 1024 512 270 0 ]
[ 21 1151 512 270 0 ]
[ 21 1151 384 270 0 ]
[ 21 2944 384 270 0 ]
[ 21 3072 384 270 0 ]
[ 21 3200 384 270 0 ]
[ 21 3200 512 270 0 ]
[ 21 3072 512 270 0 ]
[ 21 2944 512 270 0 ]
[ 21 3456 768 270 0 ]
[ 21 3584 768 270 0 ]
[ 21 3711 768 270 0 ]
[ 21 3711 896 270 0 ]
[ 21 3584 896 270 0 ]
[ 21 3456 896 270 0 ]
[ 21 4095 384 270 0 ]
[ 21 4224 384 270 0 ]
[ 21 4224 512 270 0 ]
[ 21 4095 512 270 0 ]
[ 21 3968 512 270 0 ]
[ 21 3968 384 270 0 ]
[ 21 4480 768 270 0 ]
[ 21 4480 896 270 0 ]
[ 1 896 768 0 0 ]
[ 1 1152 768 0 0 ]
[ 1 1152 896 180 0 ]
[ 1 1024 896 270 0 ]
[ 1 896 896 270 0 ]
[ 1 2176 768 180 0 ]
[ 1 2176 896 0 0 ]
[ 1 2048 896 90 0 ]
[ 1 1919 896 0 0 ]
[ 1 2048 768 0 0 ]
[ 1 1919 768 180 0 ]
[ 1 1024 768 180 0 ]
[ 1 2943 768 90 0 ]
[ 1 3072 768 180 0 ]
[ 1 3200 768 0 0 ]
[ 1 3200 896 0 0 ]
[ 1 3072 896 180 0 ]
[ 1 2943 896 180 0 ]
[ 1 3584 384 180 0 ]
[ 1 3711 384 90 0 ]
[ 1 3711 512 0 0 ]
[ 1 3584 512 180 0 ]
[ 1 3456 512 270 0 ]
[ 1 3456 384 90 0 ]
[ 1 3968 896 0 0 ]
[ 1 3968 768 90 0 ]
[ 1 4095 768 90 0 ]
[ 1 4224 768 270 0 ]
[ 1 4224 896 180 0 ]
[ 1 4095 896 90 0 ]
[ 1 4480 512 90 0 ]
[ 1 4480 384 0 0 ]
[ 21 4608 768 270 0 ]
[ 21 4608 896 270 0 ]
[ 21 4736 896 270 0 ]
[ 21 4736 768 270 0 ]
[ 1 4608 512 0 0 ]
[ 1 4608 384 180 0 ]
[ 1 4736 384 90 0 ]
[ 1 4736 512 180 0 ]
[ 2 768 512 90 dmode 3 0 ]
[ 2 768 384 90 dmode 3 0 ]
[ 3 768 768 90 dmode 8 1 ]
[ 3 768 896 90 dmode 8 1 ]
[ 3 -2304 384 270 dmode 0 1 ]
[ 3 -2304 512 270 dmode 0 1 ]
[ 2 -1792 384 270 dmode 0 0 ]
[ 2 -1792 512 270 dmode 0 0 ]
[ 3 -2816 384 90 dmode 1 1 ]
[ 3 -2816 512 90 dmode 1 1 ]
[ 2 -2176 640 180 dmode 1 0 ]
[ 2 -2048 640 180 dmode 1 0 ]
[ 2 -1920 640 180 dmode 1 0 ]
[ 2 -2560 640 0 dmode 2 0 ]
[ 2 -2688 640 0 dmode 2 0 ]
[ 2 -2432 640 0 dmode 2 0 ]
[ 3 -2944 640 0 dmode 3 1 ]
[ 3 -3072 640 0 dmode 3 1 ]
[ 3 -3200 640 0 dmode 3 1 ]
[ 2 -2304 896 90 dmode 3 0 ]
[ 2 -2304 768 90 dmode 3 0 ]
[ 3 -2816 768 90 dmode 3 1 ]
[ 3 -2816 896 90 dmode 3 1 ]
[ 3 -1792 768 90 dmode 3 1 ]
[ 3 -1792 896 90 dmode 3 1 ]
[ 2 -1280 384 90 dmode 3 0 ]
[ 2 -1280 512 90 dmode 3 0 ]
[ 6 -2688 384 90 0 ]
[ 6 -2560 384 90 0 ]
[ 6 -2432 384 90 0 ]
[ 6 -2432 511 90 0 ]
[ 6 -2560 511 90 0 ]
[ 6 -2688 511 90 0 ]
[ 3 -256 384 90 dmode 4 1 ]
[ 3 -256 512 90 dmode 4 1 ]
[ 3 256 384 90 dmode 5 1 ]
[ 3 256 512 90 dmode 5 1 ]
[ 3 -1280 768 90 dmode 6 1 ]
[ 3 -1280 896 90 dmode 6 1 ]
[ 3 -513 640 360 dmode 6 1 ]
[ 3 -384 640 0 dmode 6 1 ]
[ 3 -640 640 0 dmode 6 1 ]
[ 2 -768 768 90 dmode 6 0 ]
[ 2 -768 896 90 dmode 6 0 ]
[ 2 -768 512 90 dmode 6 0 ]
[ 2 -768 384 90 dmode 6 0 ]
[ 2 -128 640 180 dmode 6 0 ]
[ 2 -1 640 180 dmode 6 0 ]
[ 2 128 640 180 dmode 6 0 ]
[ 21 -2176 384 270 0 ]
[ 21 -2048 384 270 0 ]
[ 21 -1920 384 270 0 ]
[ 21 -1920 512 270 0 ]
[ 21 -2048 512 270 0 ]
[ 21 -2176 512 270 0 ]
[ 21 -2432 768 270 0 ]
[ 21 -2560 768 270 0 ]
[ 21 -2688 768 270 0 ]
[ 21 -2688 896 270 0 ]
[ 21 -2560 896 270 0 ]
[ 21 -2432 896 270 0 ]
[ 21 -3072 384 270 0 ]
[ 21 -3200 384 270 0 ]
[ 21 -3200 512 270 0 ]
[ 21 -3072 512 270 0 ]
[ 21 -2945 512 270 0 ]
[ 21 -2945 384 270 0 ]
[ 21 -1664 768 270 0 ]
[ 21 -1536 768 270 0 ]
[ 21 -1408 768 270 0 ]
[ 21 -1408 896 270 0 ]
[ 21 -1536 896 270 0 ]
[ 21 -1664 896 270 0 ]
[ 21 -1152 384 270 0 ]
[ 21 -1024 384 270 0 ]
[ 21 -896 384 270 0 ]
[ 21 -896 512 270 0 ]
[ 21 -1024 512 270 0 ]
[ 21 -1152 512 270 0 ]
[ 21 -640 768 270 0 ]
[ 21 -512 768 270 0 ]
[ 21 -385 768 270 0 ]
[ 21 -385 896 270 0 ]
[ 21 -512 896 270 0 ]
[ 21 -640 896 270 0 ]
[ 21 -1 384 270 0 ]
[ 21 128 384 270 0 ]
[ 21 128 512 270 0 ]
[ 21 -1 512 270 0 ]
[ 21 -128 512 270 0 ]
[ 21 -128 384 270 0 ]
[ 21 384 768 270 0 ]
[ 21 384 896 270 0 ]
[ 1 -3200 768 0 0 ]
[ 1 -2944 768 0 0 ]
[ 1 -2944 896 180 0 ]
[ 1 -3072 896 270 0 ]
[ 1 -3200 896 270 0 ]
[ 1 -1920 768 180 0 ]
[ 1 -1920 896 0 0 ]
[ 1 -2048 896 90 0 ]
[ 1 -2177 896 0 0 ]
[ 1 -2048 768 0 0 ]
[ 1 -2177 768 180 0 ]
[ 1 -3072 768 180 0 ]
[ 1 -1536 384 180 0 ]
[ 1 -1536 512 90 0 ]
[ 1 -1664 512 90 0 ]
[ 1 -1664 384 90 0 ]
[ 1 -1408 384 90 0 ]
[ 1 -1408 512 90 0 ]
[ 1 -1153 768 90 0 ]
[ 1 -1024 768 180 0 ]
[ 1 -896 768 0 0 ]
[ 1 -896 896 0 0 ]
[ 1 -1024 896 180 0 ]
[ 1 -1153 896 180 0 ]
[ 1 -512 384 180 0 ]
[ 1 -385 384 90 0 ]
[ 1 -385 512 0 0 ]
[ 1 -512 512 180 0 ]
[ 1 -640 512 270 0 ]
[ 1 -640 384 90 0 ]
[ 1 -128 896 0 0 ]
[ 1 -128 768 90 0 ]
[ 1 -1 768 90 0 ]
[ 1 128 768 270 0 ]
[ 1 128 896 180 0 ]
[ 1 -1 896 90 0 ]
[ 1 384 512 90 0 ]
[ 1 384 384 0 0 ]
[ 21 512 768 270 0 ]
[ 21 512 896 270 0 ]
[ 21 640 896 270 0 ]
[ 21 640 768 270 0 ]
[ 1 512 512 0 0 ]
[ 1 512 384 180 0 ]
[ 1 640 384 90 0 ]
[ 1 640 512 180 0 ]
[ 2 -3328 512 90 dmode 3 0 ]
[ 2 -3328 384 90 dmode 3 0 ]
[ 3 -3328 768 90 dmode 8 1 ]
[ 3 -3328 896 90 dmode 8 1 ]
[ 3 5888 384 270 dmode 0 1 ]
[ 3 5888 512 270 dmode 0 1 ]
[ 2 6400 384 270 dmode 0 0 ]
[ 2 6400 512 270 dmode 0 0 ]
[ 3 5376 384 90 dmode 1 1 ]
[ 3 5376 512 90 dmode 1 1 ]
[ 2 6016 640 180 dmode 1 0 ]
[ 2 6144 640 180 dmode 1 0 ]
[ 2 6272 640 180 dmode 1 0 ]
[ 2 5632 640 0 dmode 2 0 ]
[ 2 5504 640 0 dmode 2 0 ]
[ 2 5760 640 0 dmode 2 0 ]
[ 3 5248 640 0 dmode 3 1 ]
[ 3 5120 640 0 dmode 3 1 ]
[ 3 4992 640 0 dmode 3 1 ]
[ 2 5888 896 90 dmode 3 0 ]
[ 2 5888 768 90 dmode 3 0 ]
[ 3 5376 768 90 dmode 3 1 ]
[ 3 5376 896 90 dmode 3 1 ]
[ 3 6400 768 90 dmode 3 1 ]
[ 3 6400 896 90 dmode 3 1 ]
[ 2 6912 384 90 dmode 3 0 ]
[ 2 6912 512 90 dmode 3 0 ]
[ 6 5504 384 90 0 ]
[ 6 5632 384 90 0 ]
[ 6 5760 384 90 0 ]
[ 6 5760 511 90 0 ]
[ 6 5632 511 90 0 ]
[ 6 5504 511 90 0 ]
[ 3 7936 384 90 dmode 4 1 ]
[ 3 7936 512 90 dmode 4 1 ]
[ 3 8448 384 90 dmode 5 1 ]
[ 3 8448 512 90 dmode 5 1 ]
[ 3 6912 768 90 dmode 6 1 ]
[ 3 6912 896 90 dmode 6 1 ]
[ 3 7679 640 360 dmode 6 1 ]
[ 3 7808 640 0 dmode 6 1 ]
[ 3 7552 640 0 dmode 6 1 ]
[ 2 7424 768 90 dmode 6 0 ]
[ 2 7424 896 90 dmode 6 0 ]
[ 2 7424 512 90 dmode 6 0 ]
[ 2 7424 384 90 dmode 6 0 ]
[ 2 8064 640 180 dmode 6 0 ]
[ 2 8191 640 180 dmode 6 0 ]
[ 2 8320 640 180 dmode 6 0 ]
[ 21 6016 384 270 0 ]
[ 21 6144 384 270 0 ]
[ 21 6272 384 270 0 ]
[ 21 6272 512 270 0 ]
[ 21 6144 512 270 0 ]
[ 21 6016 512 270 0 ]
[ 21 5760 768 270 0 ]
[ 21 5632 768 270 0 ]
[ 21 5504 768 270 0 ]
[ 21 5504 896 270 0 ]
[ 21 5632 896 270 0 ]
[ 21 5760 896 270 0 ]
[ 21 5120 384 270 0 ]
[ 21 4992 384 270 0 ]
[ 21 4992 512 270 0 ]
[ 21 5120 512 270 0 ]
[ 21 5247 512 270 0 ]
[ 21 5247 384 270 0 ]
[ 21 6528 768 270 0 ]
[ 21 6656 768 270 0 ]
[ 21 6784 768 270 0 ]
[ 21 6784 896 270 0 ]
[ 21 6656 896 270 0 ]
[ 21 6528 896 270 0 ]
[ 21 7040 384 270 0 ]
[ 21 7168 384 270 0 ]
[ 21 7296 384 270 0 ]
[ 21 7296 512 270 0 ]
[ 21 7168 512 270 0 ]
[ 21 7040 512 270 0 ]
[ 21 7552 768 270 0 ]
[ 21 7680 768 270 0 ]
[ 21 7807 768 270 0 ]
[ 21 7807 896 270 0 ]
[ 21 7680 896 270 0 ]
[ 21 7552 896 270 0 ]
[ 21 8191 384 270 0 ]
[ 21 8320 384 270 0 ]
[ 21 8320 512 270 0 ]
[ 21 8191 512 270 0 ]
[ 21 8064 512 270 0 ]
[ 21 8064 384 270 0 ]
[ 21 8576 768 270 0 ]
[ 21 8576 896 270 0 ]
[ 1 4992 768 0 0 ]
[ 1 5248 768 0 0 ]
[ 1 5248 896 180 0 ]
[ 1 5120 896 270 0 ]
[ 1 4992 896 270 0 ]
[ 1 6272 768 180 0 ]
[ 1 6272 896 0 0 ]
[ 1 6144 896 90 0 ]
[ 1 6015 896 0 0 ]
[ 1 6144 768 0 0 ]
[ 1 6015 768 180 0 ]
[ 1 5120 768 180 0 ]
[ 1 6656 384 180 0 ]
[ 1 6656 512 90 0 ]
[ 1 6528 512 90 0 ]
[ 1 6528 384 90 0 ]
[ 1 6784 384 90 0 ]
[ 1 6784 512 90 0 ]
[ 1 7039 768 90 0 ]
[ 1 7168 768 180 0 ]
[ 1 7296 768 0 0 ]
[ 1 7296 896 0 0 ]
[ 1 7168 896 180 0 ]
[ 1 7039 896 180 0 ]
[ 1 7680 384 180 0 ]
[ 1 7807 384 90 0 ]
[ 1 7807 512 0 0 ]
[ 1 7680 512 180 0 ]
[ 1 7552 512 270 0 ]
[ 1 7552 384 90 0 ]
[ 1 8064 896 0 0 ]
[ 1 8064 768 90 0 ]
[ 1 8191 768 90 0 ]
[ 1 8320 768 270 0 ]
[ 1 8320 896 180 0 ]
[ 1 8191 896 90 0 ]
[ 1 8576 512 90 0 ]
[ 1 8576 384 0 0 ]
[ 21 8704 768 270 0 ]
[ 21 8704 896 270 0 ]
[ 21 8832 896 270 0 ]
[ 21 8832 768 270 0 ]
[ 1 8704 512 0 0 ]
[ 1 8704 384 180 0 ]
[ 1 8832 384 90 0 ]
[ 1 8832 512 180 0 ]
[ 2 4864 512 90 dmode 3 0 ]
[ 2 4864 384 90 dmode 3 0 ]
[ 3 4864 768 90 dmode 8 1 ]
[ 3 4864 896 90 dmode 8 1 ]
[ 21 2432 768 90 0 ]
[ 21 2560 768 90 0 ]
[ 21 2688 768 90 0 ]
[ 21 2688 896 90 0 ]
[ 21 2560 896 90 0 ]
[ 21 2432 896 90 0 ]
[ 1 2432 384 90 0 ]
[ 1 2432 512 90 0 ]
[ 1 2560 512 90 0 ]
[ 1 2688 384 180 0 ]
[ 1 2688 512 0 0 ]
[ 1 2560 384 0 0 ]
[ 4 2432 640 270 0 ]
[ 4 2560 640 270 0 ]
[ 4 2688 640 270 0 ]
[ 4 6528 640 270 0 ]
[ 4 6656 640 270 0 ]
[ 4 6784 640 270 0 ]
[ 4 -1664 640 270 0 ]
[ 4 -1536 640 270 0 ]
[ 4 -1408 640 270 0 ]
[ 102 4864 464 150 -4096 0 ]
[ 102 384 448 141 4096 0 ]
Electric
PLayer 1574.57 809.897