Does_not_exist
Map_basic
[ 22 -384 256 0 0 ]
[ 22 -896 256 0 0 ]
[ 22 -896 768 0 0 ]
[ 22 -384 768 0 0 ]
[ 22 128 768 0 0 ]
[ 22 128 256 0 0 ]
[ 22 640 256 0 0 ]
[ 22 1152 768 0 0 ]
[ 22 1152 256 0 0 ]
[ 22 1664 256 0 0 ]
[ 22 1664 768 0 0 ]
[ 23 -768 768 0 0 ]
[ 23 -512 768 0 0 ]
[ 23 -640 768 0 0 ]
[ 23 -256 768 0 0 ]
[ 23 -128 768 0 0 ]
[ 23 0 768 0 0 ]
[ 22 640 768 0 0 ]
[ 23 0 256 0 0 ]
[ 23 -128 256 0 0 ]
[ 23 -256 256 0 0 ]
[ 23 -768 256 0 0 ]
[ 23 -640 256 0 0 ]
[ 23 -512 256 0 0 ]
[ 22 -3456 256 0 0 ]
[ 22 -3456 768 0 0 ]
[ 22 -2944 768 0 0 ]
[ 22 -2944 256 0 0 ]
[ 22 -2432 256 0 0 ]
[ 22 -1920 768 0 0 ]
[ 22 -1920 256 0 0 ]
[ 22 -1408 256 0 0 ]
[ 22 -1408 768 0 0 ]
[ 23 -3840 768 0 0 ]
[ 23 -3584 768 0 0 ]
[ 23 -3712 768 0 0 ]
[ 23 -3328 768 0 0 ]
[ 23 -3200 768 0 0 ]
[ 23 -3072 768 0 0 ]
[ 23 -2816 768 0 0 ]
[ 23 -2688 768 0 0 ]
[ 23 -2560 768 0 0 ]
[ 23 -2048 768 0 0 ]
[ 23 -2176 768 0 0 ]
[ 23 -2304 768 0 0 ]
[ 22 -2432 768 0 0 ]
[ 23 -1792 768 0 0 ]
[ 23 -1664 768 0 0 ]
[ 23 -1536 768 0 0 ]
[ 23 -1792 256 0 0 ]
[ 23 -1664 256 0 0 ]
[ 23 -1536 256 0 0 ]
[ 23 -2048 256 0 0 ]
[ 23 -2176 256 0 0 ]
[ 23 -2304 256 0 0 ]
[ 23 -2560 256 0 0 ]
[ 23 -2688 256 0 0 ]
[ 23 -2816 256 0 0 ]
[ 23 -3072 256 0 0 ]
[ 23 -3200 256 0 0 ]
[ 23 -3328 256 0 0 ]
[ 23 -3840 256 0 0 ]
[ 23 -3712 256 0 0 ]
[ 23 -3584 256 0 0 ]
[ 23 -1152 256 0 0 ]
[ 23 -1280 256 0 0 ]
[ 23 -1280 768 0 0 ]
[ 23 -1152 768 0 0 ]
[ 23 -1024 768 0 0 ]
[ 23 -1024 256 0 0 ]
[ 22 -5120 0 0 0 ]
[ 22 -5120 1024 0 0 ]
[ 22 -6144 1024 0 0 ]
[ 22 -6144 0 0 0 ]
[ 23 -5120 896 90 0 ]
[ 23 -5120 128 90 0 ]
[ 23 -5248 0 180 0 ]
[ 23 -5376 0 180 0 ]
[ 23 -5504 0 180 0 ]
[ 23 -5632 0 180 0 ]
[ 23 -5760 0 180 0 ]
[ 23 -5888 0 180 0 ]
[ 23 -6016 0 180 0 ]
[ 23 -6144 128 270 0 ]
[ 23 -6144 256 270 0 ]
[ 23 -6144 384 270 0 ]
[ 23 -6144 512 270 0 ]
[ 23 -6144 640 270 0 ]
[ 23 -6144 768 270 0 ]
[ 23 -6144 896 270 0 ]
[ 23 -6016 1024 360 0 ]
[ 23 -5888 1024 0 0 ]
[ 23 -5760 1024 0 0 ]
[ 23 -5632 1024 0 0 ]
[ 23 -5504 1024 0 0 ]
[ 23 -5376 1024 0 0 ]
[ 23 -5248 1024 0 0 ]
[ 6 -5120 768 0 0 ]
[ 6 -5120 256 0 0 ]
[ 22 3200 256 0 0 ]
[ 22 2688 256 0 0 ]
[ 22 2688 768 0 0 ]
[ 22 3712 768 0 0 ]
[ 22 3712 256 0 0 ]
[ 22 4224 256 0 0 ]
[ 22 4736 768 0 0 ]
[ 22 4736 256 0 0 ]
[ 22 5248 256 0 0 ]
[ 22 5248 768 0 0 ]
[ 23 4608 768 0 0 ]
[ 23 4480 768 0 0 ]
[ 23 4352 768 0 0 ]
[ 22 4224 768 0 0 ]
[ 23 4864 768 0 0 ]
[ 23 4992 768 0 0 ]
[ 23 5120 768 0 0 ]
[ 23 4864 256 0 0 ]
[ 23 4992 256 0 0 ]
[ 23 5120 256 0 0 ]
[ 23 4608 256 0 0 ]
[ 23 4480 256 0 0 ]
[ 23 4352 256 0 0 ]
[ 22 2176 256 0 0 ]
[ 22 2176 768 0 0 ]
[ 22 5760 256 0 0 ]
[ 22 6272 768 0 0 ]
[ 22 6272 256 0 0 ]
[ 22 6784 256 0 0 ]
[ 22 6784 768 0 0 ]
[ 23 5376 768 0 0 ]
[ 23 5504 768 0 0 ]
[ 23 5632 768 0 0 ]
[ 23 6144 768 0 0 ]
[ 23 6016 768 0 0 ]
[ 23 5888 768 0 0 ]
[ 22 5760 768 0 0 ]
[ 23 6400 768 0 0 ]
[ 23 6528 768 0 0 ]
[ 23 6656 768 0 0 ]
[ 23 6400 256 0 0 ]
[ 23 6528 256 0 0 ]
[ 23 6656 256 0 0 ]
[ 23 6144 256 0 0 ]
[ 23 6016 256 0 0 ]
[ 23 5888 256 0 0 ]
[ 23 5632 256 0 0 ]
[ 23 5504 256 0 0 ]
[ 23 5376 256 0 0 ]
[ 17 256 256 0 0 ]
[ 17 384 256 0 0 ]
[ 17 512 256 0 0 ]
[ 17 1024 256 0 0 ]
[ 17 896 256 0 0 ]
[ 17 768 256 0 0 ]
[ 17 1536 256 0 0 ]
[ 17 1408 256 0 0 ]
[ 17 1280 256 0 0 ]
[ 17 1792 256 0 0 ]
[ 17 1920 256 0 0 ]
[ 17 2048 256 0 0 ]
[ 17 2304 256 0 0 ]
[ 17 2432 256 0 0 ]
[ 17 2560 256 0 0 ]
[ 17 2816 256 0 0 ]
[ 17 2944 256 0 0 ]
[ 17 3072 256 0 0 ]
[ 17 3328 256 0 0 ]
[ 17 3456 256 0 0 ]
[ 17 3584 256 0 0 ]
[ 17 3840 256 0 0 ]
[ 17 3968 256 0 0 ]
[ 17 4096 256 0 0 ]
[ 17 256 768 0 0 ]
[ 17 384 768 0 0 ]
[ 17 512 768 0 0 ]
[ 17 768 768 0 0 ]
[ 17 896 768 0 0 ]
[ 17 1024 768 0 0 ]
[ 17 1280 768 0 0 ]
[ 17 1408 768 0 0 ]
[ 17 1536 768 0 0 ]
[ 17 2304 768 0 0 ]
[ 17 2432 768 0 0 ]
[ 17 2560 768 0 0 ]
[ 17 2816 768 0 0 ]
[ 17 2944 768 0 0 ]
[ 17 3072 768 0 0 ]
[ 17 3328 768 0 0 ]
[ 17 3456 768 0 0 ]
[ 17 3584 768 0 0 ]
[ 22 3200 768 0 0 ]
[ 22 -3968 256 0 0 ]
[ 22 -3968 768 0 0 ]
[ 23 -4352 768 0 0 ]
[ 23 -4096 768 0 0 ]
[ 23 -4224 768 0 0 ]
[ 23 -4352 256 0 0 ]
[ 23 -4224 256 0 0 ]
[ 23 -4096 256 0 0 ]
[ 22 -4480 256 0 0 ]
[ 22 -4480 768 0 0 ]
[ 23 -4864 768 0 0 ]
[ 23 -4608 768 0 0 ]
[ 23 -4736 768 0 0 ]
[ 23 -4864 256 0 0 ]
[ 23 -4736 256 0 0 ]
[ 23 -4608 256 0 0 ]
[ 22 -4992 256 0 0 ]
[ 22 -4992 768 0 0 ]
[ 8 1664 8320 0 0 ]
[ 8 2176 8320 0 0 ]
[ 9 1792 8320 0 0 ]
[ 9 2048 8320 0 0 ]
[ 9 2048 7808 0 0 ]
[ 9 1920 7808 0 0 ]
[ 9 1792 7808 0 0 ]
[ 8 2176 7808 0 0 ]
[ 17 1792 8448 0 0 ]
[ 17 1920 8448 0 0 ]
[ 17 2048 8448 0 0 ]
[ 9 2304 7808 0 0 ]
[ 9 2432 7808 0 0 ]
[ 9 2560 7808 0 0 ]
[ 9 2304 8320 0 0 ]
[ 9 2432 8320 0 0 ]
[ 9 2560 8320 0 0 ]
[ 9 1279 7808 0 0 ]
[ 9 1408 7808 0 0 ]
[ 9 1536 7808 0 0 ]
[ 8 1664 7808 0 0 ]
[ 8 1152 7808 0 0 ]
[ 8 1152 8320 0 0 ]
[ 8 2687 8320 0 0 ]
[ 8 2687 7808 0 0 ]
[ 8 639 7808 0 0 ]
[ 8 640 8320 0 0 ]
[ 8 3200 7808 0 0 ]
[ 8 3200 8320 0 0 ]
[ 8 3712 7808 0 0 ]
[ 8 3712 8320 0 0 ]
[ 8 4224 8320 0 0 ]
[ 8 4736 7808 0 0 ]
[ 8 4736 8320 0 0 ]
[ 8 5248 8320 0 0 ]
[ 8 5248 7808 0 0 ]
[ 9 768 7808 0 0 ]
[ 9 896 7808 0 0 ]
[ 9 1024 7808 0 0 ]
[ 9 768 8320 0 0 ]
[ 9 896 8320 0 0 ]
[ 9 1024 8320 0 0 ]
[ 9 1280 8320 0 0 ]
[ 9 1408 8320 0 0 ]
[ 9 1536 8320 0 0 ]
[ 9 2816 8320 0 0 ]
[ 9 2944 8320 0 0 ]
[ 9 3072 8320 0 0 ]
[ 9 2816 7808 0 0 ]
[ 9 2944 7808 0 0 ]
[ 9 3072 7808 0 0 ]
[ 9 3328 7808 0 0 ]
[ 9 3456 7808 0 0 ]
[ 9 3584 7808 0 0 ]
[ 9 3328 8320 0 0 ]
[ 9 3456 8320 0 0 ]
[ 9 3584 8320 0 0 ]
[ 9 3840 7808 0 0 ]
[ 9 3968 7808 0 0 ]
[ 9 4096 7808 0 0 ]
[ 8 4224 7808 0 0 ]
[ 9 3840 8320 0 0 ]
[ 9 3968 8320 0 0 ]
[ 9 4095 8320 0 0 ]
[ 9 4352 7808 0 0 ]
[ 9 4480 7808 0 0 ]
[ 9 4608 7808 0 0 ]
[ 9 4352 8320 0 0 ]
[ 9 4480 8320 0 0 ]
[ 9 4608 8320 0 0 ]
[ 9 4864 8320 0 0 ]
[ 9 4992 8320 0 0 ]
[ 9 5120 8320 0 0 ]
[ 9 5248 7936 90 0 ]
[ 9 5248 8064 90 0 ]
[ 9 5248 8192 90 0 ]
[ 9 4864 7808 180 0 ]
[ 9 4992 7808 180 0 ]
[ 9 5120 7808 180 0 ]
[ 9 512 7808 180 0 ]
[ 9 384 7808 180 0 ]
[ 9 256 7808 180 0 ]
[ 9 0 7808 180 0 ]
[ 9 -128 7808 180 0 ]
[ 9 -256 7808 180 0 ]
[ 9 0 8320 180 0 ]
[ 9 -128 8320 180 0 ]
[ 9 -256 8320 180 0 ]
[ 9 512 8320 180 0 ]
[ 9 384 8320 180 0 ]
[ 9 256 8320 180 0 ]
[ 9 -512 7808 180 0 ]
[ 9 -640 7808 180 0 ]
[ 9 -768 7808 180 0 ]
[ 9 -768 8320 180 0 ]
[ 9 -640 8320 180 0 ]
[ 9 -512 8320 180 0 ]
[ 8 -384 7808 180 0 ]
[ 8 128 7808 180 0 ]
[ 8 128 8320 180 0 ]
[ 8 -384 8320 180 0 ]
[ 8 -1408 7808 180 0 ]
[ 8 -1408 8320 180 0 ]
[ 9 -1281 7808 180 0 ]
[ 9 -1152 7808 540 0 ]
[ 9 -1024 7808 180 0 ]
[ 9 -1281 8320 180 0 ]
[ 9 -1152 8320 180 0 ]
[ 9 -1024 8320 180 0 ]
[ 9 -1408 8064 270 0 ]
[ 9 -1408 7936 270 0 ]
[ 9 -1408 8192 270 0 ]
[ 14 4864 7936 0 0 ]
[ 14 4992 7936 0 1 ]
[ 14 5120 7936 0 2 ]
[ 14 5120 8064 0 0 ]
[ 14 5120 8192 0 0 ]
[ 14 4992 8192 0 0 ]
[ 14 4864 8192 0 1 ]
[ 19 -897 7808 0 0 ]
[ 19 -897 8320 0 0 ]
[ 8 1664 11776 0 0 ]
[ 8 2176 11776 0 0 ]
[ 9 1792 11776 0 0 ]
[ 9 2048 11776 0 0 ]
[ 9 2048 11264 0 0 ]
[ 9 1920 11264 0 0 ]
[ 9 1792 11264 0 0 ]
[ 8 2176 11264 0 0 ]
[ 9 2304 11264 0 0 ]
[ 9 2432 11264 0 0 ]
[ 9 2560 11264 0 0 ]
[ 9 2304 11776 0 0 ]
[ 9 2432 11776 0 0 ]
[ 9 2560 11776 0 0 ]
[ 9 1279 11264 0 0 ]
[ 9 1408 11264 0 0 ]
[ 9 1536 11264 0 0 ]
[ 8 1664 11264 0 0 ]
[ 8 1152 11264 0 0 ]
[ 8 1152 11776 0 0 ]
[ 8 2687 11776 0 0 ]
[ 8 2687 11264 0 0 ]
[ 8 639 11264 0 0 ]
[ 8 640 11776 0 0 ]
[ 8 3200 11264 0 0 ]
[ 8 3200 11776 0 0 ]
[ 8 3712 11264 0 0 ]
[ 8 3712 11776 0 0 ]
[ 8 4224 11776 0 0 ]
[ 8 5248 11776 0 0 ]
[ 8 5248 11264 0 0 ]
[ 9 768 11264 0 0 ]
[ 9 896 11264 0 0 ]
[ 9 1024 11264 0 0 ]
[ 9 768 11776 0 0 ]
[ 9 896 11776 0 0 ]
[ 9 1024 11776 0 0 ]
[ 9 1280 11776 0 0 ]
[ 9 1408 11776 0 0 ]
[ 9 1536 11776 0 0 ]
[ 9 2816 11776 0 0 ]
[ 9 2944 11776 0 0 ]
[ 9 3072 11776 0 0 ]
[ 9 2816 11264 0 0 ]
[ 9 2944 11264 0 0 ]
[ 9 3072 11264 0 0 ]
[ 9 3328 11264 0 0 ]
[ 9 3456 11264 0 0 ]
[ 9 3584 11264 0 0 ]
[ 9 3328 11776 0 0 ]
[ 9 3456 11776 0 0 ]
[ 9 3584 11776 0 0 ]
[ 9 3840 11264 0 0 ]
[ 9 3968 11264 0 0 ]
[ 9 4096 11264 0 0 ]
[ 8 4224 11264 0 0 ]
[ 9 3840 11776 0 0 ]
[ 9 3968 11776 0 0 ]
[ 9 4095 11776 0 0 ]
[ 9 4352 11264 0 0 ]
[ 9 4480 11264 0 0 ]
[ 9 4608 11264 0 0 ]
[ 9 4352 11776 0 0 ]
[ 9 4480 11776 0 0 ]
[ 9 4608 11776 0 0 ]
[ 9 4864 11776 0 0 ]
[ 9 4992 11776 0 0 ]
[ 9 5120 11776 0 0 ]
[ 9 5248 11392 90 0 ]
[ 9 5248 11520 90 0 ]
[ 9 5248 11648 90 0 ]
[ 9 4864 11264 180 0 ]
[ 9 4992 11264 180 0 ]
[ 9 5120 11264 180 0 ]
[ 9 512 11264 180 0 ]
[ 9 384 11264 180 0 ]
[ 9 256 11264 180 0 ]
[ 9 0 11264 180 0 ]
[ 9 -128 11264 180 0 ]
[ 9 -256 11264 180 0 ]
[ 9 0 11776 180 0 ]
[ 9 -128 11776 180 0 ]
[ 9 -256 11776 180 0 ]
[ 9 512 11776 180 0 ]
[ 9 384 11776 180 0 ]
[ 9 256 11776 180 0 ]
[ 9 -512 11264 180 0 ]
[ 9 -640 11264 180 0 ]
[ 9 -768 11264 180 0 ]
[ 9 -768 11776 180 0 ]
[ 9 -640 11776 180 0 ]
[ 9 -512 11776 180 0 ]
[ 8 -384 11264 180 0 ]
[ 8 128 11264 180 0 ]
[ 8 128 11776 180 0 ]
[ 8 -384 11776 180 0 ]
[ 9 -1281 11264 180 0 ]
[ 9 -1024 11264 180 0 ]
[ 9 -1281 11776 180 0 ]
[ 9 -1024 11776 180 0 ]
[ 9 -1408 11520 270 0 ]
[ 9 -1408 11392 270 0 ]
[ 9 -1408 11648 270 0 ]
[ 14 4864 11392 0 0 ]
[ 14 4992 11392 0 1 ]
[ 14 5120 11392 0 2 ]
[ 14 5120 11520 0 0 ]
[ 14 5120 11648 0 0 ]
[ 14 4992 11648 0 0 ]
[ 14 4864 11648 0 1 ]
[ 4 1920 11776 0 0 ]
[ 3 -896 11264 0 0 ]
[ 3 -896 11776 0 0 ]
[ 3 -1408 11264 0 0 ]
[ 3 -1408 11776 0 0 ]
[ 22 7296 256 0 0 ]
[ 22 7808 768 0 0 ]
[ 22 7808 256 0 0 ]
[ 22 8320 256 0 0 ]
[ 22 8320 768 0 0 ]
[ 23 6912 768 0 0 ]
[ 23 7040 768 0 0 ]
[ 23 7168 768 0 0 ]
[ 23 7680 768 0 0 ]
[ 23 7552 768 0 0 ]
[ 23 7424 768 0 0 ]
[ 22 7296 768 0 0 ]
[ 23 7936 768 0 0 ]
[ 23 8064 768 0 0 ]
[ 23 8192 768 0 0 ]
[ 23 7936 256 0 0 ]
[ 23 8064 256 0 0 ]
[ 23 8192 256 0 0 ]
[ 23 7680 256 0 0 ]
[ 23 7552 256 0 0 ]
[ 23 7424 256 0 0 ]
[ 23 7168 256 0 0 ]
[ 23 7040 256 0 0 ]
[ 23 6912 256 0 0 ]
[ 17 3840 768 270 0 ]
[ 17 3968 768 270 0 ]
[ 17 4096 768 270 0 ]
[ 17 -128 256 270 0 ]
[ 17 0 256 270 0 ]
[ 17 -256 256 270 0 ]
[ 17 -256 768 270 0 ]
[ 17 0 768 270 0 ]
[ 17 -128 768 270 0 ]
[ 17 4480 768 270 0 ]
[ 17 4608 768 270 0 ]
[ 17 4352 768 270 0 ]
[ 17 4352 256 270 0 ]
[ 17 4480 256 270 0 ]
[ 17 4608 256 270 0 ]
[ 9 -1152 11264 180 0 ]
[ 9 -1152 11776 180 0 ]
[ 17 4736 11264 180 0 ]
[ 17 4736 11776 180 0 ]
[ 17 -896 11264 180 0 ]
[ 17 -896 11776 180 0 ]
[ 17 -1664 10240 270 0 ]
[ 17 -1664 10112 270 0 ]
[ 17 -1536 10112 270 0 ]
[ 17 -1408 10112 270 0 ]
[ 17 -1280 10112 270 0 ]
[ 17 -1152 10112 270 0 ]
[ 17 -1024 10112 270 0 ]
[ 17 2048 10112 270 0 ]
[ 17 2432 10112 270 0 ]
[ 17 2560 10112 270 0 ]
[ 17 2688 10112 270 0 ]
[ 17 2816 10112 270 0 ]
[ 17 2944 10112 270 0 ]
[ 17 3072 10112 270 0 ]
[ 17 3200 10112 270 0 ]
[ 17 3328 10112 270 0 ]
[ 17 3456 10112 270 0 ]
[ 17 3584 10112 270 0 ]
[ 17 3712 10112 270 0 ]
[ 17 3839 10112 270 0 ]
[ 17 3968 10112 270 0 ]
[ 17 4096 10112 270 0 ]
[ 17 4224 10112 270 0 ]
[ 17 4352 10112 270 0 ]
[ 17 4480 10112 270 0 ]
[ 17 5120 10240 270 0 ]
[ 17 5248 10240 270 0 ]
[ 17 5376 10240 270 0 ]
[ 17 5504 10240 270 0 ]
[ 17 5632 10240 270 0 ]
[ 17 5760 10240 270 0 ]
[ 17 5888 10368 270 0 ]
[ 17 6016 10368 270 0 ]
[ 17 6144 10368 270 0 ]
[ 17 6272 10368 270 0 ]
[ 17 6400 10368 270 0 ]
[ 17 6528 10368 270 0 ]
[ 17 6656 10368 270 0 ]
[ 17 6656 10496 270 0 ]
[ 17 6784 10496 270 0 ]
[ 17 6784 10624 270 0 ]
[ 17 6784 10752 270 0 ]
[ 17 6784 10880 270 0 ]
[ 17 6784 11008 270 0 ]
[ 17 6784 11136 270 0 ]
[ 17 6784 11264 270 0 ]
[ 17 6784 11392 270 0 ]
[ 17 6784 11520 270 0 ]
[ 17 6784 11648 270 0 ]
[ 17 6784 11776 270 0 ]
[ 17 6784 11904 270 0 ]
[ 17 6784 12032 270 0 ]
[ 17 6656 12160 270 0 ]
[ 17 6528 12160 270 0 ]
[ 17 6528 12288 270 0 ]
[ 17 6400 12288 270 0 ]
[ 17 6400 12416 270 0 ]
[ 17 6272 12416 270 0 ]
[ 17 6144 12416 270 0 ]
[ 17 6144 12544 270 0 ]
[ 17 6016 12544 270 0 ]
[ 17 5888 12544 270 0 ]
[ 17 5760 12544 270 0 ]
[ 17 5760 12672 270 0 ]
[ 17 5632 12672 270 0 ]
[ 17 5504 12672 270 0 ]
[ 17 5376 12672 270 0 ]
[ 17 5248 12672 270 0 ]
[ 17 -1792 10240 270 0 ]
[ 17 -1920 10240 270 0 ]
[ 17 -2048 10240 270 0 ]
[ 17 -2048 10368 270 0 ]
[ 17 -2176 10496 270 0 ]
[ 17 -2304 10624 270 0 ]
[ 17 -2432 10752 270 0 ]
[ 17 -2560 10880 270 0 ]
[ 17 -2816 11008 270 0 ]
[ 17 -2944 11136 270 0 ]
[ 17 -2816 11136 270 0 ]
[ 17 -2816 11264 270 0 ]
[ 17 -2816 11392 270 0 ]
[ 17 -2816 11520 270 0 ]
[ 17 -2816 11648 270 0 ]
[ 17 -2816 11776 270 0 ]
[ 17 -2816 11904 270 0 ]
[ 17 -2816 12032 270 0 ]
[ 17 -2816 12160 270 0 ]
[ 17 -2816 12288 270 0 ]
[ 17 -2816 12416 270 0 ]
[ 17 -2688 12416 270 0 ]
[ 17 -2432 12544 270 0 ]
[ 17 -2560 12800 270 0 ]
[ 17 -1920 12928 270 0 ]
[ 17 -1536 13056 270 0 ]
[ 17 -1280 13056 270 0 ]
[ 17 -1152 13056 270 0 ]
[ 17 -896 13184 270 0 ]
[ 17 -768 13184 270 0 ]
[ 17 -640 13184 270 0 ]
[ 17 -384 13184 270 0 ]
[ 17 256 13312 270 0 ]
[ 17 1664 13312 270 0 ]
[ 17 1792 13312 270 0 ]
[ 17 1920 13312 270 0 ]
[ 17 2176 13312 270 0 ]
[ 17 2303 13312 270 0 ]
[ 17 2432 13312 270 0 ]
[ 17 2560 13312 270 0 ]
[ 17 2687 13312 270 0 ]
[ 17 2816 13312 270 0 ]
[ 17 2944 13312 270 0 ]
[ 17 3072 13312 270 0 ]
[ 17 3200 13312 270 0 ]
[ 17 3327 13312 270 0 ]
[ 17 3456 13312 270 0 ]
[ 17 3584 13312 270 0 ]
[ 17 3712 13312 270 0 ]
[ 17 3840 13312 270 0 ]
[ 17 3968 13312 270 0 ]
[ 17 4096 13312 270 0 ]
[ 17 4224 13312 270 0 ]
[ 17 4352 13312 270 0 ]
[ 17 4480 13312 270 0 ]
[ 17 4608 13312 270 0 ]
[ 17 4608 13184 270 0 ]
[ 17 4736 13184 270 0 ]
[ 17 4864 13184 270 0 ]
[ 17 4864 13056 270 0 ]
[ 17 4992 13056 270 0 ]
[ 17 5120 12928 270 0 ]
[ 17 2432 13440 270 0 ]
[ 17 2303 13440 270 0 ]
[ 17 2176 13440 270 0 ]
[ 17 2048 13440 270 0 ]
[ 17 1920 13440 270 0 ]
[ 17 1792 13440 270 0 ]
[ 17 1664 13440 270 0 ]
[ 17 1536 13312 270 0 ]
[ 17 1408 13312 270 0 ]
[ 17 1280 13312 270 0 ]
[ 17 1152 13312 270 0 ]
[ 17 1024 13312 270 0 ]
[ 17 896 13312 270 0 ]
[ 17 768 13312 270 0 ]
[ 17 640 13312 270 0 ]
[ 17 512 13312 270 0 ]
[ 17 384 13312 270 0 ]
[ 17 128 13312 270 0 ]
[ 17 0 13312 270 0 ]
[ 17 -128 13312 270 0 ]
[ 17 -256 13312 270 0 ]
[ 17 -384 13312 270 0 ]
[ 17 -512 13312 270 0 ]
[ 17 -640 13312 270 0 ]
[ 17 -768 13312 270 0 ]
[ 17 -896 13312 270 0 ]
[ 17 -1024 13312 270 0 ]
[ 17 -1024 13184 270 0 ]
[ 17 -1152 13184 270 0 ]
[ 17 -1280 13184 270 0 ]
[ 17 -1408 13056 270 0 ]
[ 17 -1536 12928 270 0 ]
[ 17 -1664 12928 270 0 ]
[ 17 -1792 12928 270 0 ]
[ 17 -1792 12800 270 0 ]
[ 17 -1920 12800 270 0 ]
[ 17 -2048 12800 270 0 ]
[ 17 -2176 12800 270 0 ]
[ 17 -2304 12800 270 0 ]
[ 17 -2432 12800 270 0 ]
[ 17 -2432 12672 270 0 ]
[ 17 -2560 12672 270 0 ]
[ 17 -2560 12544 270 0 ]
[ 17 -2944 11008 270 0 ]
[ 17 -2944 10880 270 0 ]
[ 17 -2816 10880 270 0 ]
[ 17 -2688 10880 270 0 ]
[ 17 -2560 10752 270 0 ]
[ 17 -896 10112 270 0 ]
[ 17 -768 10112 270 0 ]
[ 17 -640 10112 270 0 ]
[ 17 -512 10112 270 0 ]
[ 17 -384 10112 270 0 ]
[ 17 -256 10112 270 0 ]
[ 17 -128 10112 270 0 ]
[ 17 0 10112 270 0 ]
[ 17 128 10112 270 0 ]
[ 17 256 10112 270 0 ]
[ 17 384 10112 270 0 ]
[ 17 512 10112 270 0 ]
[ 17 640 10112 270 0 ]
[ 17 768 10112 270 0 ]
[ 17 896 10112 270 0 ]
[ 17 1024 10112 270 0 ]
[ 17 1152 10112 270 0 ]
[ 17 1280 10112 270 0 ]
[ 17 1408 10112 270 0 ]
[ 17 1536 10112 270 0 ]
[ 17 1664 10112 270 0 ]
[ 17 1792 10112 270 0 ]
[ 17 1920 10112 270 0 ]
[ 17 2176 10112 270 0 ]
[ 17 2303 10112 270 0 ]
[ 17 4480 10240 270 0 ]
[ 17 4608 10240 270 0 ]
[ 17 4736 10240 270 0 ]
[ 17 4864 10240 270 0 ]
[ 17 4992 10240 270 0 ]
[ 17 5120 12800 270 0 ]
Movables
Map_floor
[ 22 -640 384 0 0 ]
[ 22 -768 384 0 0 ]
[ 22 -896 384 0 0 ]
[ 22 -896 512 0 0 ]
[ 22 -896 640 0 0 ]
[ 22 -768 640 0 0 ]
[ 22 -640 640 0 0 ]
[ 22 -512 640 0 0 ]
[ 22 -384 640 0 0 ]
[ 22 -256 640 0 0 ]
[ 22 -128 640 0 0 ]
[ 22 0 640 0 0 ]
[ 22 128 640 0 0 ]
[ 22 256 640 0 0 ]
[ 22 384 640 0 0 ]
[ 22 512 640 0 0 ]
[ 22 640 640 0 0 ]
[ 22 768 640 0 0 ]
[ 22 896 640 0 0 ]
[ 22 1024 640 0 0 ]
[ 22 1152 640 0 0 ]
[ 22 1280 640 0 0 ]
[ 22 1408 640 0 0 ]
[ 22 1536 640 0 0 ]
[ 22 1664 640 0 0 ]
[ 22 1664 512 0 0 ]
[ 22 1536 512 0 0 ]
[ 22 1408 512 0 0 ]
[ 22 896 384 0 0 ]
[ 22 640 384 0 0 ]
[ 22 384 384 0 0 ]
[ 22 256 384 0 0 ]
[ 22 128 384 0 0 ]
[ 22 0 384 0 0 ]
[ 22 -128 384 0 0 ]
[ 22 -256 384 0 0 ]
[ 22 -384 384 0 0 ]
[ 22 -512 384 0 0 ]
[ 22 -768 512 0 0 ]
[ 22 -640 512 0 0 ]
[ 22 -512 512 0 0 ]
[ 22 -384 512 0 0 ]
[ 22 768 512 0 0 ]
[ 22 1280 512 0 0 ]
[ 22 1152 512 0 0 ]
[ 22 1024 512 0 0 ]
[ 22 896 512 0 0 ]
[ 22 640 512 0 0 ]
[ 22 512 512 0 0 ]
[ 22 384 512 0 0 ]
[ 22 128 512 0 0 ]
[ 22 -256 512 0 0 ]
[ 22 -128 512 0 0 ]
[ 22 0 512 0 0 ]
[ 22 256 512 0 0 ]
[ 22 512 384 0 0 ]
[ 22 768 384 0 0 ]
[ 22 1024 384 0 0 ]
[ 22 1152 384 0 0 ]
[ 22 1280 384 0 0 ]
[ 22 1408 384 0 0 ]
[ 22 1536 384 0 0 ]
[ 22 1664 384 0 0 ]
[ 22 1792 384 0 0 ]
[ 22 1920 384 0 0 ]
[ 22 1920 512 0 0 ]
[ 22 1920 640 0 0 ]
[ 22 1792 640 0 0 ]
[ 22 1792 512 0 0 ]
[ 22 -3712 384 0 0 ]
[ 22 -3840 384 0 0 ]
[ 22 -5120 384 0 0 ]
[ 22 -5120 512 0 0 ]
[ 22 -5120 640 0 0 ]
[ 22 -3840 640 0 0 ]
[ 22 -3712 640 0 0 ]
[ 22 -3584 640 0 0 ]
[ 22 -3456 640 0 0 ]
[ 22 -3328 640 0 0 ]
[ 22 -3200 640 0 0 ]
[ 22 -3072 640 0 0 ]
[ 22 -2944 640 0 0 ]
[ 22 -2816 640 0 0 ]
[ 22 -2688 640 0 0 ]
[ 22 -2560 640 0 0 ]
[ 22 -2432 640 0 0 ]
[ 22 -2304 640 0 0 ]
[ 22 -2176 640 0 0 ]
[ 22 -2048 640 0 0 ]
[ 22 -1920 640 0 0 ]
[ 22 -1792 640 0 0 ]
[ 22 -1664 640 0 0 ]
[ 22 -1536 640 0 0 ]
[ 22 -1408 640 0 0 ]
[ 22 -1408 512 0 0 ]
[ 22 -1536 512 0 0 ]
[ 22 -1664 512 0 0 ]
[ 22 -2176 384 0 0 ]
[ 22 -2432 384 0 0 ]
[ 22 -2688 384 0 0 ]
[ 22 -2816 384 0 0 ]
[ 22 -2944 384 0 0 ]
[ 22 -3072 384 0 0 ]
[ 22 -3200 384 0 0 ]
[ 22 -3328 384 0 0 ]
[ 22 -3456 384 0 0 ]
[ 22 -3584 384 0 0 ]
[ 22 -3840 512 0 0 ]
[ 22 -3712 512 0 0 ]
[ 22 -3584 512 0 0 ]
[ 22 -3456 512 0 0 ]
[ 22 -2304 512 0 0 ]
[ 22 -1792 512 0 0 ]
[ 22 -1920 512 0 0 ]
[ 22 -2048 512 0 0 ]
[ 22 -2176 512 0 0 ]
[ 22 -2432 512 0 0 ]
[ 22 -2560 512 0 0 ]
[ 22 -2688 512 0 0 ]
[ 22 -2944 512 0 0 ]
[ 22 -3328 512 0 0 ]
[ 22 -3200 512 0 0 ]
[ 22 -3072 512 0 0 ]
[ 22 -2816 512 0 0 ]
[ 22 -2560 384 0 0 ]
[ 22 -2304 384 0 0 ]
[ 22 -2048 384 0 0 ]
[ 22 -1920 384 0 0 ]
[ 22 -1792 384 0 0 ]
[ 22 -1664 384 0 0 ]
[ 22 -1536 384 0 0 ]
[ 22 -1408 384 0 0 ]
[ 22 -1280 384 0 0 ]
[ 22 -1152 384 0 0 ]
[ 22 -1152 512 0 0 ]
[ 22 -1152 640 0 0 ]
[ 22 -1280 640 0 0 ]
[ 22 -1280 512 0 0 ]
[ 22 -1024 384 0 0 ]
[ 22 -1024 640 0 0 ]
[ 22 -1024 512 0 0 ]
[ 22 -5248 128 0 0 ]
[ 22 -5376 128 0 0 ]
[ 22 -5504 128 0 0 ]
[ 22 -5632 128 0 0 ]
[ 22 -5760 128 0 0 ]
[ 22 -6016 256 0 0 ]
[ 22 -6016 128 0 0 ]
[ 22 -5888 128 0 0 ]
[ 22 -5888 256 0 0 ]
[ 22 -5760 256 0 0 ]
[ 22 -5632 256 0 0 ]
[ 22 -5504 256 0 0 ]
[ 22 -5376 256 0 0 ]
[ 22 -5248 256 0 0 ]
[ 22 -5248 384 0 0 ]
[ 22 -5248 512 0 0 ]
[ 22 -5248 640 0 0 ]
[ 22 -5248 768 0 0 ]
[ 22 -5248 896 0 0 ]
[ 22 -5760 896 0 0 ]
[ 22 -5888 896 0 0 ]
[ 22 -6016 384 0 0 ]
[ 22 -5888 384 0 0 ]
[ 22 -5760 512 0 0 ]
[ 22 -5632 512 0 0 ]
[ 22 -5376 384 0 0 ]
[ 22 -5376 640 0 0 ]
[ 22 -5376 768 0 0 ]
[ 22 -5376 896 0 0 ]
[ 22 -5504 896 0 0 ]
[ 22 -5632 896 0 0 ]
[ 22 -5632 768 0 0 ]
[ 22 -5760 768 0 0 ]
[ 22 -6016 896 0 0 ]
[ 22 -6016 768 0 0 ]
[ 22 -5888 768 0 0 ]
[ 22 -6016 640 0 0 ]
[ 22 -6016 512 0 0 ]
[ 22 -5888 512 0 0 ]
[ 22 -5888 640 0 0 ]
[ 22 -5760 640 0 0 ]
[ 22 -5632 640 0 0 ]
[ 22 -5504 768 0 0 ]
[ 22 -5504 640 0 0 ]
[ 22 -5376 512 0 0 ]
[ 22 -5504 512 0 0 ]
[ 22 -5504 384 0 0 ]
[ 22 -5632 384 0 0 ]
[ 22 -5760 384 0 0 ]
[ 19 -5120 768 0 0 ]
[ 19 -5120 256 0 0 ]
[ 22 2944 384 0 0 ]
[ 22 2816 384 0 0 ]
[ 22 2688 384 0 0 ]
[ 22 2816 -14720 0 0 ]
[ 22 2688 640 0 0 ]
[ 22 2816 640 0 0 ]
[ 22 2944 640 0 0 ]
[ 22 3072 640 0 0 ]
[ 22 3200 640 0 0 ]
[ 22 3328 640 0 0 ]
[ 22 3456 640 0 0 ]
[ 22 3584 640 0 0 ]
[ 22 3712 640 0 0 ]
[ 22 3840 640 0 0 ]
[ 22 3968 640 0 0 ]
[ 22 4096 640 0 0 ]
[ 22 4224 640 0 0 ]
[ 22 4352 640 0 0 ]
[ 22 4480 640 0 0 ]
[ 22 4608 640 0 0 ]
[ 22 4736 640 0 0 ]
[ 22 4864 640 0 0 ]
[ 22 4992 640 0 0 ]
[ 22 5120 640 0 0 ]
[ 22 5248 640 0 0 ]
[ 22 5248 512 0 0 ]
[ 22 5120 512 0 0 ]
[ 22 4992 512 0 0 ]
[ 22 4480 384 0 0 ]
[ 22 4224 384 0 0 ]
[ 22 3968 384 0 0 ]
[ 22 3840 384 0 0 ]
[ 22 3712 384 0 0 ]
[ 22 3584 384 0 0 ]
[ 22 3456 384 0 0 ]
[ 22 3328 384 0 0 ]
[ 22 3200 384 0 0 ]
[ 22 3072 384 0 0 ]
[ 22 2816 512 0 0 ]
[ 22 2944 512 0 0 ]
[ 22 3072 512 0 0 ]
[ 22 3200 512 0 0 ]
[ 22 4352 512 0 0 ]
[ 22 4864 512 0 0 ]
[ 22 4736 512 0 0 ]
[ 22 4608 512 0 0 ]
[ 22 4480 512 0 0 ]
[ 22 4224 512 0 0 ]
[ 22 4096 512 0 0 ]
[ 22 3968 512 0 0 ]
[ 22 3712 512 0 0 ]
[ 22 3328 512 0 0 ]
[ 22 3456 512 0 0 ]
[ 22 3584 512 0 0 ]
[ 22 3840 512 0 0 ]
[ 22 4096 384 0 0 ]
[ 22 4352 384 0 0 ]
[ 22 4608 384 0 0 ]
[ 22 4736 384 0 0 ]
[ 22 4864 384 0 0 ]
[ 22 4992 384 0 0 ]
[ 22 5120 384 0 0 ]
[ 22 5248 384 0 0 ]
[ 22 2048 640 0 0 ]
[ 22 2176 640 0 0 ]
[ 22 2176 512 0 0 ]
[ 22 2048 512 0 0 ]
[ 22 2048 384 0 0 ]
[ 22 2176 384 0 0 ]
[ 22 2304 384 0 0 ]
[ 22 2432 384 0 0 ]
[ 22 2432 512 0 0 ]
[ 22 2432 640 0 0 ]
[ 22 2304 640 0 0 ]
[ 22 2304 512 0 0 ]
[ 22 2560 384 0 0 ]
[ 22 2560 640 0 0 ]
[ 22 2560 512 0 0 ]
[ 22 5376 640 0 0 ]
[ 22 5504 640 0 0 ]
[ 22 5632 640 0 0 ]
[ 22 5760 640 0 0 ]
[ 22 5888 640 0 0 ]
[ 22 6016 640 0 0 ]
[ 22 6144 640 0 0 ]
[ 22 6272 640 0 0 ]
[ 22 6400 640 0 0 ]
[ 22 6528 640 0 0 ]
[ 22 6656 640 0 0 ]
[ 22 6784 640 0 0 ]
[ 22 6784 512 0 0 ]
[ 22 6656 512 0 0 ]
[ 22 6528 512 0 0 ]
[ 22 6016 384 0 0 ]
[ 22 5760 384 0 0 ]
[ 22 5504 384 0 0 ]
[ 22 5376 384 0 0 ]
[ 22 5888 512 0 0 ]
[ 22 6400 512 0 0 ]
[ 22 6272 512 0 0 ]
[ 22 6144 512 0 0 ]
[ 22 6016 512 0 0 ]
[ 22 5760 512 0 0 ]
[ 22 5632 512 0 0 ]
[ 22 5504 512 0 0 ]
[ 22 5376 512 0 0 ]
[ 22 5632 384 0 0 ]
[ 22 5888 384 0 0 ]
[ 22 6144 384 0 0 ]
[ 22 6272 384 0 0 ]
[ 22 6400 384 0 0 ]
[ 22 6528 384 0 0 ]
[ 22 6656 384 0 0 ]
[ 22 6784 384 0 0 ]
[ 22 2688 512 0 0 ]
[ 18 512 256 0 17 ]
[ 18 384 256 0 17 ]
[ 18 256 256 0 17 ]
[ 18 768 256 0 17 ]
[ 18 896 256 0 17 ]
[ 18 1024 256 0 17 ]
[ 18 1536 256 0 17 ]
[ 18 1408 256 0 17 ]
[ 18 1280 256 0 17 ]
[ 18 1792 256 0 17 ]
[ 18 1920 256 0 17 ]
[ 18 2048 256 0 17 ]
[ 18 2304 256 0 17 ]
[ 18 2432 256 0 17 ]
[ 18 2560 256 0 17 ]
[ 18 3072 256 0 17 ]
[ 18 2944 256 0 17 ]
[ 18 2816 256 0 17 ]
[ 18 3328 256 0 17 ]
[ 18 3456 256 0 17 ]
[ 18 3584 256 0 17 ]
[ 18 3840 256 0 17 ]
[ 18 3968 256 0 17 ]
[ 18 4096 256 0 17 ]
[ 18 256 768 0 17 ]
[ 18 384 768 0 17 ]
[ 18 512 768 0 17 ]
[ 18 1024 768 0 17 ]
[ 18 896 768 0 17 ]
[ 18 768 768 0 17 ]
[ 18 1280 768 0 17 ]
[ 18 1408 768 0 17 ]
[ 18 1536 768 0 17 ]
[ 18 2048 768 0 17 ]
[ 18 1920 768 0 17 ]
[ 18 1792 768 0 17 ]
[ 18 2304 768 0 17 ]
[ 18 2432 768 0 17 ]
[ 18 2560 768 0 17 ]
[ 18 2816 768 0 17 ]
[ 18 2944 768 0 17 ]
[ 18 3072 768 0 17 ]
[ 18 3328 768 0 17 ]
[ 18 3456 768 0 17 ]
[ 18 3584 768 0 17 ]
[ 18 3840 768 0 17 ]
[ 18 3968 768 0 17 ]
[ 18 4096 768 0 17 ]
[ 22 -4224 384 0 0 ]
[ 22 -4352 384 0 0 ]
[ 22 -4352 640 0 0 ]
[ 22 -4224 640 0 0 ]
[ 22 -4096 640 0 0 ]
[ 22 -3968 640 0 0 ]
[ 22 -3968 384 0 0 ]
[ 22 -4096 384 0 0 ]
[ 22 -4352 512 0 0 ]
[ 22 -4224 512 0 0 ]
[ 22 -4096 512 0 0 ]
[ 22 -3968 512 0 0 ]
[ 22 -4736 384 0 0 ]
[ 22 -4864 384 0 0 ]
[ 22 -4864 640 0 0 ]
[ 22 -4736 640 0 0 ]
[ 22 -4608 640 0 0 ]
[ 22 -4480 640 0 0 ]
[ 22 -4480 384 0 0 ]
[ 22 -4608 384 0 0 ]
[ 22 -4864 512 0 0 ]
[ 22 -4736 512 0 0 ]
[ 22 -4608 512 0 0 ]
[ 22 -4480 512 0 0 ]
[ 22 -4992 384 0 0 ]
[ 22 -4992 512 0 0 ]
[ 22 -4992 640 0 0 ]
[ 18 1920 8320 0 3 ]
[ 4 -896 7936 360 0 ]
[ 4 -896 8064 0 0 ]
[ 4 -896 8192 0 0 ]
[ 6 -1152 8064 0 0 ]
[ 6 -1281 8064 0 0 ]
[ 6 -1281 8192 0 0 ]
[ 6 -1152 8192 0 0 ]
[ 6 -1024 8192 0 0 ]
[ 6 -1024 8064 0 0 ]
[ 6 -1024 7936 0 0 ]
[ 6 -1152 7936 0 0 ]
[ 6 -1281 7936 0 0 ]
[ 9 -768 7936 0 0 ]
[ 9 -768 8064 0 4 ]
[ 9 -768 8192 0 0 ]
[ 9 -640 7936 0 4 ]
[ 9 -640 8064 0 0 ]
[ 9 -640 8192 0 3 ]
[ 9 -512 7936 0 4 ]
[ 9 -512 8064 0 1 ]
[ 9 -512 8192 0 5 ]
[ 9 -384 7936 0 0 ]
[ 9 -384 8064 0 0 ]
[ 9 -384 8192 0 4 ]
[ 9 -256 7936 0 3 ]
[ 9 -256 8064 0 1 ]
[ 9 -256 8192 0 0 ]
[ 9 -128 7936 0 1 ]
[ 9 -128 8064 0 1 ]
[ 9 -128 8192 0 4 ]
[ 9 0 7936 0 2 ]
[ 9 0 8064 0 1 ]
[ 9 0 8192 0 1 ]
[ 9 128 7936 0 5 ]
[ 9 128 8064 0 3 ]
[ 9 128 8192 0 5 ]
[ 9 256 7936 0 0 ]
[ 9 256 8064 0 4 ]
[ 9 256 8192 0 2 ]
[ 9 384 7936 0 2 ]
[ 9 384 8064 0 5 ]
[ 9 384 8192 0 3 ]
[ 9 512 7936 0 1 ]
[ 9 512 8064 0 1 ]
[ 9 512 8192 0 3 ]
[ 9 639 7936 0 1 ]
[ 9 639 8064 0 3 ]
[ 9 639 8192 0 2 ]
[ 9 768 7936 0 4 ]
[ 9 768 8064 0 1 ]
[ 9 768 8192 0 1 ]
[ 9 896 7936 0 2 ]
[ 9 896 8064 0 5 ]
[ 9 896 8192 0 3 ]
[ 9 1024 7936 0 0 ]
[ 9 1024 8064 0 2 ]
[ 9 1024 8192 0 0 ]
[ 9 1152 7936 0 0 ]
[ 9 1152 8064 0 4 ]
[ 9 1152 8192 0 2 ]
[ 9 1280 7936 0 4 ]
[ 9 1280 8064 0 0 ]
[ 9 1280 8192 0 3 ]
[ 9 1408 7936 0 3 ]
[ 9 1408 8064 0 0 ]
[ 9 1408 8192 0 1 ]
[ 9 1536 8064 0 0 ]
[ 9 1536 8192 0 4 ]
[ 9 1664 7936 0 1 ]
[ 9 1664 8064 0 4 ]
[ 9 1664 8192 0 3 ]
[ 9 1792 7936 0 0 ]
[ 9 1792 8064 0 2 ]
[ 9 1792 8192 0 0 ]
[ 9 1920 7936 0 5 ]
[ 9 1920 8064 0 1 ]
[ 9 1920 8192 0 2 ]
[ 9 2048 7936 0 5 ]
[ 9 2048 8064 0 4 ]
[ 9 2048 8192 0 2 ]
[ 9 2176 7936 0 0 ]
[ 9 2176 8064 0 0 ]
[ 9 2176 8192 0 1 ]
[ 9 2304 7936 0 0 ]
[ 9 2304 8064 0 5 ]
[ 9 2304 8192 0 4 ]
[ 9 2432 7936 0 5 ]
[ 9 2432 8064 0 3 ]
[ 9 2432 8192 0 1 ]
[ 9 2560 7936 0 2 ]
[ 9 2560 8064 0 0 ]
[ 9 2560 8192 0 0 ]
[ 9 2688 7936 0 3 ]
[ 9 2688 8064 0 2 ]
[ 9 2688 8192 0 4 ]
[ 9 2816 7936 0 2 ]
[ 9 2816 8064 0 3 ]
[ 9 2944 7936 0 2 ]
[ 9 2944 8064 0 2 ]
[ 9 2944 8192 0 4 ]
[ 9 3072 7936 0 3 ]
[ 9 3072 8064 0 1 ]
[ 9 3072 8192 0 5 ]
[ 9 3200 7936 0 0 ]
[ 9 3200 8064 0 1 ]
[ 9 3200 8192 0 5 ]
[ 9 3328 8064 0 2 ]
[ 9 3328 8192 0 0 ]
[ 9 3456 7936 0 3 ]
[ 9 3456 8064 0 4 ]
[ 9 3456 8192 0 0 ]
[ 9 3584 7936 0 2 ]
[ 9 3584 8064 0 2 ]
[ 9 3584 8192 0 2 ]
[ 9 3712 7936 0 4 ]
[ 9 3712 8064 0 2 ]
[ 9 3712 8192 0 5 ]
[ 9 3840 7936 0 0 ]
[ 9 3840 8064 0 5 ]
[ 9 3840 8192 0 4 ]
[ 9 3968 7936 0 5 ]
[ 9 3968 8064 0 2 ]
[ 9 3968 8192 0 4 ]
[ 9 4096 7936 0 5 ]
[ 9 4096 8192 0 5 ]
[ 9 4224 7936 0 2 ]
[ 9 4224 8064 0 0 ]
[ 9 4224 8192 0 3 ]
[ 9 4352 7936 0 1 ]
[ 9 4352 8192 0 2 ]
[ 9 4480 7936 0 0 ]
[ 9 4480 8064 0 0 ]
[ 9 4480 8192 0 5 ]
[ 9 4608 7936 0 5 ]
[ 9 4608 8064 0 5 ]
[ 9 5120 7936 0 2 ]
[ 9 5120 8064 0 2 ]
[ 9 5120 8192 0 2 ]
[ 9 4992 8192 0 2 ]
[ 9 4992 7936 0 2 ]
[ 9 4864 7936 0 2 ]
[ 9 4864 8192 0 2 ]
[ 9 4864 8064 0 3 ]
[ 9 4992 8064 0 3 ]
[ 9 4608 8192 0 3 ]
[ 9 4096 8064 0 4 ]
[ 9 4352 8064 0 0 ]
[ 12 4736 8064 0 5 ]
[ 12 4736 8192 0 5 ]
[ 12 4736 7936 0 5 ]
[ 9 1536 7936 0 1 ]
[ 9 2816 8192 0 1 ]
[ 9 3328 7936 0 2 ]
[ 18 1920 11776 0 0 ]
[ 4 -896 11392 360 0 ]
[ 4 -896 11520 0 0 ]
[ 4 -896 11648 0 0 ]
[ 6 -1152 11520 0 0 ]
[ 6 -1281 11520 0 0 ]
[ 6 -1281 11648 0 0 ]
[ 6 -1152 11648 0 0 ]
[ 6 -1024 11648 0 0 ]
[ 6 -1024 11520 0 0 ]
[ 6 -1024 11392 0 0 ]
[ 6 -1152 11392 0 0 ]
[ 6 -1281 11392 0 0 ]
[ 9 -768 11392 0 0 ]
[ 9 -768 11520 0 4 ]
[ 9 -768 11648 0 0 ]
[ 9 -640 11392 0 4 ]
[ 9 -640 11520 0 0 ]
[ 9 -640 11648 0 3 ]
[ 9 -512 11392 0 4 ]
[ 9 -512 11520 0 1 ]
[ 9 -512 11648 0 5 ]
[ 9 -384 11392 0 0 ]
[ 9 -384 11520 0 0 ]
[ 9 -384 11648 0 4 ]
[ 9 -256 11392 0 3 ]
[ 9 -256 11520 0 1 ]
[ 9 -256 11648 0 0 ]
[ 9 -128 11392 0 1 ]
[ 9 -128 11520 0 1 ]
[ 9 -128 11648 0 4 ]
[ 9 0 11392 0 2 ]
[ 9 0 11520 0 1 ]
[ 9 0 11648 0 1 ]
[ 9 128 11392 0 5 ]
[ 9 128 11520 0 3 ]
[ 9 128 11648 0 5 ]
[ 9 256 11392 0 0 ]
[ 9 256 11520 0 4 ]
[ 9 256 11648 0 2 ]
[ 9 384 11392 0 2 ]
[ 9 384 11520 0 5 ]
[ 9 384 11648 0 3 ]
[ 9 512 11392 0 1 ]
[ 9 512 11520 0 1 ]
[ 9 512 11648 0 3 ]
[ 9 639 11392 0 1 ]
[ 9 639 11520 0 3 ]
[ 9 639 11648 0 2 ]
[ 9 768 11392 0 4 ]
[ 9 768 11520 0 1 ]
[ 9 768 11648 0 1 ]
[ 9 896 11392 0 2 ]
[ 9 896 11520 0 5 ]
[ 9 896 11648 0 3 ]
[ 9 1024 11392 0 0 ]
[ 9 1024 11520 0 2 ]
[ 9 1024 11648 0 0 ]
[ 9 1152 11392 0 0 ]
[ 9 1152 11520 0 4 ]
[ 9 1152 11648 0 2 ]
[ 9 1280 11392 0 4 ]
[ 9 1280 11520 0 0 ]
[ 9 1280 11648 0 3 ]
[ 9 1408 11392 0 3 ]
[ 9 1408 11520 0 0 ]
[ 9 1408 11648 0 1 ]
[ 9 1536 11520 0 0 ]
[ 9 1536 11648 0 4 ]
[ 9 1664 11392 0 1 ]
[ 9 1664 11520 0 4 ]
[ 9 1664 11648 0 3 ]
[ 9 1792 11392 0 0 ]
[ 9 1792 11520 0 2 ]
[ 9 1792 11648 0 0 ]
[ 9 1920 11392 0 5 ]
[ 9 1920 11520 0 1 ]
[ 9 1920 11648 0 2 ]
[ 9 2048 11392 0 5 ]
[ 9 2048 11520 0 4 ]
[ 9 2048 11648 0 2 ]
[ 9 2176 11392 0 0 ]
[ 9 2176 11520 0 0 ]
[ 9 2176 11648 0 1 ]
[ 9 2304 11392 0 0 ]
[ 9 2304 11520 0 5 ]
[ 9 2304 11648 0 4 ]
[ 9 2432 11392 0 5 ]
[ 9 2432 11520 0 3 ]
[ 9 2432 11648 0 1 ]
[ 9 2560 11392 0 2 ]
[ 9 2560 11520 0 0 ]
[ 9 2560 11648 0 0 ]
[ 9 2688 11392 0 3 ]
[ 9 2688 11520 0 2 ]
[ 9 2688 11648 0 4 ]
[ 9 2816 11392 0 2 ]
[ 9 2816 11520 0 3 ]
[ 9 2944 11392 0 2 ]
[ 9 2944 11520 0 2 ]
[ 9 2944 11648 0 4 ]
[ 9 3072 11392 0 3 ]
[ 9 3072 11520 0 1 ]
[ 9 3072 11648 0 5 ]
[ 9 3200 11392 0 0 ]
[ 9 3200 11520 0 1 ]
[ 9 3200 11648 0 5 ]
[ 9 3328 11520 0 2 ]
[ 9 3328 11648 0 0 ]
[ 9 3456 11392 0 3 ]
[ 9 3456 11520 0 4 ]
[ 9 3456 11648 0 0 ]
[ 9 3584 11392 0 2 ]
[ 9 3584 11520 0 2 ]
[ 9 3584 11648 0 2 ]
[ 9 3712 11392 0 4 ]
[ 9 3712 11520 0 2 ]
[ 9 3712 11648 0 5 ]
[ 9 3840 11392 0 0 ]
[ 9 3840 11520 0 5 ]
[ 9 3840 11648 0 4 ]
[ 9 3968 11392 0 5 ]
[ 9 3968 11520 0 2 ]
[ 9 3968 11648 0 4 ]
[ 9 4096 11392 0 5 ]
[ 9 4096 11648 0 5 ]
[ 9 4224 11392 0 2 ]
[ 9 4224 11520 0 0 ]
[ 9 4224 11648 0 3 ]
[ 9 4352 11392 0 1 ]
[ 9 4352 11648 0 2 ]
[ 9 4480 11392 0 0 ]
[ 9 4480 11520 0 0 ]
[ 9 4480 11648 0 5 ]
[ 9 4608 11392 0 5 ]
[ 9 4608 11520 0 5 ]
[ 9 5120 11392 0 2 ]
[ 9 5120 11520 0 2 ]
[ 9 5120 11648 0 2 ]
[ 9 4992 11648 0 2 ]
[ 9 4992 11392 0 2 ]
[ 9 4864 11392 0 2 ]
[ 9 4864 11648 0 2 ]
[ 9 4864 11520 0 3 ]
[ 9 4992 11520 0 3 ]
[ 9 4608 11648 0 3 ]
[ 9 4096 11520 0 4 ]
[ 9 4352 11520 0 0 ]
[ 12 4736 11520 0 5 ]
[ 12 4736 11648 0 5 ]
[ 12 4736 11392 0 5 ]
[ 9 1536 11392 0 1 ]
[ 9 2816 11648 0 1 ]
[ 9 3328 11392 0 2 ]
[ 43 4736 11264 90 1 ]
[ 43 4736 11776 270 1 ]
[ 18 4736 11776 270 8 ]
[ 18 4736 11264 270 8 ]
[ 22 6912 640 0 0 ]
[ 22 7040 640 0 0 ]
[ 22 7168 640 0 0 ]
[ 22 7296 640 0 0 ]
[ 22 7424 640 0 0 ]
[ 22 7552 640 0 0 ]
[ 22 7680 640 0 0 ]
[ 22 7808 640 0 0 ]
[ 22 7936 640 0 0 ]
[ 22 8064 640 0 0 ]
[ 22 8192 640 0 0 ]
[ 22 8320 640 0 0 ]
[ 22 8320 512 0 0 ]
[ 22 8192 512 0 0 ]
[ 22 8064 512 0 0 ]
[ 22 7552 384 0 0 ]
[ 22 7296 384 0 0 ]
[ 22 7040 384 0 0 ]
[ 22 6912 384 0 0 ]
[ 22 7424 512 0 0 ]
[ 22 7936 512 0 0 ]
[ 22 7808 512 0 0 ]
[ 22 7680 512 0 0 ]
[ 22 7552 512 0 0 ]
[ 22 7296 512 0 0 ]
[ 22 7168 512 0 0 ]
[ 22 7040 512 0 0 ]
[ 22 6912 512 0 0 ]
[ 22 7168 384 0 0 ]
[ 22 7424 384 0 0 ]
[ 22 7680 384 0 0 ]
[ 22 7808 384 0 0 ]
[ 22 7936 384 0 0 ]
[ 22 8064 384 0 0 ]
[ 22 8192 384 0 0 ]
[ 22 8320 384 0 0 ]
[ 43 -896 11776 450 0 ]
[ 43 -896 11264 270 0 ]
[ 100 -5632 512 561 ]
[ 102 4480 512 217 -3584 0 ]
[ 102 1920 896 152 0 7424 ]
[ 104 1887 7872 Flowers_-------> ]
[ 102 4992 8064 256 0 3456 ]
[ 104 1851 11294 <--------_finish ]
[ 100 4992 8064 1136 ]
[ 102 384 512 256 3584 0 ]
[ 103 4864 11520 384 1.2 ]
[ 103 1920 8320 384 1.2 ]
[ 100 4992 11520 812 ]
[ 100 -1152 11520 260 ]
Electric
PLayer -5633.37 509.75