Does_not_exist
Map_basic
[ 10 640 0 0 0 ]
[ 10 1152 -512 0 0 ]
[ 10 1664 -1024 0 0 ]
[ 10 1664 -512 0 0 ]
[ 10 128 -1024 0 0 ]
[ 10 128 -512 0 0 ]
[ 10 128 0 0 0 ]
[ 10 128 512 0 0 ]
[ 10 639 512 0 0 ]
[ 10 1152 512 0 0 ]
[ 10 1664 512 0 0 ]
[ 10 1664 0 0 0 ]
[ 10 640 256 90 0 ]
[ 10 384 511 90 0 ]
[ 10 896 512 90 0 ]
[ 10 896 256 90 0 ]
[ 10 896 0 90 0 ]
[ 10 384 0 90 0 ]
[ 10 1408 0 90 0 ]
[ 10 1152 256 90 0 ]
[ 10 1408 511 90 0 ]
[ 10 1664 -256 90 0 ]
[ 10 1408 -256 90 0 ]
[ 10 1152 -256 90 0 ]
[ 10 895 -256 90 0 ]
[ 10 896 -512 90 0 ]
[ 10 384 -256 90 0 ]
[ 10 384 -512 90 0 ]
[ 10 128 -256 90 0 ]
[ 10 128 -768 90 0 ]
[ 10 640 -1024 90 0 ]
[ 10 384 -768 90 0 ]
[ 10 640 -768 90 0 ]
[ 10 896 -1024 90 0 ]
[ 10 1151 -768 90 0 ]
[ 10 1664 -768 90 0 ]
[ 11 768 -512 180 0 ]
[ 11 640 -384 270 0 ]
[ 11 768 -256 360 0 ]
[ 11 896 -640 90 0 ]
[ 11 1152 -896 90 0 ]
[ 11 1152 -640 90 0 ]
[ 11 1152 -384 90 0 ]
[ 11 896 384 90 0 ]
[ 11 1152 384 90 0 ]
[ 11 1024 -1 180 0 ]
[ 11 768 -1 180 0 ]
[ 11 512 -1 180 0 ]
[ 11 1279 -1 180 0 ]
[ 11 1536 -1 180 0 ]
[ 11 1663 128 270 0 ]
[ 11 1663 384 270 0 ]
[ 11 1536 512 360 0 ]
[ 11 1279 512 0 0 ]
[ 11 1408 128 270 0 ]
[ 11 384 -128 270 0 ]
[ 11 384 128 270 0 ]
[ 11 384 -384 270 0 ]
[ 11 128 -384 270 0 ]
[ 11 128 128 270 0 ]
[ 11 128 384 270 0 ]
[ 11 256 512 360 0 ]
[ 11 512 512 0 0 ]
[ 11 640 384 90 0 ]
[ 11 640 -896 90 0 ]
[ 11 512 -512 180 0 ]
[ 11 384 -640 270 0 ]
[ 11 384 -896 270 0 ]
[ 11 512 -1024 360 0 ]
[ 11 128 -896 90 0 ]
[ 11 1663 -896 90 0 ]
[ 11 1536 -1024 180 0 ]
[ 11 1536 -512 180 0 ]
[ 11 1279 -1024 180 0 ]
[ 11 1536 -768 180 0 ]
[ 11 1663 -384 270 0 ]
[ 11 1536 -256 360 0 ]
[ 11 1279 -256 0 0 ]
[ 11 896 -1152 90 0 ]
[ 11 896 -1280 90 0 ]
[ 11 896 -1408 90 0 ]
[ 11 896 -1536 90 0 ]
[ 11 896 -1664 90 0 ]
[ 11 896 -1792 90 0 ]
[ 11 640 640 90 0 ]
[ 11 640 768 90 0 ]
[ 11 640 896 90 0 ]
[ 11 640 1024 90 0 ]
[ 11 640 1152 90 0 ]
[ 11 640 1280 180 0 ]
[ 11 896 640 90 0 ]
[ 11 896 768 90 0 ]
[ 11 896 896 90 0 ]
[ 11 896 1024 90 0 ]
[ 11 896 1152 90 0 ]
[ 11 896 1280 90 0 ]
[ 11 384 -1792 270 0 ]
[ 11 384 -1664 270 0 ]
[ 11 384 -1536 270 0 ]
[ 11 384 -1408 270 0 ]
[ 11 384 -1280 270 0 ]
[ 11 384 -1152 270 0 ]
[ 11 128 -1152 270 0 ]
[ 11 128 -1280 270 0 ]
[ 11 128 -1408 270 0 ]
[ 11 128 -1536 270 0 ]
[ 11 128 -1664 270 0 ]
[ 11 128 -1792 270 0 ]
[ 11 1152 -1152 270 0 ]
[ 11 1152 -1280 270 0 ]
[ 11 1152 -1408 270 0 ]
[ 11 1152 -1536 270 0 ]
[ 11 1152 -1664 270 0 ]
[ 11 0 -769 0 0 ]
[ 11 -128 -769 0 0 ]
[ 11 -257 -769 0 0 ]
[ 11 -384 -769 0 0 ]
[ 11 -512 -769 0 0 ]
[ 11 -640 -769 0 0 ]
[ 11 -768 -769 0 0 ]
[ 11 -1280 -769 0 0 ]
[ 11 -1408 -769 0 0 ]
[ 11 -1536 -769 0 0 ]
[ 11 -1536 -512 0 0 ]
[ 11 -1408 -512 0 0 ]
[ 11 -1280 -512 0 0 ]
[ 11 -768 -512 0 0 ]
[ 11 -640 -512 0 0 ]
[ 11 -512 -512 0 0 ]
[ 11 -384 -512 0 0 ]
[ 11 -257 -512 0 0 ]
[ 11 -128 -512 0 0 ]
[ 11 0 -512 0 0 ]
[ 11 1792 -769 0 0 ]
[ 11 1920 -769 0 0 ]
[ 11 3456 -769 0 0 ]
[ 11 3328 -769 0 0 ]
[ 11 3200 -769 0 0 ]
[ 11 3072 -769 0 0 ]
[ 11 2944 -769 0 0 ]
[ 11 2816 -769 0 0 ]
[ 11 2175 -769 0 0 ]
[ 11 2047 -769 0 0 ]
[ 11 3456 -512 0 0 ]
[ 11 3328 -512 0 0 ]
[ 11 3200 -512 0 0 ]
[ 11 3072 -512 0 0 ]
[ 11 2944 -512 0 0 ]
[ 11 2816 -512 0 0 ]
[ 11 2175 -512 0 0 ]
[ 11 2047 -512 0 0 ]
[ 11 1920 -512 0 0 ]
[ 11 1792 -512 0 0 ]
[ 11 1792 -256 0 0 ]
[ 11 1920 -256 0 0 ]
[ 11 2047 -256 0 0 ]
[ 11 2175 -256 0 0 ]
[ 11 2816 -256 0 0 ]
[ 11 2944 -256 0 0 ]
[ 11 3072 -256 0 0 ]
[ 11 3200 -256 0 0 ]
[ 11 3328 -256 0 0 ]
[ 11 3456 -256 0 0 ]
[ 11 3456 -1 0 0 ]
[ 11 3328 -1 0 0 ]
[ 11 3200 -1 0 0 ]
[ 11 3072 -1 0 0 ]
[ 11 2944 -1 0 0 ]
[ 11 2816 -1 0 0 ]
[ 11 2175 -1 0 0 ]
[ 11 2047 -1 0 0 ]
[ 11 1920 -1 0 0 ]
[ 11 1792 -1 0 0 ]
[ 11 -1536 -256 0 0 ]
[ 11 -1408 -256 0 0 ]
[ 11 -1280 -256 0 0 ]
[ 11 -768 -256 0 0 ]
[ 11 -640 -256 0 0 ]
[ 11 -512 -256 0 0 ]
[ 11 -384 -256 0 0 ]
[ 11 -257 -256 0 0 ]
[ 11 -128 -256 0 0 ]
[ 11 0 -256 0 0 ]
[ 11 0 -1 0 0 ]
[ 11 -128 -1 0 0 ]
[ 11 -257 -1 0 0 ]
[ 11 -384 -1 0 0 ]
[ 11 -512 -1 0 0 ]
[ 11 -640 -1 0 0 ]
[ 11 -768 -1 0 0 ]
[ 11 -1280 -1 0 0 ]
[ 11 -1408 -1 0 0 ]
[ 11 -1536 -1 0 0 ]
[ 11 1152 -1792 90 0 ]
[ 11 1152 640 270 0 ]
[ 11 1152 768 270 0 ]
[ 11 1152 896 270 0 ]
[ 11 1152 1024 270 0 ]
[ 11 1152 1152 270 0 ]
[ 11 1152 1280 270 0 ]
[ 10 768 1408 180 0 ]
[ 10 1024 1408 180 0 ]
[ 10 -1664 -128 180 0 ]
[ 10 -1664 -640 180 0 ]
[ 10 3584 -128 180 0 ]
[ 10 3456 -640 180 0 ]
[ 10 256 -1920 180 0 ]
[ 10 1023 -1920 180 0 ]
[ 11 768 -1024 360 0 ]
[ 11 2304 -769 0 0 ]
[ 11 2432 -769 0 0 ]
[ 11 2687 -769 0 0 ]
[ 11 2559 -769 0 0 ]
[ 11 2687 -512 0 0 ]
[ 11 2559 -512 0 0 ]
[ 11 2432 -512 0 0 ]
[ 11 2304 -512 0 0 ]
[ 11 2304 -256 0 0 ]
[ 11 2432 -256 0 0 ]
[ 11 2559 -256 0 0 ]
[ 11 2687 -256 0 0 ]
[ 11 2687 -1 0 0 ]
[ 11 2559 -1 0 0 ]
[ 11 2432 -1 0 0 ]
[ 11 2304 -1 0 0 ]
[ 11 -896 -769 0 0 ]
[ 11 -1024 -769 0 0 ]
[ 11 -1152 -769 0 0 ]
[ 11 -1152 -512 0 0 ]
[ 11 -1024 -512 0 0 ]
[ 11 -896 -512 0 0 ]
[ 11 -1152 -256 0 0 ]
[ 11 -1024 -256 0 0 ]
[ 11 -896 -256 0 0 ]
[ 11 -896 -1 0 0 ]
[ 11 -1024 -1 0 0 ]
[ 11 -1152 -1 0 0 ]
[ 15 640 -512 0 crystal 0 1 ]
[ 15 1408 256 360 crystal 1 1 ]
[ 15 384 256 360 crystal 2 1 ]
[ 3 1408 -512 0 2 ]
[ 3 128 256 0 2 ]
[ 3 1663 256 0 2 ]
[ 3 384 -1024 0 2 ]
[ 3 1152 -1024 0 2 ]
[ 3 640 -256 0 2 ]
[ 3 896 -768 0 2 ]
[ 10 1408 -768 0 0 ]
[ 15 1152 0 360 barmode 0 1 ]
[ 3 1408 -1024 0 2 ]
Movables
Map_floor
[ 11 256 -768 270 0 ]
[ 11 256 -512 270 0 ]
[ 11 256 -256 270 0 ]
[ 11 256 0 270 0 ]
[ 11 256 256 270 0 ]
[ 11 384 -768 270 0 ]
[ 11 384 -512 270 0 ]
[ 11 384 -256 270 0 ]
[ 11 384 0 270 0 ]
[ 11 384 256 270 0 ]
[ 11 384 384 270 0 ]
[ 11 512 -768 270 0 ]
[ 11 512 -256 270 0 ]
[ 11 512 0 270 0 ]
[ 11 512 256 270 0 ]
[ 11 640 -768 270 0 ]
[ 11 640 -512 270 0 ]
[ 11 640 -256 270 0 ]
[ 11 640 -128 270 0 ]
[ 11 640 128 270 0 ]
[ 11 640 256 270 0 ]
[ 11 768 -768 270 0 ]
[ 11 896 -768 270 0 ]
[ 11 896 -512 270 0 ]
[ 11 896 -256 270 0 ]
[ 11 896 -128 270 0 ]
[ 11 896 128 270 0 ]
[ 11 896 256 270 0 ]
[ 11 1024 -512 270 0 ]
[ 11 1024 -256 270 0 ]
[ 11 1152 -768 270 0 ]
[ 11 1152 -512 270 0 ]
[ 11 1152 -256 270 0 ]
[ 11 1152 -128 270 0 ]
[ 11 1152 128 270 0 ]
[ 11 1152 256 270 0 ]
[ 11 1280 -768 270 0 ]
[ 11 1280 0 270 0 ]
[ 11 1280 256 270 0 ]
[ 11 1408 -640 270 0 ]
[ 11 1408 -512 270 0 ]
[ 11 1408 -384 270 0 ]
[ 11 1408 -256 270 0 ]
[ 11 1408 -128 270 0 ]
[ 11 1408 256 270 0 ]
[ 11 1408 384 270 0 ]
[ 11 1536 256 270 0 ]
[ 11 -1408 -640 270 0 ]
[ 11 -1280 -640 270 0 ]
[ 11 -768 -640 270 0 ]
[ 11 -640 -640 270 0 ]
[ 11 -513 -640 270 0 ]
[ 11 -384 -640 270 0 ]
[ 11 -256 -640 270 0 ]
[ 11 -128 -640 270 0 ]
[ 11 0 -640 270 0 ]
[ 11 128 -640 270 0 ]
[ 11 1663 -640 270 0 ]
[ 11 1792 -640 270 0 ]
[ 11 1920 -640 270 0 ]
[ 11 2048 -640 270 0 ]
[ 11 2176 -640 270 0 ]
[ 11 2816 -640 270 0 ]
[ 11 2944 -640 270 0 ]
[ 11 3072 -640 270 0 ]
[ 11 3200 -640 270 0 ]
[ 11 3456 -640 270 0 ]
[ 11 1663 -128 270 0 ]
[ 11 1792 -128 270 0 ]
[ 11 1920 -128 270 0 ]
[ 11 2048 -128 270 0 ]
[ 11 2176 -128 270 0 ]
[ 11 2816 -128 270 0 ]
[ 11 2944 -128 270 0 ]
[ 11 3072 -128 270 0 ]
[ 11 3200 -128 270 0 ]
[ 11 3328 -128 270 0 ]
[ 11 -1408 -128 270 0 ]
[ 11 -1280 -128 270 0 ]
[ 11 -768 -128 270 0 ]
[ 11 -640 -128 270 0 ]
[ 11 -513 -128 270 0 ]
[ 11 -384 -128 270 0 ]
[ 11 -256 -128 270 0 ]
[ 11 -128 -128 270 0 ]
[ 11 128 -128 270 0 ]
[ 11 256 -1664 270 0 ]
[ 11 256 -1536 270 0 ]
[ 11 256 -1408 270 0 ]
[ 11 256 -1280 270 0 ]
[ 11 256 -1152 270 0 ]
[ 11 1024 -1664 270 0 ]
[ 11 1024 -1536 270 0 ]
[ 11 1024 -1408 270 0 ]
[ 11 1024 -1280 270 0 ]
[ 11 1024 -1152 270 0 ]
[ 11 768 512 270 0 ]
[ 11 768 768 270 0 ]
[ 11 768 896 270 0 ]
[ 11 768 1024 270 0 ]
[ 11 768 1152 270 0 ]
[ 11 1024 640 270 0 ]
[ 11 1024 768 270 0 ]
[ 11 1024 896 270 0 ]
[ 11 1024 1024 270 0 ]
[ 11 1024 1152 270 0 ]
[ 14 -1536 -512 270 0 ]
[ 14 -1408 -512 270 0 ]
[ 14 -1281 -512 270 0 ]
[ 14 -768 -512 270 0 ]
[ 14 -640 -512 270 0 ]
[ 14 -512 -512 270 0 ]
[ 14 -384 -512 270 0 ]
[ 14 -256 -512 270 0 ]
[ 14 -128 -512 270 0 ]
[ 14 0 -512 270 0 ]
[ 14 -1536 -768 270 0 ]
[ 14 -1408 -768 270 0 ]
[ 14 -1281 -768 270 0 ]
[ 14 -768 -768 270 0 ]
[ 14 -640 -768 270 0 ]
[ 14 -512 -768 270 0 ]
[ 14 -384 -768 270 0 ]
[ 14 -256 -768 270 0 ]
[ 14 -128 -768 270 0 ]
[ 14 0 -768 270 0 ]
[ 14 -1536 -256 270 0 ]
[ 14 -1408 -256 270 0 ]
[ 14 -1281 -256 270 0 ]
[ 14 -768 -256 270 0 ]
[ 14 -640 -256 270 0 ]
[ 14 -512 -256 270 0 ]
[ 14 -384 -256 270 0 ]
[ 14 -256 -256 270 0 ]
[ 14 -128 -256 270 0 ]
[ 14 0 -256 270 0 ]
[ 14 -1536 0 270 0 ]
[ 14 -1408 0 270 0 ]
[ 14 -1281 0 270 0 ]
[ 14 -768 0 270 0 ]
[ 14 -640 0 270 0 ]
[ 14 -512 0 270 0 ]
[ 14 -384 0 270 0 ]
[ 14 -256 0 270 0 ]
[ 14 -128 0 270 0 ]
[ 14 0 0 270 0 ]
[ 14 128 -384 270 0 ]
[ 14 128 -896 270 0 ]
[ 14 128 128 270 0 ]
[ 14 128 384 270 0 ]
[ 14 128 -1152 270 0 ]
[ 14 128 -1280 270 0 ]
[ 14 128 -1408 270 0 ]
[ 14 128 -1536 270 0 ]
[ 14 128 -1664 270 0 ]
[ 14 128 -1792 270 0 ]
[ 14 384 -1792 270 0 ]
[ 14 384 -1664 270 0 ]
[ 14 384 -1536 270 0 ]
[ 14 384 -1408 270 0 ]
[ 14 384 -1280 270 0 ]
[ 14 384 -1152 270 0 ]
[ 14 512 -1024 270 0 ]
[ 14 895 -1152 270 0 ]
[ 14 895 -1280 270 0 ]
[ 14 895 -1408 270 0 ]
[ 14 895 -1536 270 0 ]
[ 14 895 -1664 270 0 ]
[ 14 895 -1792 270 0 ]
[ 14 1152 -1792 270 0 ]
[ 14 1152 -1664 270 0 ]
[ 14 1152 -1536 270 0 ]
[ 14 1152 -1408 270 0 ]
[ 14 1152 -1280 270 0 ]
[ 14 1152 -1152 270 0 ]
[ 14 1280 -1024 270 0 ]
[ 14 1536 -1024 270 0 ]
[ 14 1664 -896 270 0 ]
[ 14 1792 -768 270 0 ]
[ 14 1920 -768 270 0 ]
[ 14 2048 -768 270 0 ]
[ 14 2176 -768 270 0 ]
[ 14 2816 -768 270 0 ]
[ 14 2944 -768 270 0 ]
[ 14 3072 -768 270 0 ]
[ 14 3200 -768 270 0 ]
[ 14 3456 -768 270 0 ]
[ 14 3328 -768 270 0 ]
[ 14 3456 -512 270 0 ]
[ 14 3328 -512 270 0 ]
[ 14 3200 -512 270 0 ]
[ 14 3072 -512 270 0 ]
[ 14 2944 -512 270 0 ]
[ 14 2816 -512 270 0 ]
[ 14 2176 -512 270 0 ]
[ 14 2048 -512 270 0 ]
[ 14 1920 -512 270 0 ]
[ 14 1792 -512 270 0 ]
[ 14 1664 -384 270 0 ]
[ 14 1792 -256 270 0 ]
[ 14 1920 -256 270 0 ]
[ 14 2048 -256 270 0 ]
[ 14 2176 -256 270 0 ]
[ 14 2816 -256 270 0 ]
[ 14 2944 -256 270 0 ]
[ 14 3072 -256 270 0 ]
[ 14 3200 -256 270 0 ]
[ 14 3328 -256 270 0 ]
[ 14 3456 -256 270 0 ]
[ 14 3456 0 270 0 ]
[ 14 3328 0 270 0 ]
[ 14 3200 0 270 0 ]
[ 14 3072 0 270 0 ]
[ 14 2944 0 270 0 ]
[ 14 2816 0 270 0 ]
[ 14 2176 0 270 0 ]
[ 14 2048 0 270 0 ]
[ 14 1920 0 270 0 ]
[ 14 1792 0 270 0 ]
[ 14 1664 128 270 0 ]
[ 14 256 512 270 0 ]
[ 14 512 512 270 0 ]
[ 14 640 640 270 0 ]
[ 11 768 640 270 0 ]
[ 14 1152 768 270 0 ]
[ 14 1152 640 270 0 ]
[ 14 1664 384 270 0 ]
[ 14 1536 512 270 0 ]
[ 14 1280 512 270 0 ]
[ 14 1152 1024 270 0 ]
[ 14 1152 1280 270 0 ]
[ 14 1152 896 270 0 ]
[ 14 640 768 270 0 ]
[ 14 640 896 270 0 ]
[ 14 640 1152 270 0 ]
[ 14 640 1280 270 0 ]
[ 14 640 1024 270 0 ]
[ 14 895 768 270 0 ]
[ 14 895 640 270 0 ]
[ 14 895 896 270 0 ]
[ 14 895 1024 270 0 ]
[ 14 895 1280 270 0 ]
[ 14 1536 -768 270 0 ]
[ 14 1152 -896 270 0 ]
[ 14 1152 -640 270 0 ]
[ 14 1152 -384 270 0 ]
[ 14 1280 -256 270 0 ]
[ 14 1536 -256 270 0 ]
[ 14 1536 -512 270 0 ]
[ 14 896 -640 270 0 ]
[ 14 768 -512 270 0 ]
[ 14 512 -512 270 0 ]
[ 14 384 -640 270 0 ]
[ 14 384 -896 270 0 ]
[ 14 640 -896 270 0 ]
[ 14 640 -384 270 0 ]
[ 14 384 -384 270 0 ]
[ 14 384 -128 270 0 ]
[ 14 384 128 270 0 ]
[ 14 512 0 270 0 ]
[ 14 768 0 270 0 ]
[ 14 1280 0 270 0 ]
[ 14 1536 0 270 0 ]
[ 14 1024 0 270 0 ]
[ 14 640 384 270 0 ]
[ 14 896 384 270 0 ]
[ 14 1152 384 270 0 ]
[ 14 1408 128 270 0 ]
[ 11 1280 -512 270 0 ]
[ 11 1408 -896 270 0 ]
[ 43 -1536 -128 360 0 ]
[ 43 3456 -128 180 0 ]
[ 43 -1536 -640 0 1 ]
[ 43 3328 -640 180 1 ]
[ 43 1024 -1792 450 2 ]
[ 43 256 -1792 90 4 ]
[ 43 768 1280 270 4 ]
[ 43 1024 1280 270 2 ]
[ 14 1152 1152 270 0 ]
[ 14 896 1152 270 0 ]
[ 14 768 -1024 0 0 ]
[ 14 768 -256 0 0 ]
[ 11 2304 -640 270 0 ]
[ 11 2432 -640 270 0 ]
[ 11 2560 -640 270 0 ]
[ 11 2688 -640 270 0 ]
[ 11 2304 -128 270 0 ]
[ 11 2432 -128 270 0 ]
[ 11 2560 -128 270 0 ]
[ 11 2688 -128 270 0 ]
[ 14 2304 -768 270 0 ]
[ 14 2432 -768 270 0 ]
[ 14 2560 -768 270 0 ]
[ 14 2688 -768 270 0 ]
[ 14 2688 -512 270 0 ]
[ 14 2560 -512 270 0 ]
[ 14 2432 -512 270 0 ]
[ 14 2304 -512 270 0 ]
[ 14 2304 -256 270 0 ]
[ 14 2432 -256 270 0 ]
[ 14 2560 -256 270 0 ]
[ 14 2688 -256 270 0 ]
[ 14 2688 0 270 0 ]
[ 14 2560 0 270 0 ]
[ 14 2432 0 270 0 ]
[ 14 2304 0 270 0 ]
[ 11 -1152 -640 270 0 ]
[ 11 -1024 -640 270 0 ]
[ 11 -897 -640 270 0 ]
[ 11 -1152 -128 270 0 ]
[ 11 -1024 -128 270 0 ]
[ 11 -897 -128 270 0 ]
[ 14 -1152 -512 270 0 ]
[ 14 -1024 -512 270 0 ]
[ 14 -896 -512 270 0 ]
[ 14 -1152 -768 270 0 ]
[ 14 -1024 -768 270 0 ]
[ 14 -896 -768 270 0 ]
[ 14 -1152 -256 270 0 ]
[ 14 -1024 -256 270 0 ]
[ 14 -896 -256 270 0 ]
[ 14 -1152 0 270 0 ]
[ 14 -1024 0 270 0 ]
[ 14 -896 0 270 0 ]
[ 11 896 -896 90 0 ]
[ 15 1024 -896 0 crystal 9 0 ]
[ 11 1024 -768 0 0 ]
[ 11 1024 512 90 0 ]
[ 11 256 -1024 90 0 ]
[ 11 1024 -1024 90 0 ]
[ 11 1024 256 90 0 ]
[ 11 768 256 90 0 ]
[ 16 255 -640 0 crystal 1 1 ]
[ 11 -1 -128 90 0 ]
[ 16 1024 -640 0 crystal 2 1 ]
[ 16 1024 -384 0 crystal 2 1 ]
[ 15 1280 -896 0 crystal 2 0 ]
[ 15 512 384 0 crystal 2 0 ]
[ 15 256 384 0 crystal 2 0 ]
[ 15 1280 384 0 crystal 1 0 ]
[ 15 1535 384 0 crystal 1 0 ]
[ 15 1535 127 0 crystal 1 0 ]
[ 15 1535 -385 0 crystal 1 0 ]
[ 15 1535 -896 0 crystal 1 0 ]
[ 15 768 -896 0 crystal 9 0 ]
[ 16 512 -896 0 crystal 0 1 ]
[ 16 256 -384 0 crystal 0 1 ]
[ 41 1280 -640 90 barmode 0 1 ]
[ 41 1280 -384 90 barmode 0 1 ]
[ 41 768 -640 90 barmode 0 1 ]
[ 41 512 -640 90 barmode 0 1 ]
[ 11 640 -640 90 0 ]
[ 41 1280 -128 90 barmode 0 1 ]
[ 41 1280 128 90 barmode 0 1 ]
[ 41 1024 128 90 barmode 0 1 ]
[ 41 768 128 90 barmode 0 1 ]
[ 41 512 128 90 barmode 0 1 ]
[ 16 1536 -640 90 crystal 1 1 ]
[ 6 767 -384 180 0 ]
[ 14 896 -384 270 0 ]
[ 18 896 -384 270 11 ]
[ 40 1024 -128 0 barmode 5 0 ]
[ 40 768 -128 0 barmode 0 0 ]
[ 40 512 -128 0 barmode 0 0 ]
[ 40 512 -384 0 barmode 0 0 ]
[ 15 768 384 0 crystal 0 0 ]
[ 16 1024 384 0 crystal 0 1 ]
[ 15 256 -896 0 crystal 0 0 ]
[ 15 256 128 0 crystal 14 0 ]
[ 15 256 -128 0 crystal 14 0 ]
[ 15 1536 -128 0 crystal 14 0 ]
[ 14 1408 -1024 90 0 ]
[ 100 896 -256 2431 ]
Electric
PLayer 775.737 -124.97