Does_not_exist
Map_basic
[ 1 256 -128 90 3 ]
[ 1 512 -128 180 4 ]
[ 1 768 -128 0 4 ]
[ 1 -256 -128 270 4 ]
[ 1 -256 1152 0 3 ]
[ 1 0 1408 180 0 ]
[ 1 1280 1408 90 5 ]
[ 1 1024 1408 0 4 ]
[ 7 -128 -128 0 0 ]
[ 7 128 -128 0 0 ]
[ 7 384 -128 0 0 ]
[ 7 640 -128 0 0 ]
[ 7 896 -128 0 0 ]
[ 7 1151 -128 0 0 ]
[ 7 1280 0 90 0 ]
[ 7 1280 256 90 0 ]
[ 7 1280 512 90 0 ]
[ 7 1280 1024 90 0 ]
[ 7 1280 768 90 0 ]
[ 7 1280 1280 90 0 ]
[ 7 -256 0 90 0 ]
[ 7 -256 256 90 0 ]
[ 7 -256 512 90 0 ]
[ 7 -256 768 90 0 ]
[ 7 -256 1024 90 0 ]
[ 7 -256 1280 90 0 ]
[ 7 -128 1408 180 0 ]
[ 7 128 1408 180 0 ]
[ 7 384 1408 180 0 ]
[ 7 640 1408 180 0 ]
[ 7 896 1408 180 0 ]
[ 7 1151 1408 180 0 ]
[ 1 1280 896 90 5 ]
[ 1 768 640 0 4 ]
[ 28 -256 128 180 barmode 0 ]
[ 28 0 -128 180 barmode 1 ]
[ 28 1280 1152 270 barmode 2 ]
[ 1 512 640 0 0 ]
[ 27 768 384 630 dmode 4 1 ]
[ 26 1280 384 180 dmode 4 0 ]
[ 1 256 896 0 2 ]
[ 27 256 639 180 dmode 5 1 ]
[ 26 256 384 180 dmode 5 0 ]
[ 27 512 1408 270 dmode 6 1 ]
[ 26 1280 640 540 dmode 6 0 ]
[ 2 -256 896 0 dmode 7 0 ]
[ 27 256 1408 630 dmode 8 1 ]
[ 26 512 896 450 dmode 8 0 ]
[ 28 -256 1408 180 barmode 8 ]
[ 28 1280 -128 180 barmode 9 ]
[ 18 0 1152 0 1 ]
[ 6 0 128 0 1 ]
[ 3 -256 384 0 1 ]
[ 3 -256 640 0 1 ]
[ 3 1024 -128 0 1 ]
[ 3 1024 128 0 1 ]
[ 3 1280 128 0 1 ]
[ 3 768 896 0 1 ]
[ 3 512 384 0 1 ]
[ 1 768 1408 180 4 ]
Movables
Map_floor
[ 39 256 0 180 barmode 0 1 ]
[ 39 256 128 180 barmode 0 1 ]
[ 39 256 256 180 barmode 0 1 ]
[ 38 -128 384 180 barmode 0 0 ]
[ 38 0 384 180 barmode 0 0 ]
[ 38 128 384 180 barmode 0 0 ]
[ 39 512 0 180 barmode 1 1 ]
[ 39 512 128 180 barmode 1 1 ]
[ 39 512 256 180 barmode 1 1 ]
[ 38 -128 640 180 barmode 1 0 ]
[ 38 0 640 180 barmode 1 0 ]
[ 38 128 640 180 barmode 1 0 ]
[ 3 640 640 0 dmode 3 1 ]
[ 3 512 768 90 dmode 3 1 ]
[ 2 384 640 180 dmode 3 0 ]
[ 2 512 512 270 dmode 3 0 ]
[ 4 896 1152 360 0 ]
[ 4 896 1280 0 0 ]
[ 4 1024 1024 90 0 ]
[ 4 1152 1024 90 0 ]
[ 5 896 1024 450 0 ]
[ 3 768 512 270 dmode 4 1 ]
[ 2 640 384 360 dmode 4 0 ]
[ 3 256 768 90 dmode 4 1 ]
[ 2 384 896 180 dmode 4 0 ]
[ 3 256 512 270 dmode 5 1 ]
[ 2 384 384 360 dmode 5 0 ]
[ 3 768 1024 270 dmode 6 1 ]
[ 3 768 1152 270 dmode 6 1 ]
[ 3 768 1280 270 dmode 6 1 ]
[ 2 1024 896 0 dmode 6 0 ]
[ 2 896 896 0 dmode 6 0 ]
[ 2 1152 896 0 dmode 6 0 ]
[ 3 639 896 0 dmode 7 1 ]
[ 3 768 768 90 dmode 7 1 ]
[ 3 896 640 180 dmode 8 1 ]
[ 3 1023 640 180 dmode 8 1 ]
[ 3 1152 640 180 dmode 8 1 ]
[ 2 -128 896 180 dmode 8 0 ]
[ 2 0 896 180 dmode 8 0 ]
[ 2 128 896 180 dmode 8 0 ]
[ 41 256 1024 180 barmode 8 1 ]
[ 41 256 1152 180 barmode 8 1 ]
[ 41 256 1280 180 barmode 8 1 ]
[ 40 512 1024 180 barmode 8 0 ]
[ 40 512 1152 180 barmode 8 0 ]
[ 40 512 1280 180 barmode 8 0 ]
[ 38 768 0 180 barmode 9 0 ]
[ 38 768 128 180 barmode 9 0 ]
[ 38 768 256 180 barmode 9 0 ]
[ 39 896 383 180 barmode 9 1 ]
[ 39 1024 383 180 barmode 9 1 ]
[ 39 1151 383 180 barmode 9 1 ]
[ 6 1152 0 270 0 ]
[ 1 0 256 0 0 ]
[ 1 128 256 90 0 ]
[ 1 128 128 270 0 ]
[ 1 0 128 180 0 ]
[ 1 128 0 270 0 ]
[ 1 0 0 270 0 ]
[ 1 -128 256 270 0 ]
[ 1 -128 128 0 0 ]
[ 1 -128 0 270 0 ]
[ 1 -128 768 270 0 ]
[ 1 0 768 90 0 ]
[ 1 128 768 180 0 ]
[ 1 639 256 0 0 ]
[ 1 639 128 0 0 ]
[ 1 639 0 180 0 ]
[ 21 384 0 270 0 ]
[ 21 384 128 270 0 ]
[ 21 384 256 270 0 ]
[ 21 896 0 270 0 ]
[ 21 896 128 270 0 ]
[ 21 896 256 270 0 ]
[ 21 1024 256 270 0 ]
[ 21 1152 256 270 0 ]
[ 21 -128 512 270 0 ]
[ 21 0 512 270 0 ]
[ 21 128 512 270 0 ]
[ 21 0 1024 270 0 ]
[ 21 128 1024 270 0 ]
[ 21 128 1152 270 0 ]
[ 21 128 1280 270 0 ]
[ 21 0 1280 270 0 ]
[ 21 0 1152 270 0 ]
[ 21 -128 1024 270 0 ]
[ 21 -128 1152 270 0 ]
[ 21 -128 1280 270 0 ]
[ 21 640 1024 270 0 ]
[ 21 640 1152 270 0 ]
[ 21 640 1280 270 0 ]
[ 21 896 768 270 0 ]
[ 21 1024 768 270 0 ]
[ 21 1152 768 270 0 ]
[ 1 384 1024 270 0 ]
[ 1 384 1152 90 0 ]
[ 1 384 1280 270 0 ]
[ 1 896 512 180 0 ]
[ 1 1024 512 0 0 ]
[ 1 1152 512 0 0 ]
[ 17 384 768 270 dmode 13 0 ]
[ 3 1024 0 270 dmode 13 1 ]
[ 3 1152 128 360 dmode 13 1 ]
[ 17 640 768 0 dmode 14 0 ]
[ 17 383 512 0 dmode 14 0 ]
[ 17 640 512 0 dmode 14 0 ]
[ 100 512 640 750 ]
Electric
[ 36 1280 1280 270 barmode 2 ]
[ 25 1280 1408 450 ]
[ 27 1280 1152 630 ]
[ 34 1024 1280 450 barmode 2 0 ]
[ 31 1024 1408 450 0 ]
[ 37 1152 1280 810 dmode 3 ]
[ 27 1024 1152 540 ]
[ 28 1152 1152 540 ]
PLayer 638.421 130.96