Does_not_exist
Map_basic
[ 13 384 384 270 0 ]
[ 13 2432 384 0 0 ]
[ 13 384 384 0 0 ]
[ 13 384 1152 0 0 ]
[ 13 896 1152 0 0 ]
[ 13 2432 1152 0 0 ]
[ 13 1408 1152 0 0 ]
[ 12 512 1152 360 2 ]
[ 12 640 1152 0 0 ]
[ 12 768 1152 0 1 ]
[ 12 1024 1152 360 2 ]
[ 12 1152 1152 0 0 ]
[ 12 1280 1152 0 1 ]
[ 12 1536 1152 360 2 ]
[ 12 1664 1152 0 0 ]
[ 12 1792 1152 0 1 ]
[ 12 384 1024 90 1 ]
[ 12 384 896 90 0 ]
[ 12 384 512 90 2 ]
[ 12 2432 1024 450 1 ]
[ 12 2432 512 810 2 ]
[ 12 384 128 90 2 ]
[ 12 384 256 90 1 ]
[ 13 1920 0 0 0 ]
[ 13 1407 0 0 0 ]
[ 13 896 0 0 0 ]
[ 12 512 0 360 2 ]
[ 12 640 0 0 0 ]
[ 12 768 0 0 1 ]
[ 12 1024 0 360 2 ]
[ 12 1152 0 0 0 ]
[ 12 1280 0 0 1 ]
[ 12 1536 0 360 2 ]
[ 12 1664 0 0 0 ]
[ 12 1792 0 0 1 ]
[ 12 2048 0 360 2 ]
[ 12 2176 0 0 0 ]
[ 12 2304 0 0 1 ]
[ 13 2432 0 90 0 ]
[ 13 1920 1152 90 0 ]
[ 12 2048 1152 360 2 ]
[ 12 2176 1152 0 0 ]
[ 12 2304 1152 0 1 ]
[ 12 384 640 90 0 ]
[ 12 384 768 90 0 ]
[ 24 640 384 90 lmode 0 0 ]
[ 25 512 384 180 0 ]
[ 25 768 384 180 0 ]
[ 25 1024 384 180 0 ]
[ 25 1280 384 180 0 ]
[ 25 1536 384 180 0 ]
[ 25 1792 384 180 0 ]
[ 25 2304 384 180 0 ]
[ 25 2048 384 180 0 ]
[ 24 1152 384 180 lmode 2 0 ]
[ 24 1664 384 180 lmode 4 0 ]
[ 24 2176 384 180 lmode 6 0 ]
[ 24 896 384 90 lmode 1 0 ]
[ 24 1408 384 270 lmode 3 0 ]
[ 24 1920 384 180 lmode 5 0 ]
[ 13 2816 384 90 0 ]
[ 13 2816 0 90 0 ]
[ 12 2688 0 180 2 ]
[ 12 2560 0 180 1 ]
[ 12 2432 640 450 0 ]
[ 12 2432 768 90 0 ]
[ 12 2432 896 90 0 ]
[ 12 2816 512 450 2 ]
[ 12 2816 640 90 0 ]
[ 12 2816 896 90 0 ]
[ 12 2816 768 90 0 ]
[ 13 2816 1152 90 0 ]
[ 12 2816 1024 90 1 ]
[ 12 2560 1152 180 1 ]
[ 12 2688 1152 540 2 ]
[ 3 2560 1024 0 3 ]
[ 6 2688 1024 0 3 ]
[ 13 3967 0 90 0 ]
[ 13 3967 1152 90 0 ]
[ 25 2944 0 180 0 ]
[ 25 3072 0 180 0 ]
[ 25 3200 0 180 0 ]
[ 25 3328 0 180 0 ]
[ 25 3456 0 180 0 ]
[ 25 3584 0 180 0 ]
[ 25 3712 0 180 0 ]
[ 25 3840 0 180 0 ]
[ 25 3967 128 270 0 ]
[ 25 3967 256 270 0 ]
[ 25 3967 384 270 0 ]
[ 25 3967 512 270 0 ]
[ 25 3967 768 270 0 ]
[ 25 3967 896 270 0 ]
[ 25 3967 1024 270 0 ]
[ 25 3840 1152 0 0 ]
[ 25 3712 1152 0 0 ]
[ 25 3584 1152 0 0 ]
[ 25 3328 1152 0 0 ]
[ 25 3200 1152 0 0 ]
[ 25 3072 1152 0 0 ]
[ 25 2944 1152 0 0 ]
[ 13 3456 1152 180 0 ]
[ 13 3456 640 180 0 ]
[ 13 3968 640 180 0 ]
[ 12 3584 640 180 1 ]
[ 12 3712 640 180 0 ]
[ 12 3840 640 180 2 ]
[ 3 3712 896 0 3 ]
[ 13 384 0 0 0 ]
[ 31 3200 1024 0 4 ]
[ 31 2944 1024 0 4 ]
Movables
[ 2560 512 0 ]
[ 2688 512 0 ]
[ 2560 896 0 ]
Map_floor
[ 24 2432 128 90 lmode 7 1 ]
[ 24 2432 256 90 lmode 7 1 ]
[ 13 640 128 0 0 ]
[ 13 1024 128 0 0 ]
[ 13 1152 128 0 0 ]
[ 13 1792 128 0 0 ]
[ 13 1920 256 0 0 ]
[ 13 1792 256 0 0 ]
[ 13 1152 256 0 0 ]
[ 13 512 256 0 0 ]
[ 13 512 128 0 0 ]
[ 20 640 256 0 0 ]
[ 20 896 128 0 0 ]
[ 20 1664 128 0 0 ]
[ 20 2176 256 90 0 ]
[ 13 2176 128 90 0 ]
[ 13 2304 128 0 0 ]
[ 13 2304 256 0 0 ]
[ 13 2048 256 0 0 ]
[ 13 1920 128 0 0 ]
[ 13 2048 128 0 0 ]
[ 13 1536 256 0 0 ]
[ 13 1664 256 0 0 ]
[ 13 1536 128 0 0 ]
[ 13 1408 256 0 0 ]
[ 13 1280 256 0 0 ]
[ 13 768 128 0 0 ]
[ 13 768 256 0 0 ]
[ 13 896 256 0 0 ]
[ 13 1024 256 0 0 ]
[ 13 1408 128 0 0 ]
[ 13 1280 128 0 0 ]
[ 24 2560 384 0 lmode 8 1 ]
[ 24 2688 384 0 lmode 8 1 ]
[ 24 2816 128 90 lmode 9 1 ]
[ 24 2816 256 90 lmode 9 1 ]
[ 20 2560 640 90 0 ]
[ 20 2560 512 90 0 ]
[ 20 2688 512 90 0 ]
[ 20 2688 640 90 0 ]
[ 20 2688 768 90 0 ]
[ 20 2560 1024 90 0 ]
[ 20 2560 896 90 0 ]
[ 20 2560 768 90 0 ]
[ 20 2688 896 90 0 ]
[ 20 2688 1024 90 0 ]
[ 13 2688 256 90 0 ]
[ 13 2560 128 90 0 ]
[ 20 2560 256 90 0 ]
[ 20 2688 128 90 0 ]
[ 24 3456 768 270 lmode 12 1 ]
[ 24 3456 896 270 lmode 12 1 ]
[ 24 3456 1024 270 lmode 12 1 ]
[ 6 3584 768 270 0 ]
[ 6 3712 768 270 0 ]
[ 6 3712 1024 270 0 ]
[ 6 3584 1024 270 0 ]
[ 6 3584 896 270 0 ]
[ 6 3712 896 270 0 ]
[ 6 3840 1024 270 0 ]
[ 6 3840 896 270 0 ]
[ 6 3840 768 270 0 ]
[ 42 3072 128 270 0 ]
[ 42 3072 256 270 0 ]
[ 42 3072 384 270 0 ]
[ 42 3072 512 270 0 ]
[ 42 3072 640 270 0 ]
[ 42 3072 768 270 0 ]
[ 42 3072 896 270 0 ]
[ 42 3072 1024 270 0 ]
[ 42 3328 1024 270 0 ]
[ 42 3328 896 270 0 ]
[ 42 3328 768 270 0 ]
[ 42 3328 640 270 0 ]
[ 42 3328 512 270 0 ]
[ 42 3712 256 270 0 ]
[ 42 3840 256 270 0 ]
[ 42 3712 512 270 0 ]
[ 42 3840 512 270 0 ]
[ 100 1536 640 1171 ]
[ 100 3200 512 937 ]
Electric
[ 33 512 768 2610 lmode 0 ]
[ 26 512 896 90 ]
[ 26 512 640 90 ]
[ 26 640 640 90 ]
[ 26 640 896 90 ]
[ 27 640 512 180 ]
[ 27 640 1024 810 ]
[ 34 896 512 360 lmode 1 0 ]
[ 35 896 1024 0 lmode 1 1 ]
[ 26 768 1024 0 ]
[ 26 768 512 0 ]
[ 33 1152 640 720 lmode 2 ]
[ 33 1152 896 180 lmode 2 ]
[ 27 1152 1024 360 ]
[ 26 1024 1024 0 ]
[ 26 1024 512 0 ]
[ 27 1152 512 270 ]
[ 26 1024 896 180 ]
[ 26 1024 640 180 ]
[ 26 896 640 180 ]
[ 26 896 896 180 ]
[ 27 768 896 450 ]
[ 27 768 640 180 ]
[ 28 768 768 450 ]
[ 26 896 768 180 ]
[ 26 1024 768 180 ]
[ 26 1152 768 180 ]
[ 33 1408 768 990 lmode 3 ]
[ 26 1280 768 360 ]
[ 27 1280 640 0 ]
[ 27 1280 896 270 ]
[ 27 1280 1024 810 ]
[ 27 1280 512 180 ]
[ 34 1408 512 360 lmode 3 0 ]
[ 35 1408 1024 180 lmode 3 1 ]
[ 27 1408 640 540 ]
[ 27 1408 896 450 ]
[ 26 1536 512 180 ]
[ 26 1664 512 180 ]
[ 26 1536 896 180 ]
[ 26 1536 1024 180 ]
[ 33 1664 896 180 lmode 4 ]
[ 33 1536 640 180 lmode 4 ]
[ 27 1536 768 450 ]
[ 26 1664 768 180 ]
[ 26 1664 640 180 ]
[ 35 1920 512 360 lmode 5 1 ]
[ 35 1920 1024 360 lmode 5 1 ]
[ 35 1920 768 180 lmode 5 1 ]
[ 34 1920 640 360 lmode 5 0 ]
[ 34 1920 896 0 lmode 5 0 ]
[ 26 1792 1024 0 ]
[ 26 1792 896 0 ]
[ 26 1792 768 0 ]
[ 26 1792 640 0 ]
[ 26 1792 512 0 ]
[ 28 1664 1024 0 ]
[ 31 2304 896 0 0 ]
[ 31 2304 640 0 0 ]
[ 37 2304 512 0 lmode 7 ]
[ 34 2176 640 360 lmode 6 0 ]
[ 34 2176 1024 360 lmode 6 0 ]
[ 35 2176 896 360 lmode 6 1 ]
[ 35 2176 768 0 lmode 6 1 ]
[ 26 2048 512 0 ]
[ 26 2176 512 0 ]
[ 26 2048 640 0 ]
[ 26 2048 768 0 ]
[ 26 2048 896 0 ]
[ 26 2048 1024 0 ]
[ 28 640 768 270 ]
[ 30 512 1024 450 1 ]
[ 31 512 512 630 0 ]
[ 37 2304 768 360 lmode 8 ]
[ 37 2304 1024 0 lmode 9 ]
[ 46 2944 1024 450 0 ]
[ 46 3200 1024 90 0 ]
[ 26 2944 896 90 ]
[ 26 2944 768 90 ]
[ 26 2944 512 90 ]
[ 26 2944 640 90 ]
[ 26 3200 896 90 ]
[ 26 3200 768 90 ]
[ 26 3200 640 90 ]
[ 33 3456 384 270 lmode 10 ]
[ 37 2944 0 630 lmode 10 ]
[ 33 3584 512 270 lmode 11 ]
[ 37 3200 0 270 lmode 11 ]
[ 26 2944 256 270 ]
[ 26 2944 384 270 ]
[ 26 3200 256 270 ]
[ 26 3200 384 270 ]
[ 26 3200 512 270 ]
[ 27 3456 512 450 ]
[ 30 3840 128 360 1 ]
[ 37 2816 384 990 lmode 12 ]
[ 27 3328 384 90 ]
[ 27 3328 128 180 ]
[ 26 3328 256 270 ]
[ 26 3456 128 360 ]
[ 26 3584 128 0 ]
[ 26 3712 128 0 ]
[ 27 3584 640 90 ]
[ 26 3712 640 180 ]
[ 31 3840 384 0 0 ]
[ 28 3584 384 450 ]
[ 26 3840 640 180 ]
[ 35 3712 384 0 lmode 11 1 ]
[ 27 3456 256 180 ]
[ 27 3584 256 270 ]
[ 26 2816 511 270 ]
[ 26 2816 640 270 ]
[ 26 2816 768 270 ]
[ 26 2816 896 270 ]
[ 26 2816 1024 270 ]
[ 27 3968 1152 360 ]
[ 28 3968 640 630 ]
[ 26 3968 512 270 ]
[ 26 3968 384 270 ]
[ 26 2944 1152 360 ]
[ 26 3072 1152 0 ]
[ 26 3200 1152 0 ]
[ 26 3328 1152 0 ]
[ 26 3456 1152 0 ]
[ 26 3584 1152 0 ]
[ 26 3712 1152 0 ]
[ 26 3840 1152 0 ]
[ 26 3968 1024 90 ]
[ 26 3968 896 90 ]
[ 26 3968 768 90 ]
[ 28 2816 1152 360 ]
[ 35 2688 1152 0 lmode 11 1 ]
[ 31 2560 1152 180 0 ]
[ 31 3968 128 270 0 ]
[ 35 3968 256 270 lmode 10 1 ]
[ 26 3200 128 90 ]
[ 26 2944 128 90 ]
PLayer 1097.88 218.842