Does_not_exist
Map_basic
[ 8 256 256 0 0 ]
[ 8 1024 256 0 0 ]
[ 8 1408 256 0 0 ]
[ 8 1792 256 0 0 ]
[ 8 2176 256 0 0 ]
[ 8 2560 256 0 0 ]
[ 8 2944 256 0 0 ]
[ 9 256 384 90 0 ]
[ 9 256 512 90 0 ]
[ 8 640 256 180 0 ]
[ 9 1152 256 180 0 ]
[ 9 1280 256 180 0 ]
[ 9 1536 256 180 0 ]
[ 9 1664 256 180 0 ]
[ 9 1920 256 180 0 ]
[ 9 2304 256 180 0 ]
[ 9 2688 256 180 0 ]
[ 9 2816 256 180 0 ]
[ 9 2944 384 270 0 ]
[ 9 2944 512 270 0 ]
[ 9 768 1152 0 0 ]
[ 9 896 1152 0 0 ]
[ 9 1024 1152 0 0 ]
[ 9 1152 1152 0 0 ]
[ 9 1280 1152 0 0 ]
[ 9 1408 1152 0 0 ]
[ 9 1536 1152 0 0 ]
[ 9 1664 1152 0 0 ]
[ 9 1792 1152 0 0 ]
[ 9 1920 1152 0 0 ]
[ 9 2048 1152 0 0 ]
[ 9 2688 1152 0 0 ]
[ 9 2816 1152 0 0 ]
[ 9 1024 448 90 0 ]
[ 9 1024 512 90 0 ]
[ 9 1408 512 90 0 ]
[ 9 1408 384 90 0 ]
[ 9 1792 512 90 0 ]
[ 9 1792 384 90 0 ]
[ 9 2176 512 90 0 ]
[ 9 2176 384 90 0 ]
[ 9 2560 512 90 0 ]
[ 9 2560 384 90 0 ]
[ 11 768 640 180 0 ]
[ 11 896 640 180 0 ]
[ 11 1152 640 180 0 ]
[ 11 1280 640 180 0 ]
[ 11 2047 640 180 0 ]
[ 11 2688 640 180 0 ]
[ 11 2816 640 180 0 ]
[ 6 512 256 0 0 ]
[ 14 512 384 0 0 ]
[ 9 768 256 360 0 ]
[ 3 896 256 0 0 ]
[ 17 896 640 90 0 ]
[ 17 768 640 90 0 ]
[ 8 256 0 270 0 ]
[ 8 2944 0 270 0 ]
[ 9 384 0 0 0 ]
[ 9 512 0 0 0 ]
[ 9 768 0 0 0 ]
[ 9 896 0 0 0 ]
[ 9 1152 0 0 0 ]
[ 9 1280 0 0 0 ]
[ 9 1536 0 0 0 ]
[ 9 1664 0 0 0 ]
[ 9 1920 0 0 0 ]
[ 9 2048 0 0 0 ]
[ 9 2304 0 0 0 ]
[ 9 2432 0 0 0 ]
[ 9 2688 0 0 0 ]
[ 9 2816 0 0 0 ]
[ 16 256 128 90 0 ]
[ 16 2944 128 90 1 ]
[ 15 1024 640 0 crystal 9 1 ]
[ 3 640 640 0 2 ]
[ 6 1280 383 0 0 ]
[ 6 1664 383 0 0 ]
[ 6 1280 384 0 0 ]
[ 6 1664 383 0 0 ]
[ 2 384 1408 0 dmode 11 0 ]
[ 8 2176 1152 0 0 ]
[ 8 2560 1152 0 0 ]
[ 8 2560 1536 0 0 ]
[ 8 2176 1536 0 0 ]
[ 8 256 1536 0 0 ]
[ 8 640 1152 0 0 ]
[ 9 384 1536 0 0 ]
[ 9 512 1536 0 0 ]
[ 9 640 1536 720 0 ]
[ 9 768 1536 0 0 ]
[ 9 896 1536 0 0 ]
[ 9 1024 1536 0 0 ]
[ 9 1152 1536 0 0 ]
[ 9 1280 1536 0 0 ]
[ 9 1408 1536 0 0 ]
[ 9 1536 1536 0 0 ]
[ 9 1664 1536 720 0 ]
[ 9 1792 1536 0 0 ]
[ 9 1920 1536 0 0 ]
[ 9 2048 1536 0 0 ]
[ 9 2304 1536 0 0 ]
[ 9 2432 1536 0 0 ]
[ 9 256 1408 270 0 ]
[ 9 256 1280 270 0 ]
[ 15 640 1408 360 lmode 11 1 ]
[ 15 2176 1408 0 lmode 11 1 ]
[ 2 1920 1408 0 dmode 19 0 ]
[ 2 896 1408 0 dmode 12 0 ]
[ 2 1152 1408 0 dmode 13 0 ]
[ 2 1408 1408 0 dmode 7 0 ]
[ 2 1664 1408 0 dmode 15 0 ]
[ 9 2560 1408 90 0 ]
[ 9 2560 1280 90 0 ]
[ 2 2432 1408 90 dmode 20 0 ]
[ 11 1920 640 180 0 ]
[ 3 2048 256 0 0 ]
[ 8 1024 0 0 0 ]
[ 8 2176 0 0 0 ]
[ 8 1792 0 0 0 ]
[ 8 640 0 0 0 ]
[ 8 2560 0 0 0 ]
[ 19 1408 0 0 0 ]
[ 10 1408 640 0 0 ]
[ 10 1792 640 0 0 ]
[ 10 2176 640 0 0 ]
[ 10 2560 640 0 0 ]
[ 23 4608 640 180 0 ]
[ 23 4736 640 180 0 ]
[ 23 4864 640 180 0 ]
[ 23 4992 640 180 0 ]
[ 23 5120 640 180 0 ]
[ 23 5248 640 180 0 ]
[ 23 5376 640 180 0 ]
[ 23 5504 640 180 0 ]
[ 23 5632 640 180 0 ]
[ 23 5760 640 180 0 ]
[ 23 5888 640 180 0 ]
[ 23 6016 640 180 0 ]
[ 23 6144 640 180 0 ]
[ 23 6272 640 180 0 ]
[ 22 4480 640 180 0 ]
[ 22 6528 640 180 0 ]
[ 23 6400 640 180 0 ]
[ 23 5632 1152 180 0 ]
[ 23 5376 1152 180 0 ]
[ 23 4736 1152 180 0 ]
[ 23 4864 1152 180 0 ]
[ 23 4992 1152 180 0 ]
[ 23 5120 1152 180 0 ]
[ 23 5248 1152 180 0 ]
[ 23 5504 1152 180 0 ]
[ 23 5760 1152 180 0 ]
[ 23 5888 1152 180 0 ]
[ 23 6016 1152 180 0 ]
[ 23 6144 1152 180 0 ]
[ 23 6272 1152 180 0 ]
[ 23 6400 1152 180 0 ]
[ 22 6528 1152 180 0 ]
[ 23 4608 1152 180 0 ]
[ 22 4480 1152 180 0 ]
[ 22 2944 1152 90 0 ]
[ 22 2944 1664 90 0 ]
[ 22 2944 640 90 0 ]
[ 22 3456 640 90 0 ]
[ 22 3967 640 90 0 ]
[ 22 3967 1664 90 0 ]
[ 22 3456 1664 90 0 ]
[ 23 3072 1664 360 0 ]
[ 23 3200 1664 0 0 ]
[ 23 3328 1664 0 0 ]
[ 23 3584 1664 0 0 ]
[ 23 3711 1664 0 0 ]
[ 23 3840 1664 0 0 ]
[ 23 4352 1664 0 0 ]
[ 23 4224 1664 0 0 ]
[ 23 4096 1664 0 0 ]
[ 22 4480 1664 90 0 ]
[ 23 3200 640 360 0 ]
[ 23 3072 640 0 0 ]
[ 23 3328 640 0 0 ]
[ 23 3584 640 0 0 ]
[ 23 3840 640 0 0 ]
[ 23 3711 640 0 0 ]
[ 23 4352 640 0 0 ]
[ 23 4224 640 0 0 ]
[ 23 4096 640 0 0 ]
[ 10 3200 896 0 0 ]
[ 10 3200 1152 0 0 ]
[ 10 3200 1408 0 0 ]
[ 10 4224 1152 0 0 ]
[ 10 4224 896 0 0 ]
[ 10 4224 1408 0 0 ]
[ 23 4480 1280 90 0 ]
[ 23 4480 1408 90 0 ]
[ 23 4480 1536 90 0 ]
[ 23 2944 1280 90 0 ]
[ 23 2944 1408 90 0 ]
[ 23 2944 1536 90 0 ]
[ 14 3328 896 360 0 ]
[ 14 3584 896 0 0 ]
[ 14 3456 896 0 1 ]
[ 14 3712 896 0 2 ]
[ 14 3840 896 0 2 ]
[ 14 3968 896 0 0 ]
[ 14 4096 896 0 1 ]
[ 11 3328 896 0 0 ]
[ 11 3456 896 0 0 ]
[ 11 3584 896 0 0 ]
[ 11 3712 896 0 0 ]
[ 11 3840 896 0 0 ]
[ 11 3968 896 0 0 ]
[ 11 4096 896 0 0 ]
[ 14 3328 1152 0 2 ]
[ 14 3456 1152 0 2 ]
[ 14 3584 1152 0 1 ]
[ 14 3712 1152 0 0 ]
[ 14 3840 1152 0 1 ]
[ 14 3968 1152 0 2 ]
[ 14 4096 1152 0 1 ]
[ 14 4096 1408 0 1 ]
[ 14 3968 1408 0 0 ]
[ 14 3840 1408 0 1 ]
[ 14 3712 1408 0 1 ]
[ 14 3584 1408 0 2 ]
[ 14 3456 1408 0 0 ]
[ 14 3328 1408 0 2 ]
[ 11 3328 1152 0 0 ]
[ 11 3456 1152 0 0 ]
[ 11 3584 1152 0 0 ]
[ 11 3712 1152 0 0 ]
[ 11 3840 1152 0 0 ]
[ 11 3968 1152 0 0 ]
[ 11 4096 1152 0 0 ]
[ 11 3328 1408 0 0 ]
[ 11 3456 1408 0 0 ]
[ 11 3584 1408 0 0 ]
[ 11 3712 1408 0 0 ]
[ 11 3840 1408 0 0 ]
[ 11 3968 1408 0 0 ]
[ 11 4096 1408 0 0 ]
[ 22 256 640 0 0 ]
[ 22 -1408 1152 0 0 ]
[ 3 256 1152 0 0 ]
[ 22 -1408 640 0 0 ]
[ 23 -1152 640 0 0 ]
[ 23 -1280 640 0 0 ]
[ 23 -1024 640 0 0 ]
[ 23 -896 640 0 0 ]
[ 23 -768 640 0 0 ]
[ 23 -640 640 0 0 ]
[ 23 -512 640 0 0 ]
[ 23 -384 640 0 0 ]
[ 23 -256 640 0 0 ]
[ 23 -128 640 0 0 ]
[ 23 0 640 0 0 ]
[ 23 128 640 0 0 ]
[ 23 128 1152 0 0 ]
[ 23 0 1152 0 0 ]
[ 23 -128 1152 0 0 ]
[ 23 -256 1152 0 0 ]
[ 23 -384 1152 0 0 ]
[ 23 -512 1152 0 0 ]
[ 23 -640 1152 0 0 ]
[ 23 -768 1152 0 0 ]
[ 23 -896 1152 0 0 ]
[ 23 -1024 1152 0 0 ]
[ 23 -1152 1152 0 0 ]
[ 23 -1280 1152 0 0 ]
[ 23 -2304 640 0 0 ]
[ 23 -1792 640 0 0 ]
[ 23 -1664 640 0 0 ]
[ 23 -1536 640 0 0 ]
[ 23 -2048 640 0 0 ]
[ 23 -2176 640 0 0 ]
[ 23 -2304 1152 0 0 ]
[ 23 -2176 1152 0 0 ]
[ 23 -2048 1152 0 0 ]
[ 23 -1792 1152 0 0 ]
[ 23 -1664 1152 0 0 ]
[ 23 -1536 1152 0 0 ]
[ 22 -2432 1152 0 0 ]
[ 22 -2432 640 0 0 ]
[ 23 -4608 640 0 0 ]
[ 23 -4480 640 0 0 ]
[ 23 -4352 640 0 0 ]
[ 23 -4224 640 0 0 ]
[ 23 -4096 640 0 0 ]
[ 23 -3968 640 0 0 ]
[ 23 -3840 640 0 0 ]
[ 23 -3712 640 0 0 ]
[ 23 -3584 640 0 0 ]
[ 23 -3456 640 0 0 ]
[ 23 -3328 640 0 0 ]
[ 23 -3200 640 0 0 ]
[ 23 -2816 640 0 0 ]
[ 23 -2688 640 0 0 ]
[ 23 -2560 640 0 0 ]
[ 23 -2560 1152 0 0 ]
[ 23 -2688 1152 0 0 ]
[ 23 -2816 1152 0 0 ]
[ 23 -2944 1152 0 0 ]
[ 23 -3072 1152 0 0 ]
[ 23 -3200 1152 0 0 ]
[ 23 -3328 1152 0 0 ]
[ 23 -3456 1152 0 0 ]
[ 23 -3584 1152 0 0 ]
[ 23 -3712 1152 0 0 ]
[ 23 -3840 1152 0 0 ]
[ 23 -4608 1152 0 0 ]
[ 23 -4480 1152 0 0 ]
[ 23 -4352 1152 0 0 ]
[ 23 -4224 1152 0 0 ]
[ 23 -4096 1152 0 0 ]
[ 23 -3968 1152 0 0 ]
[ 17 -2432 768 0 0 ]
[ 17 -2432 896 0 0 ]
[ 17 -2432 1024 0 0 ]
[ 22 -1920 1152 0 0 ]
[ 22 -1920 639 0 0 ]
[ 23 -2944 639 180 0 ]
[ 23 -3072 639 180 0 ]
[ 3 2432 384 0 0 ]
[ 9 2432 256 180 0 ]
[ 6 2816 384 0 0 ]
[ 18 384 256 0 0 ]
Movables
Map_floor
[ 9 384 384 90 5 ]
[ 9 384 512 90 5 ]
[ 9 512 512 90 5 ]
[ 9 768 384 90 5 ]
[ 9 768 512 90 5 ]
[ 9 896 384 90 5 ]
[ 9 896 512 90 5 ]
[ 9 1152 384 90 5 ]
[ 9 1152 512 90 5 ]
[ 9 1280 512 90 5 ]
[ 9 1536 384 90 5 ]
[ 9 1536 512 90 5 ]
[ 9 1664 512 90 5 ]
[ 9 1920 384 90 5 ]
[ 9 1920 512 90 5 ]
[ 9 2048 384 90 5 ]
[ 9 2048 512 90 5 ]
[ 9 2304 384 90 5 ]
[ 9 2304 512 90 5 ]
[ 9 2432 384 90 5 ]
[ 9 2432 512 90 5 ]
[ 9 2688 384 90 5 ]
[ 9 2688 512 90 5 ]
[ 9 2816 512 90 5 ]
[ 9 384 768 0 1 ]
[ 9 384 896 0 2 ]
[ 9 384 1024 0 3 ]
[ 9 512 768 0 3 ]
[ 9 512 896 0 2 ]
[ 9 512 1024 0 0 ]
[ 9 640 768 0 5 ]
[ 9 640 896 0 2 ]
[ 9 640 1024 0 5 ]
[ 9 768 768 0 0 ]
[ 9 768 896 0 3 ]
[ 9 768 1024 0 5 ]
[ 9 896 768 0 0 ]
[ 9 896 896 0 2 ]
[ 9 896 1024 0 5 ]
[ 9 1024 768 0 2 ]
[ 9 1024 896 0 0 ]
[ 9 1024 1024 0 4 ]
[ 9 1152 768 0 3 ]
[ 9 1152 896 0 3 ]
[ 9 1152 1024 0 1 ]
[ 9 1280 768 0 0 ]
[ 9 1280 896 0 0 ]
[ 9 1280 1024 0 0 ]
[ 9 1408 768 0 1 ]
[ 9 1408 896 0 0 ]
[ 9 1408 1024 0 3 ]
[ 9 1536 768 0 0 ]
[ 9 1536 896 0 3 ]
[ 9 1536 1024 0 1 ]
[ 9 1664 768 0 1 ]
[ 9 1664 896 0 3 ]
[ 9 1664 1024 0 5 ]
[ 9 1792 768 0 0 ]
[ 9 1792 896 0 3 ]
[ 9 1792 1024 0 4 ]
[ 9 1920 768 0 2 ]
[ 9 1920 896 0 1 ]
[ 9 1920 1024 0 5 ]
[ 9 2048 768 0 2 ]
[ 9 2048 896 0 3 ]
[ 9 2048 1024 0 4 ]
[ 9 2176 768 0 1 ]
[ 9 2176 896 0 4 ]
[ 9 2176 1024 0 1 ]
[ 9 2304 768 0 0 ]
[ 9 2304 896 0 1 ]
[ 9 2304 1024 0 2 ]
[ 9 2432 768 0 2 ]
[ 9 2432 896 0 0 ]
[ 9 2432 1024 0 4 ]
[ 9 2560 768 0 1 ]
[ 9 2560 896 0 5 ]
[ 9 2560 1024 0 1 ]
[ 9 2688 768 0 3 ]
[ 9 2688 896 0 1 ]
[ 9 2688 1024 0 0 ]
[ 9 2816 768 0 0 ]
[ 9 2816 896 0 5 ]
[ 9 2816 1024 0 1 ]
[ 4 768 640 270 0 ]
[ 4 896 640 270 0 ]
[ 4 1152 640 270 0 ]
[ 4 1280 640 270 0 ]
[ 4 1536 640 270 0 ]
[ 4 1664 640 270 0 ]
[ 4 2688 640 270 0 ]
[ 4 2816 640 270 0 ]
[ 41 640 384 270 barmode 0 1 ]
[ 18 640 384 270 9 ]
[ 17 512 384 270 barmode 0 0 ]
[ 9 512 384 270 5 ]
[ 18 1024 384 90 9 ]
[ 41 640 512 270 barmode 0 1 ]
[ 18 640 512 270 9 ]
[ 43 256 128 360 0 ]
[ 43 2944 128 180 0 ]
[ 18 512 255 0 9 ]
[ 16 384 128 0 crystal 9 1 ]
[ 16 512 128 0 crystal 9 1 ]
[ 16 640 128 0 crystal 9 1 ]
[ 16 768 128 0 crystal 9 1 ]
[ 16 896 128 0 crystal 9 1 ]
[ 16 1024 128 0 crystal 9 1 ]
[ 16 1151 128 0 crystal 9 1 ]
[ 16 1280 128 0 crystal 9 1 ]
[ 16 1408 128 0 crystal 9 1 ]
[ 16 1536 128 0 crystal 9 1 ]
[ 16 1664 128 0 crystal 9 1 ]
[ 16 1792 128 0 crystal 9 1 ]
[ 16 1920 128 0 crystal 9 1 ]
[ 16 2048 128 0 crystal 9 1 ]
[ 16 2176 128 0 crystal 9 1 ]
[ 16 2304 128 0 crystal 9 1 ]
[ 16 2816 128 0 crystal 9 1 ]
[ 16 2688 128 0 crystal 9 1 ]
[ 16 2560 128 0 crystal 9 1 ]
[ 16 2432 128 0 crystal 9 1 ]
[ 43 1280 383 180 1 ]
[ 43 1663 383 180 1 ]
[ 18 1664 640 180 11 ]
[ 18 1536 640 180 11 ]
[ 3 384 640 180 dmode 11 1 ]
[ 3 512 640 180 dmode 11 1 ]
[ 4 512 640 270 0 ]
[ 4 384 640 270 0 ]
[ 18 512 640 360 11 ]
[ 18 384 640 0 11 ]
[ 9 384 1408 270 0 ]
[ 9 384 1280 270 1 ]
[ 9 512 1280 270 1 ]
[ 9 512 1408 270 1 ]
[ 9 640 1408 270 2 ]
[ 9 768 1408 270 4 ]
[ 9 896 1408 270 0 ]
[ 9 1024 1408 270 3 ]
[ 9 1152 1408 270 4 ]
[ 9 1280 1408 270 3 ]
[ 9 1408 1408 270 4 ]
[ 9 1536 1408 270 5 ]
[ 9 1664 1408 270 0 ]
[ 9 1792 1408 270 4 ]
[ 9 1920 1408 270 3 ]
[ 9 2048 1408 270 1 ]
[ 9 2432 1280 270 0 ]
[ 9 2432 1408 270 1 ]
[ 9 2304 1408 270 1 ]
[ 9 2176 1408 270 0 ]
[ 9 2304 1280 270 0 ]
[ 9 2176 1280 270 0 ]
[ 9 2048 1280 270 1 ]
[ 9 1920 1280 270 1 ]
[ 9 1792 1280 270 3 ]
[ 9 1664 1280 270 2 ]
[ 9 1536 1280 270 0 ]
[ 9 1408 1280 270 0 ]
[ 9 1280 1280 270 4 ]
[ 9 1152 1280 270 0 ]
[ 9 1024 1280 270 5 ]
[ 9 896 1280 270 0 ]
[ 9 768 1280 270 5 ]
[ 9 640 1280 270 1 ]
[ 23 384 1152 360 lmode 11 0 ]
[ 23 512 1152 0 lmode 11 0 ]
[ 23 2304 1152 0 lmode 11 0 ]
[ 23 2432 1152 0 lmode 11 0 ]
[ 3 2432 640 180 dmode 20 1 ]
[ 4 2432 640 270 0 ]
[ 18 2432 640 0 11 ]
[ 4 1920 640 270 0 ]
[ 4 2048 640 270 0 ]
[ 3 2304 640 360 dmode 20 1 ]
[ 4 2304 640 90 0 ]
[ 18 2304 640 360 11 ]
[ 39 256 768 0 barmode 20 1 ]
[ 39 256 896 0 barmode 20 1 ]
[ 39 256 1024 0 barmode 20 1 ]
[ 38 2944 768 0 barmode 20 0 ]
[ 38 2944 896 0 barmode 20 0 ]
[ 38 2944 1024 0 barmode 20 0 ]
[ 3 4480 896 270 dmode 20 1 ]
[ 3 4480 768 270 dmode 20 1 ]
[ 3 4480 1024 270 dmode 20 1 ]
[ 22 3072 768 0 0 ]
[ 22 3072 896 0 0 ]
[ 22 3072 1024 0 0 ]
[ 22 3072 1152 0 0 ]
[ 22 3072 1280 0 0 ]
[ 22 3072 1408 0 0 ]
[ 22 3072 1536 0 0 ]
[ 22 3200 768 0 0 ]
[ 22 3200 896 0 0 ]
[ 22 3200 1024 0 0 ]
[ 22 3200 1152 0 0 ]
[ 22 3200 1280 0 0 ]
[ 22 3200 1408 0 0 ]
[ 22 3200 1536 0 0 ]
[ 22 3328 768 0 0 ]
[ 22 3328 896 0 0 ]
[ 22 3328 1024 0 0 ]
[ 22 3328 1152 0 0 ]
[ 22 3328 1280 0 0 ]
[ 22 3328 1408 0 0 ]
[ 22 3328 1536 0 0 ]
[ 22 3456 768 0 0 ]
[ 22 3456 896 0 0 ]
[ 22 3456 1024 0 0 ]
[ 22 3456 1152 0 0 ]
[ 22 3456 1280 0 0 ]
[ 22 3456 1408 0 0 ]
[ 22 3456 1536 0 0 ]
[ 22 3584 768 0 0 ]
[ 22 3584 896 0 0 ]
[ 22 3584 1024 0 0 ]
[ 22 3584 1152 0 0 ]
[ 22 3584 1280 0 0 ]
[ 22 3584 1408 0 0 ]
[ 22 3584 1536 0 0 ]
[ 22 3712 768 0 0 ]
[ 22 3712 896 0 0 ]
[ 22 3712 1024 0 0 ]
[ 22 3712 1152 0 0 ]
[ 22 3712 1280 0 0 ]
[ 22 3712 1408 0 0 ]
[ 22 3712 1536 0 0 ]
[ 22 3840 768 0 0 ]
[ 22 3840 896 0 0 ]
[ 22 3840 1024 0 0 ]
[ 22 3840 1152 0 0 ]
[ 22 3840 1280 0 0 ]
[ 22 3840 1408 0 0 ]
[ 22 3840 1536 0 0 ]
[ 22 3968 768 0 0 ]
[ 22 3968 896 0 0 ]
[ 22 3968 1024 0 0 ]
[ 22 3968 1152 0 0 ]
[ 22 3968 1280 0 0 ]
[ 22 3968 1408 0 0 ]
[ 22 3968 1536 0 0 ]
[ 22 4096 768 0 0 ]
[ 22 4096 896 0 0 ]
[ 22 4096 1024 0 0 ]
[ 22 4096 1152 0 0 ]
[ 22 4096 1280 0 0 ]
[ 22 4096 1408 0 0 ]
[ 22 4096 1536 0 0 ]
[ 22 4224 768 0 0 ]
[ 22 4224 896 0 0 ]
[ 22 4224 1024 0 0 ]
[ 22 4224 1152 0 0 ]
[ 22 4224 1280 0 0 ]
[ 22 4224 1408 0 0 ]
[ 22 4224 1536 0 0 ]
[ 22 4352 768 0 0 ]
[ 22 4352 896 0 0 ]
[ 22 4352 1024 0 0 ]
[ 22 4352 1152 0 0 ]
[ 22 4352 1280 0 0 ]
[ 22 4352 1408 0 0 ]
[ 22 4352 1536 0 0 ]
[ 22 4608 768 0 0 ]
[ 22 4608 896 0 0 ]
[ 22 4608 1024 0 0 ]
[ 22 4736 768 0 0 ]
[ 22 4736 896 0 0 ]
[ 22 4736 1024 0 0 ]
[ 22 4864 768 0 0 ]
[ 22 4864 896 0 0 ]
[ 22 4864 1024 0 0 ]
[ 22 4992 768 0 0 ]
[ 22 4992 896 0 0 ]
[ 22 4992 1024 0 0 ]
[ 22 5120 768 0 0 ]
[ 22 5120 896 0 0 ]
[ 22 5120 1024 0 0 ]
[ 22 5248 768 0 0 ]
[ 22 5248 896 0 0 ]
[ 22 5248 1024 0 0 ]
[ 22 5376 768 0 0 ]
[ 22 5376 896 0 0 ]
[ 22 5376 1024 0 0 ]
[ 22 5504 768 0 0 ]
[ 22 5504 896 0 0 ]
[ 22 5504 1024 0 0 ]
[ 22 5632 768 0 0 ]
[ 22 5632 896 0 0 ]
[ 22 5632 1024 0 0 ]
[ 22 5760 768 0 0 ]
[ 22 5760 896 0 0 ]
[ 22 5760 1024 0 0 ]
[ 22 5888 768 0 0 ]
[ 22 5888 896 0 0 ]
[ 22 5888 1024 0 0 ]
[ 22 6016 768 0 0 ]
[ 22 6016 896 0 0 ]
[ 22 6016 1024 0 0 ]
[ 22 6144 768 0 0 ]
[ 22 6144 896 0 0 ]
[ 22 6144 1024 0 0 ]
[ 22 6272 768 0 0 ]
[ 22 6272 896 0 0 ]
[ 22 6272 1024 0 0 ]
[ 22 6400 768 0 0 ]
[ 22 6400 896 0 0 ]
[ 22 6400 1024 0 0 ]
[ 22 6528 768 0 0 ]
[ 22 6528 896 0 0 ]
[ 22 6528 1024 0 0 ]
[ 6 -2304 768 0 0 ]
[ 6 -2176 768 0 0 ]
[ 6 -2048 768 0 0 ]
[ 6 -2048 896 0 0 ]
[ 6 -2048 1024 0 0 ]
[ 6 -2176 1024 0 0 ]
[ 6 -2304 1024 0 0 ]
[ 6 -2304 896 0 0 ]
[ 6 -2176 896 0 0 ]
[ 4 -1920 768 180 0 ]
[ 4 -1920 896 180 0 ]
[ 4 -1920 1024 180 0 ]
[ 22 -4608 768 180 0 ]
[ 22 -4608 896 180 0 ]
[ 22 -4608 1024 180 0 ]
[ 22 -4480 768 180 0 ]
[ 22 -4480 896 180 0 ]
[ 22 -4480 1024 180 0 ]
[ 22 -4352 768 180 0 ]
[ 22 -4352 896 180 0 ]
[ 22 -4352 1024 180 0 ]
[ 22 -4224 768 180 0 ]
[ 22 -4224 896 180 0 ]
[ 22 -4224 1024 180 0 ]
[ 22 -4096 768 180 0 ]
[ 22 -4096 896 180 0 ]
[ 22 -4096 1024 180 0 ]
[ 22 -3968 768 180 0 ]
[ 22 -3968 896 180 0 ]
[ 22 -3968 1024 180 0 ]
[ 22 -3840 768 180 0 ]
[ 22 -3840 896 180 0 ]
[ 22 -3840 1024 180 0 ]
[ 22 -3712 768 180 0 ]
[ 22 -3712 896 180 0 ]
[ 22 -3712 1024 180 0 ]
[ 22 -3584 768 180 0 ]
[ 22 -3584 896 180 0 ]
[ 22 -3584 1024 180 0 ]
[ 22 -3456 768 180 0 ]
[ 22 -3456 896 180 0 ]
[ 22 -3456 1024 180 0 ]
[ 22 -3328 768 180 0 ]
[ 22 -3328 896 180 0 ]
[ 22 -3328 1024 180 0 ]
[ 22 -3200 768 180 0 ]
[ 22 -3200 896 180 0 ]
[ 22 -3200 1024 180 0 ]
[ 22 -3072 768 180 0 ]
[ 22 -3072 896 180 0 ]
[ 22 -3072 1024 180 0 ]
[ 22 -2944 768 180 0 ]
[ 22 -2944 896 180 0 ]
[ 22 -2944 1024 180 0 ]
[ 22 -2816 768 180 0 ]
[ 22 -2816 896 180 0 ]
[ 22 -2816 1024 180 0 ]
[ 22 -2688 768 180 0 ]
[ 22 -2688 896 180 0 ]
[ 22 -2688 1024 180 0 ]
[ 22 -2560 768 180 0 ]
[ 22 -2560 896 180 0 ]
[ 22 -2560 1024 180 0 ]
[ 22 -1792 768 180 0 ]
[ 22 -1792 896 180 0 ]
[ 22 -1792 1024 180 0 ]
[ 22 -1664 768 180 0 ]
[ 22 -1664 896 180 0 ]
[ 22 -1664 1024 180 0 ]
[ 22 -1536 768 180 0 ]
[ 22 -1536 896 180 0 ]
[ 22 -1536 1024 180 0 ]
[ 22 -1408 768 180 0 ]
[ 22 -1408 896 180 0 ]
[ 22 -1408 1024 180 0 ]
[ 22 -1280 768 180 0 ]
[ 22 -1280 896 180 0 ]
[ 22 -1280 1024 180 0 ]
[ 22 -1152 768 180 0 ]
[ 22 -1152 896 180 0 ]
[ 22 -1152 1024 180 0 ]
[ 22 -1024 768 180 0 ]
[ 22 -1024 896 180 0 ]
[ 22 -1024 1024 180 0 ]
[ 22 -896 768 180 0 ]
[ 22 -896 896 180 0 ]
[ 22 -896 1024 180 0 ]
[ 22 -768 768 180 0 ]
[ 22 -768 896 180 0 ]
[ 22 -768 1024 180 0 ]
[ 22 -640 768 180 0 ]
[ 22 -640 896 180 0 ]
[ 22 -640 1024 180 0 ]
[ 22 -512 768 180 0 ]
[ 22 -512 896 180 0 ]
[ 22 -512 1024 180 0 ]
[ 22 -384 768 180 0 ]
[ 22 -384 896 180 0 ]
[ 22 -384 1024 180 0 ]
[ 22 -256 768 180 0 ]
[ 22 -256 896 180 0 ]
[ 22 -256 1024 180 0 ]
[ 22 -128 768 180 0 ]
[ 22 -128 896 180 0 ]
[ 22 -128 1024 180 0 ]
[ 22 0 768 180 0 ]
[ 22 0 896 180 0 ]
[ 22 0 1024 180 0 ]
[ 22 128 768 180 0 ]
[ 22 128 896 180 0 ]
[ 22 128 1024 180 0 ]
[ 3 -2432 768 270 dmode 20 1 ]
[ 3 -2432 896 270 dmode 20 1 ]
[ 3 -2432 1024 270 dmode 20 1 ]
[ 22 2432 256 270 0 ]
[ 43 2816 384 450 3 ]
[ 43 2432 384 1170 3 ]
[ 18 384 256 0 9 ]
[ 103 912 639 144 0.902686 ]
[ 104 382 1356 Door_1 ]
[ 104 631 1361 Blocking ]
[ 104 2166 1358 Blocking ]
[ 104 2434 1351 Door_6 ]
[ 100 768 256 480 ]
[ 100 1792 256 480 ]
[ 100 2560 256 480 ]
[ 100 640 1152 480 ]
[ 100 2176 1152 480 ]
[ 100 3712 1152 937 ]
[ 100 -768 895 937 ]
[ 100 -1920 895 937 ]
[ 103 256 128 88 0.796105 ]
Electric
PLayer 448.855 496.112