Does_not_exist
Map_basic
[ 6 1408 -6272 0 1 ]
[ 6 2432 -7040 0 1 ]
[ 1 4352 -7040 270 0 ]
[ 1 4864 -7040 270 0 ]
[ 1 5376 -7040 270 0 ]
[ 1 5888 -7040 270 0 ]
[ 1 5888 -6656 270 0 ]
[ 1 4352 -6656 270 0 ]
[ 1 4352 -6272 270 0 ]
[ 1 4864 -6272 270 0 ]
[ 1 5376 -6272 270 0 ]
[ 1 5888 -6272 270 0 ]
[ 7 4352 -6912 90 0 ]
[ 7 4352 -6784 90 0 ]
[ 7 4352 -6528 90 0 ]
[ 7 4352 -6400 90 0 ]
[ 7 4480 -6272 180 0 ]
[ 7 4992 -6272 180 0 ]
[ 7 5120 -6272 180 0 ]
[ 7 5248 -6272 180 0 ]
[ 7 5504 -6272 180 0 ]
[ 7 5760 -6272 180 0 ]
[ 7 5888 -6400 270 0 ]
[ 7 5888 -6528 270 0 ]
[ 7 5888 -6784 270 0 ]
[ 7 5888 -6912 270 0 ]
[ 7 5504 -7040 360 0 ]
[ 7 5760 -7040 0 0 ]
[ 7 4992 -7040 0 0 ]
[ 7 5248 -7040 0 0 ]
[ 7 4480 -7040 0 0 ]
[ 7 4736 -7040 0 0 ]
[ 3 4864 -6656 0 0 ]
[ 3 5376 -6656 0 0 ]
[ 6 1920 -8064 0 2 ]
[ 6 1920 -7552 270 2 ]
[ 2 5120 -7040 180 dmode 11 0 ]
[ 2 4608 -7040 270 dmode 12 0 ]
[ 2 5632 -6272 90 dmode 13 0 ]
[ 3 5632 -7040 0 1 ]
[ 6 4608 -6272 0 1 ]
[ 7 4736 -6272 180 0 ]
[ 24 3200 -7552 90 lmode 3 0 ]
[ 24 3200 -8064 90 lmode 4 0 ]
[ 24 3584 -8064 90 lmode 5 0 ]
[ 24 3584 -7552 90 lmode 0 0 ]
[ 6 3840 -7936 0 0 ]
[ 8 4608 -5248 90 0 ]
[ 8 4608 -5760 90 0 ]
[ 8 4864 -5760 90 0 ]
[ 8 4864 -5248 90 0 ]
[ 8 5632 -5760 90 0 ]
[ 8 5632 -5248 90 0 ]
[ 9 4992 -5248 180 0 ]
[ 9 5120 -5248 180 0 ]
[ 9 5248 -5248 180 0 ]
[ 9 5376 -5248 180 0 ]
[ 9 5504 -5248 180 0 ]
[ 9 4992 -5760 180 0 ]
[ 9 5120 -5760 180 0 ]
[ 9 5248 -5760 180 0 ]
[ 9 5376 -5760 180 0 ]
[ 9 5504 -5760 180 0 ]
[ 9 4736 -5760 180 0 ]
[ 9 4736 -5248 540 0 ]
[ 9 4608 -5632 270 0 ]
[ 9 4608 -5376 270 0 ]
[ 3 4608 -5504 0 0 ]
[ 6 1408 -5504 0 0 ]
[ 3 5632 -5504 0 0 ]
[ 3 5632 -5376 0 0 ]
[ 18 5632 -5632 0 0 ]
[ 14 5504 -5376 0 0 ]
[ 17 5760 -6656 0 0 ]
[ 17 5632 -6656 0 0 ]
[ 17 5504 -6656 0 0 ]
[ 17 5376 -6912 0 0 ]
[ 17 5376 -6784 0 0 ]
[ 17 5504 -6912 0 0 ]
[ 17 5504 -6784 0 0 ]
[ 17 5632 -6912 0 0 ]
[ 17 5632 -6784 0 0 ]
[ 17 5760 -6912 0 0 ]
[ 17 5760 -6784 0 0 ]
[ 17 4864 -5632 0 0 ]
[ 17 4864 -5504 0 0 ]
[ 17 4864 -5376 0 0 ]
Movables
[ 5248 -5632 0 ]
[ 5248 -5376 0 ]
[ 5248 -5504 0 ]
Map_floor
[ 21 1280 -6912 0 0 ]
[ 21 1280 -6784 0 0 ]
[ 21 1408 -6912 0 0 ]
[ 21 1408 -6784 0 0 ]
[ 21 1536 -6912 0 0 ]
[ 21 1536 -6784 0 0 ]
[ 18 1152 -7040 0 1 ]
[ 18 1663 -7040 540 1 ]
[ 18 1152 -6656 180 1 ]
[ 18 1152 -6272 180 1 ]
[ 18 1664 -6272 180 1 ]
[ 18 2175 -7040 540 1 ]
[ 18 2176 -6272 180 1 ]
[ 18 2687 -7040 540 1 ]
[ 18 2688 -6656 180 1 ]
[ 18 2688 -6272 180 1 ]
[ 21 2048 -6912 180 0 ]
[ 21 1920 -6912 180 0 ]
[ 21 1791 -6912 180 0 ]
[ 21 1791 -6784 180 0 ]
[ 21 1920 -6784 180 0 ]
[ 21 2048 -6784 180 0 ]
[ 21 2560 -6528 180 0 ]
[ 21 2560 -6400 180 0 ]
[ 21 2432 -6400 180 0 ]
[ 21 2304 -6400 180 0 ]
[ 21 2048 -6400 180 0 ]
[ 21 1920 -6400 180 0 ]
[ 21 1791 -6400 180 0 ]
[ 21 1536 -6400 180 0 ]
[ 21 1408 -6400 180 0 ]
[ 21 1280 -6400 180 0 ]
[ 21 1280 -6528 180 0 ]
[ 21 1408 -6528 180 0 ]
[ 21 1536 -6528 180 0 ]
[ 21 1791 -6528 180 0 ]
[ 21 1920 -6528 180 0 ]
[ 21 2048 -6528 180 0 ]
[ 21 2304 -6528 180 0 ]
[ 21 2432 -6528 180 0 ]
[ 18 1280 -6272 180 7 ]
[ 18 1408 -6272 180 7 ]
[ 18 1536 -6272 180 7 ]
[ 18 1792 -6272 180 7 ]
[ 18 1920 -6272 180 7 ]
[ 18 2048 -6272 180 7 ]
[ 18 2304 -6272 180 7 ]
[ 18 2432 -6272 180 2 ]
[ 18 2560 -6272 180 7 ]
[ 18 2688 -6400 270 7 ]
[ 18 2688 -6528 270 7 ]
[ 18 2688 -6784 270 7 ]
[ 18 2688 -6912 270 7 ]
[ 18 2560 -7040 360 7 ]
[ 18 2432 -7040 0 7 ]
[ 18 2304 -7040 0 7 ]
[ 18 2048 -7040 0 7 ]
[ 18 1920 -7040 0 2 ]
[ 18 1792 -7040 0 7 ]
[ 18 1536 -7040 0 7 ]
[ 18 1408 -7040 0 2 ]
[ 18 1280 -7040 0 7 ]
[ 18 1152 -6912 90 7 ]
[ 18 1152 -6784 90 7 ]
[ 18 1152 -6528 90 7 ]
[ 18 1152 -6400 90 7 ]
[ 3 1664 -6912 90 dmode 7 1 ]
[ 3 1664 -6784 90 dmode 7 1 ]
[ 3 1664 -6528 90 dmode 7 1 ]
[ 3 1664 -6400 90 dmode 7 1 ]
[ 3 2176 -6528 90 dmode 7 1 ]
[ 3 2176 -6400 90 dmode 7 1 ]
[ 2 1792 -6656 360 dmode 7 0 ]
[ 2 1920 -6656 0 dmode 7 0 ]
[ 2 2048 -6656 0 dmode 7 0 ]
[ 2 2304 -6656 180 dmode 7 0 ]
[ 2 2432 -6656 180 dmode 7 0 ]
[ 2 2560 -6656 180 dmode 7 0 ]
[ 3 2176 -6784 270 dmode 7 1 ]
[ 3 2176 -6912 270 dmode 7 1 ]
[ 3 1536 -6656 360 dmode 7 1 ]
[ 3 1408 -6656 0 dmode 7 1 ]
[ 3 1280 -6656 0 dmode 7 1 ]
[ 6 2432 -6912 0 0 ]
[ 6 2304 -6912 0 0 ]
[ 6 2304 -6784 0 0 ]
[ 6 2432 -6784 0 0 ]
[ 6 2560 -6784 0 0 ]
[ 6 2560 -6912 0 0 ]
[ 18 1664 -6656 0 3 ]
[ 18 2176 -6656 0 3 ]
[ 18 2432 -5632 360 3 ]
[ 18 2432 -5504 0 3 ]
[ 18 2432 -5376 0 3 ]
[ 18 2432 -5760 0 8 ]
[ 18 2431 -5248 0 8 ]
[ 18 1408 -5760 0 8 ]
[ 18 1408 -5248 0 8 ]
[ 18 1536 -5760 0 9 ]
[ 18 1664 -5760 0 8 ]
[ 18 1792 -5760 0 9 ]
[ 18 1920 -5760 0 9 ]
[ 18 2048 -5760 0 9 ]
[ 18 2175 -5760 0 9 ]
[ 18 2303 -5760 0 9 ]
[ 18 2303 -5248 0 9 ]
[ 18 2175 -5248 0 9 ]
[ 18 2048 -5248 0 9 ]
[ 18 1920 -5248 0 9 ]
[ 18 1792 -5248 0 9 ]
[ 18 1664 -5248 0 8 ]
[ 18 1536 -5248 0 9 ]
[ 18 1408 -5376 90 9 ]
[ 18 1408 -5504 90 9 ]
[ 18 1408 -5632 90 9 ]
[ 4 1664 -5632 180 0 ]
[ 4 1664 -5504 180 0 ]
[ 4 1664 -5376 180 0 ]
[ 6 1536 -5632 180 0 ]
[ 6 1536 -5504 180 0 ]
[ 6 1536 -5376 180 0 ]
[ 9 1792 -5504 180 0 ]
[ 9 1792 -5632 180 3 ]
[ 9 1920 -5632 180 4 ]
[ 9 2175 -5632 180 1 ]
[ 9 2303 -5632 180 3 ]
[ 9 2303 -5504 180 4 ]
[ 9 2175 -5376 180 2 ]
[ 9 2048 -5376 180 4 ]
[ 9 1792 -5376 180 3 ]
[ 9 1920 -5376 180 3 ]
[ 9 1920 -5504 180 4 ]
[ 9 2048 -5504 180 3 ]
[ 9 2175 -5504 180 0 ]
[ 9 2048 -5632 180 4 ]
[ 18 2048 -5632 180 5 ]
[ 18 2048 -5504 180 5 ]
[ 18 2048 -5376 180 5 ]
[ 18 2432 -7552 180 10 ]
[ 18 1408 -8064 180 10 ]
[ 18 2432 -8064 180 10 ]
[ 18 2304 -7936 360 15 ]
[ 9 2304 -5376 0 5 ]
[ 18 2304 -5376 0 14 ]
[ 14 1664 -8064 0 0 ]
[ 14 1792 -8064 0 0 ]
[ 14 1920 -8064 0 0 ]
[ 14 2048 -8064 0 0 ]
[ 14 2176 -8064 0 0 ]
[ 14 2304 -8064 0 0 ]
[ 14 2432 -7936 0 0 ]
[ 14 2432 -7808 0 0 ]
[ 14 2432 -7680 0 0 ]
[ 14 2304 -7552 0 0 ]
[ 14 2176 -7552 0 0 ]
[ 14 2048 -7552 0 0 ]
[ 14 1920 -7552 0 0 ]
[ 14 1792 -7552 0 0 ]
[ 14 1664 -7552 0 0 ]
[ 14 1536 -7552 0 0 ]
[ 14 1408 -7680 0 0 ]
[ 14 1408 -7808 0 0 ]
[ 14 1408 -7936 0 0 ]
[ 18 1408 -7552 180 10 ]
[ 14 1536 -8064 0 0 ]
[ 18 1536 -8064 0 11 ]
[ 18 1664 -8064 0 11 ]
[ 18 1792 -8064 0 11 ]
[ 18 1920 -8064 0 11 ]
[ 18 2048 -8064 0 11 ]
[ 18 2176 -8064 0 11 ]
[ 18 2304 -8064 0 11 ]
[ 18 2432 -7936 90 11 ]
[ 18 2432 -7808 90 11 ]
[ 18 2432 -7680 90 11 ]
[ 18 2304 -7552 180 11 ]
[ 18 2048 -7552 180 11 ]
[ 18 2176 -7552 180 11 ]
[ 18 1920 -7552 180 11 ]
[ 18 1792 -7552 180 11 ]
[ 18 1664 -7552 180 11 ]
[ 18 1536 -7552 180 11 ]
[ 18 1408 -7680 270 11 ]
[ 18 1408 -7808 270 11 ]
[ 18 1408 -7936 270 11 ]
[ 11 1536 -7936 270 0 ]
[ 11 1664 -7936 270 0 ]
[ 11 1792 -7936 270 0 ]
[ 11 2048 -7936 270 0 ]
[ 11 2176 -7936 270 0 ]
[ 11 2304 -7808 270 0 ]
[ 11 2048 -7680 270 0 ]
[ 11 1792 -7680 270 0 ]
[ 11 1664 -7680 270 0 ]
[ 11 1536 -7808 270 0 ]
[ 11 1664 -7808 270 0 ]
[ 11 1792 -7808 270 0 ]
[ 11 2048 -7808 270 0 ]
[ 11 2176 -7808 270 0 ]
[ 11 2176 -7680 270 0 ]
[ 11 2304 -7680 270 0 ]
[ 11 1536 -7680 270 0 ]
[ 16 1920 -7936 270 crystal 11 1 ]
[ 16 1920 -7808 270 crystal 11 1 ]
[ 16 1920 -7680 270 crystal 11 1 ]
[ 43 4864 -7040 450 0 ]
[ 2 4992 -6656 180 dmode 11 0 ]
[ 2 5120 -6656 180 dmode 11 0 ]
[ 2 5248 -6656 180 dmode 11 0 ]
[ 3 5376 -6912 270 dmode 11 1 ]
[ 3 5376 -6784 270 dmode 11 1 ]
[ 3 4864 -6912 270 dmode 11 1 ]
[ 3 4864 -6784 270 dmode 11 1 ]
[ 3 5504 -6656 360 dmode 12 1 ]
[ 3 5632 -6656 0 dmode 12 1 ]
[ 3 5760 -6656 0 dmode 12 1 ]
[ 3 4864 -6528 90 dmode 12 1 ]
[ 3 4864 -6400 90 dmode 12 1 ]
[ 3 5376 -6528 90 dmode 13 1 ]
[ 3 5376 -6400 90 dmode 13 1 ]
[ 3 4736 -6656 180 dmode 13 1 ]
[ 3 4608 -6656 180 dmode 13 1 ]
[ 3 4480 -6656 180 dmode 13 1 ]
[ 6 5760 -6784 180 0 ]
[ 6 5632 -6784 180 0 ]
[ 6 5504 -6784 180 0 ]
[ 6 5504 -6912 180 0 ]
[ 6 5632 -6912 180 0 ]
[ 6 5760 -6912 180 0 ]
[ 21 4480 -6528 180 0 ]
[ 21 4608 -6528 180 0 ]
[ 21 4736 -6528 180 0 ]
[ 21 4736 -6400 180 0 ]
[ 21 4608 -6400 180 0 ]
[ 21 4480 -6400 180 0 ]
[ 21 4480 -6784 180 0 ]
[ 21 4608 -6912 180 0 ]
[ 21 4736 -6912 180 0 ]
[ 21 4736 -6784 180 0 ]
[ 21 4608 -6784 180 0 ]
[ 21 4480 -6912 180 0 ]
[ 21 5120 -6912 180 0 ]
[ 21 5248 -6912 180 0 ]
[ 21 5248 -6784 180 0 ]
[ 21 5120 -6784 180 0 ]
[ 21 4992 -6784 180 0 ]
[ 21 4992 -6912 180 0 ]
[ 21 4992 -6528 180 0 ]
[ 21 5120 -6528 180 0 ]
[ 21 5248 -6528 180 0 ]
[ 21 5248 -6400 180 0 ]
[ 21 5120 -6400 180 0 ]
[ 21 4992 -6400 180 0 ]
[ 21 5504 -6528 180 0 ]
[ 21 5760 -6528 180 0 ]
[ 21 5632 -6528 180 0 ]
[ 21 5504 -6400 180 0 ]
[ 21 5632 -6400 180 0 ]
[ 21 5760 -6400 180 0 ]
[ 18 4608 -6272 180 7 ]
[ 19 1920 -8064 360 0 ]
[ 18 2944 -7552 0 13 ]
[ 18 3840 -7552 0 13 ]
[ 18 2944 -8064 0 13 ]
[ 18 3840 -8064 0 13 ]
[ 18 3072 -8064 0 12 ]
[ 18 3200 -8064 0 12 ]
[ 18 3328 -8064 0 12 ]
[ 18 3456 -8064 0 12 ]
[ 18 3584 -8064 0 12 ]
[ 18 3712 -8064 0 12 ]
[ 18 3072 -7552 180 12 ]
[ 18 3200 -7552 180 12 ]
[ 18 3328 -7552 180 12 ]
[ 18 3456 -7552 180 12 ]
[ 18 3584 -7552 180 12 ]
[ 18 3712 -7552 180 12 ]
[ 18 3840 -7808 0 3 ]
[ 18 3840 -7680 0 3 ]
[ 18 2944 -7936 0 3 ]
[ 18 2944 -7808 0 3 ]
[ 18 2944 -7680 0 3 ]
[ 24 3200 -7936 90 lmode 3 1 ]
[ 24 3200 -7808 90 lmode 3 1 ]
[ 24 3200 -7680 90 lmode 3 1 ]
[ 24 3584 -7936 90 lmode 3 1 ]
[ 24 3584 -7808 90 lmode 3 1 ]
[ 24 3584 -7680 90 lmode 3 1 ]
[ 13 3072 -7936 90 0 ]
[ 13 3072 -7808 90 0 ]
[ 13 3072 -7680 90 0 ]
[ 13 3712 -7936 90 0 ]
[ 13 3712 -7808 90 0 ]
[ 13 3712 -7680 90 0 ]
[ 20 3328 -7936 90 0 ]
[ 20 3456 -7936 90 0 ]
[ 20 3456 -7808 90 0 ]
[ 20 3328 -7808 90 0 ]
[ 20 3328 -7680 90 0 ]
[ 20 3456 -7680 90 0 ]
[ 19 3840 -7936 450 0 ]
[ 6 4736 -5632 270 0 ]
[ 6 4736 -5504 270 0 ]
[ 6 4736 -5376 270 0 ]
[ 4 4864 -5632 360 0 ]
[ 4 4864 -5504 0 0 ]
[ 4 4864 -5376 0 0 ]
[ 9 4992 -5632 0 4 ]
[ 9 5120 -5632 0 2 ]
[ 9 5248 -5632 0 2 ]
[ 9 5376 -5632 0 1 ]
[ 9 5504 -5632 0 5 ]
[ 9 5504 -5504 0 2 ]
[ 9 5504 -5376 0 0 ]
[ 9 5376 -5376 0 2 ]
[ 9 5248 -5376 0 5 ]
[ 9 4992 -5504 0 1 ]
[ 9 5248 -5504 0 2 ]
[ 9 5120 -5504 0 2 ]
[ 9 5120 -5376 0 4 ]
[ 9 4992 -5376 0 4 ]
[ 9 5376 -5504 0 0 ]
[ 100 1920 -6656 750 ]
[ 100 1920 -7808 529 ]
[ 100 1920 -5504 529 ]
[ 104 5055 -6628 Finally_the_truth! ]
Electric
PLayer 1938.75 -6663.73