Does_not_exist
Map_basic
[ 22 1536 256 0 0 ]
[ 23 1408 256 0 0 ]
[ 23 1152 256 0 0 ]
[ 22 2048 256 630 0 ]
[ 22 2560 256 270 0 ]
[ 22 3072 256 270 0 ]
[ 22 3584 768 270 0 ]
[ 22 3584 1280 270 0 ]
[ 22 1024 767 270 0 ]
[ 22 1024 1280 270 0 ]
[ 23 1024 384 270 0 ]
[ 23 1024 639 270 0 ]
[ 23 1024 896 270 0 ]
[ 23 1024 1152 270 0 ]
[ 23 3584 639 270 0 ]
[ 23 3584 896 270 0 ]
[ 23 3584 1152 270 0 ]
[ 23 1664 256 540 0 ]
[ 23 1920 256 180 0 ]
[ 23 2176 256 180 0 ]
[ 23 2432 256 180 0 ]
[ 23 2688 256 180 0 ]
[ 23 2943 256 180 0 ]
[ 23 1024 1664 270 0 ]
[ 23 1024 1408 270 0 ]
[ 23 3200 256 180 0 ]
[ 23 3455 256 180 0 ]
[ 23 3584 1408 270 0 ]
[ 22 1536 1792 270 0 ]
[ 22 2048 1792 270 0 ]
[ 22 2560 1792 270 0 ]
[ 22 3072 1792 270 0 ]
[ 23 1152 1792 0 0 ]
[ 23 1408 1792 0 0 ]
[ 23 1664 1792 0 0 ]
[ 23 1920 1792 0 0 ]
[ 23 2176 1792 0 0 ]
[ 23 2432 1792 0 0 ]
[ 23 2943 1792 0 0 ]
[ 23 2688 1792 0 0 ]
[ 23 3200 1792 0 0 ]
[ 23 3456 1792 0 0 ]
[ 22 1280 512 0 0 ]
[ 22 1024 512 0 0 ]
[ 22 1280 256 0 0 ]
[ 22 2304 256 0 0 ]
[ 22 2816 256 0 0 ]
[ 22 3584 512 0 0 ]
[ 22 3584 1024 0 0 ]
[ 22 3584 1536 0 0 ]
[ 22 3328 1792 0 0 ]
[ 22 2304 1792 0 0 ]
[ 22 1792 1792 0 0 ]
[ 22 1280 1792 0 0 ]
[ 22 1024 1024 0 0 ]
[ 22 1536 512 0 0 ]
[ 22 1792 512 0 0 ]
[ 22 2048 512 0 0 ]
[ 22 2304 512 0 0 ]
[ 22 2560 512 0 0 ]
[ 22 2816 512 0 0 ]
[ 22 3072 512 0 0 ]
[ 22 3327 512 0 0 ]
[ 22 3328 768 0 0 ]
[ 22 3328 1024 0 0 ]
[ 22 3328 1536 0 0 ]
[ 22 3072 1536 0 0 ]
[ 22 2816 1536 0 0 ]
[ 22 2560 1536 0 0 ]
[ 22 2304 1536 0 0 ]
[ 22 2048 1536 0 0 ]
[ 22 1792 1536 0 0 ]
[ 22 1536 1536 0 0 ]
[ 22 1280 1536 0 0 ]
[ 22 1280 1280 0 0 ]
[ 22 1280 768 0 0 ]
[ 22 1280 1024 0 0 ]
[ 22 1536 768 0 0 ]
[ 22 1792 768 0 0 ]
[ 22 1792 1024 0 0 ]
[ 22 1536 1024 0 0 ]
[ 22 1536 1280 0 0 ]
[ 22 1792 1280 0 0 ]
[ 22 3072 1280 0 0 ]
[ 22 3072 1024 0 0 ]
[ 22 3072 768 0 0 ]
[ 22 2816 768 0 0 ]
[ 22 2560 768 0 0 ]
[ 22 2048 768 0 0 ]
[ 22 2048 1024 0 0 ]
[ 22 2304 1024 0 0 ]
[ 22 2560 1024 0 0 ]
[ 22 2816 1024 0 0 ]
[ 22 2816 1280 0 0 ]
[ 22 2560 1280 0 0 ]
[ 22 2304 1280 0 0 ]
[ 23 1152 512 0 0 ]
[ 23 1536 384 90 0 ]
[ 3 2304 768 0 0 ]
[ 3 2048 1280 0 0 ]
[ 3 3328 1280 0 0 ]
[ 3 2815 1792 0 0 ]
[ 3 1024 1536 0 0 ]
[ 3 1792 256 0 0 ]
[ 3 3328 256 0 0 ]
[ 23 1280 1408 90 0 ]
[ 23 1280 1152 90 0 ]
[ 23 1280 896 90 0 ]
[ 23 1280 640 90 0 ]
[ 23 1408 1536 360 0 ]
[ 23 1664 1536 0 0 ]
[ 23 1792 1408 270 0 ]
[ 23 1792 1152 270 0 ]
[ 23 1536 896 270 0 ]
[ 23 1536 1152 270 0 ]
[ 23 1664 1280 360 0 ]
[ 23 1920 1280 0 0 ]
[ 23 2048 1152 90 0 ]
[ 23 2048 896 90 0 ]
[ 23 2048 384 90 0 ]
[ 23 1792 640 90 0 ]
[ 23 2176 512 180 0 ]
[ 23 2432 512 180 0 ]
[ 23 3456 512 180 0 ]
[ 23 3200 512 180 0 ]
[ 23 2688 512 180 0 ]
[ 23 2816 640 270 0 ]
[ 23 3072 896 270 0 ]
[ 23 2816 896 270 0 ]
[ 23 3200 1024 360 0 ]
[ 23 3200 768 0 0 ]
[ 23 3072 1408 90 0 ]
[ 23 3072 1152 90 0 ]
[ 23 3456 1024 180 0 ]
[ 23 3456 1536 180 0 ]
[ 23 2944 1536 180 0 ]
[ 23 2560 1664 270 0 ]
[ 23 2560 1408 270 0 ]
[ 23 2816 1408 270 0 ]
[ 23 2560 896 270 0 ]
[ 23 2432 1024 360 0 ]
[ 23 2432 1536 0 0 ]
[ 23 2176 1536 0 0 ]
[ 23 2176 1280 0 0 ]
[ 17 1152 512 0 0 ]
[ 17 1536 384 0 0 ]
[ 17 1280 640 0 0 ]
[ 17 1280 896 0 0 ]
[ 17 1280 1152 0 0 ]
[ 17 1280 1408 0 0 ]
[ 17 1408 1536 0 0 ]
[ 17 1664 1536 0 0 ]
[ 17 1792 1408 0 0 ]
[ 17 1920 1280 0 0 ]
[ 17 1792 1152 0 0 ]
[ 17 1664 1280 0 0 ]
[ 17 1536 1152 0 0 ]
[ 17 1536 896 0 0 ]
[ 17 1792 640 0 0 ]
[ 17 2048 896 0 0 ]
[ 17 2048 1152 0 0 ]
[ 17 2176 1280 0 0 ]
[ 17 2432 1024 0 0 ]
[ 17 2560 896 0 0 ]
[ 17 2816 896 0 0 ]
[ 17 2816 640 0 0 ]
[ 17 2688 512 0 0 ]
[ 17 2432 512 0 0 ]
[ 17 2176 512 0 0 ]
[ 17 2048 384 0 0 ]
[ 17 3200 512 0 0 ]
[ 17 3456 512 0 0 ]
[ 17 3200 768 0 0 ]
[ 17 3072 896 0 0 ]
[ 17 3200 1024 0 0 ]
[ 17 3456 1024 0 0 ]
[ 17 3072 1152 0 0 ]
[ 17 3072 1408 0 0 ]
[ 17 2944 1536 0 0 ]
[ 17 2816 1408 0 0 ]
[ 17 2560 1408 0 0 ]
[ 17 2560 1664 0 0 ]
[ 17 2432 1536 0 0 ]
[ 17 2176 1536 0 0 ]
[ 17 3456 1536 0 0 ]
[ 6 3584 256 0 0 ]
[ 6 1024 256 0 0 ]
[ 6 1024 1792 0 0 ]
[ 6 3584 1792 0 0 ]
[ 17 1024 1792 90 0 ]
[ 17 1152 1792 90 0 ]
[ 17 1280 1792 90 0 ]
[ 17 1408 1792 90 0 ]
[ 17 1664 1792 90 0 ]
[ 17 1536 1792 90 0 ]
[ 17 1792 1792 90 0 ]
[ 17 2048 1792 90 0 ]
[ 17 2176 1792 90 0 ]
[ 17 1920 1792 90 0 ]
[ 17 2304 1792 90 0 ]
[ 17 2432 1792 90 0 ]
[ 17 2560 1792 90 0 ]
[ 17 2688 1792 90 0 ]
[ 17 2944 1792 90 0 ]
[ 17 3072 1792 90 0 ]
[ 17 3328 1792 90 0 ]
[ 17 3200 1792 90 0 ]
[ 17 3456 1792 90 0 ]
[ 17 3584 1408 90 0 ]
[ 17 3584 1536 90 0 ]
[ 17 3584 1280 90 0 ]
[ 17 3584 1152 90 0 ]
[ 17 3584 896 90 0 ]
[ 17 3584 1024 90 0 ]
[ 17 3584 768 90 0 ]
[ 17 3584 640 90 0 ]
[ 17 3584 512 90 0 ]
[ 17 3456 256 90 0 ]
[ 17 3200 256 90 0 ]
[ 17 2944 256 90 0 ]
[ 17 3072 256 90 0 ]
[ 17 2688 256 90 0 ]
[ 17 2816 256 90 0 ]
[ 17 2560 256 90 0 ]
[ 17 2304 256 90 0 ]
[ 17 2432 256 90 0 ]
[ 17 2176 256 90 0 ]
[ 17 2048 256 90 0 ]
[ 17 1920 256 90 0 ]
[ 17 1664 256 90 0 ]
[ 17 1408 256 90 0 ]
[ 17 1536 256 90 0 ]
[ 17 1280 256 90 0 ]
[ 17 1152 256 90 0 ]
[ 17 1024 384 90 0 ]
[ 17 1024 640 90 0 ]
[ 17 1024 768 90 0 ]
[ 17 1024 512 90 0 ]
[ 17 1024 896 90 0 ]
[ 17 1024 1152 90 0 ]
[ 17 1024 1024 90 0 ]
[ 17 1024 1280 90 0 ]
[ 17 1024 1408 90 0 ]
[ 17 1024 1664 90 0 ]
[ 17 3584 1792 90 0 ]
[ 17 1024 256 90 0 ]
[ 17 3584 256 90 0 ]
[ 3 3840 1536 0 0 ]
[ 23 3712 1792 0 0 ]
[ 23 3712 1536 0 0 ]
[ 23 3968 1792 0 0 ]
[ 23 3840 1408 90 0 ]
[ 23 3840 1152 90 0 ]
[ 23 3840 896 90 0 ]
[ 23 3840 640 90 0 ]
[ 23 3840 384 90 0 ]
[ 23 3968 256 180 0 ]
[ 23 4224 256 180 0 ]
[ 23 4480 256 180 0 ]
[ 23 4736 256 180 0 ]
[ 23 4992 256 180 0 ]
[ 23 5248 256 180 0 ]
[ 23 5504 256 180 0 ]
[ 23 5760 256 180 0 ]
[ 23 6016 256 180 0 ]
[ 23 6144 384 270 0 ]
[ 23 6144 640 270 0 ]
[ 23 6144 896 270 0 ]
[ 23 6144 1152 270 0 ]
[ 23 6144 1408 270 0 ]
[ 23 6144 1664 270 0 ]
[ 23 6016 1792 360 0 ]
[ 23 5760 1792 0 0 ]
[ 23 5504 1792 0 0 ]
[ 23 5248 1792 0 0 ]
[ 23 4992 1792 0 0 ]
[ 23 4736 1792 0 0 ]
[ 23 4480 1792 0 0 ]
[ 23 4224 1792 0 0 ]
[ 3 4864 1792 0 0 ]
[ 3 5888 1792 0 0 ]
[ 3 6144 1024 0 0 ]
[ 3 5632 256 0 0 ]
[ 3 4096 256 0 0 ]
[ 3 4352 256 0 0 ]
[ 17 3840 256 90 0 ]
[ 17 3840 512 90 0 ]
[ 17 3840 768 90 0 ]
[ 17 3840 1024 90 0 ]
[ 17 3840 1280 90 0 ]
[ 17 4096 1792 90 0 ]
[ 17 4352 1792 90 0 ]
[ 17 4608 1792 90 0 ]
[ 3 3840 1792 0 0 ]
[ 17 5120 1792 90 0 ]
[ 17 5376 1792 90 0 ]
[ 17 5632 1792 90 0 ]
[ 17 6144 1792 90 0 ]
[ 17 6144 1536 90 0 ]
[ 17 6144 1280 90 0 ]
[ 17 6144 256 90 0 ]
[ 17 5888 256 90 0 ]
[ 17 6144 512 90 0 ]
[ 17 6144 768 90 0 ]
[ 17 5376 256 90 0 ]
[ 17 5120 256 90 0 ]
[ 17 4864 256 90 0 ]
[ 17 4608 256 90 0 ]
[ 17 3968 1408 90 0 ]
[ 17 3968 1152 90 0 ]
[ 17 3968 896 90 0 ]
[ 17 3968 640 90 0 ]
[ 17 4224 384 90 0 ]
[ 17 4480 384 90 0 ]
[ 17 4736 384 90 0 ]
[ 17 4992 384 90 0 ]
[ 17 4992 640 90 0 ]
[ 17 4736 640 90 0 ]
[ 17 4224 640 90 0 ]
[ 17 4480 640 90 0 ]
[ 17 4224 896 90 0 ]
[ 17 4224 1152 90 0 ]
[ 17 4480 1152 90 0 ]
[ 17 4736 1152 90 0 ]
[ 17 4992 1152 90 0 ]
[ 17 4224 1408 90 0 ]
[ 17 4480 1408 90 0 ]
[ 17 4736 1408 90 0 ]
[ 17 4992 1408 90 0 ]
[ 17 4224 1664 90 0 ]
[ 17 4480 1664 90 0 ]
[ 17 4736 1664 90 0 ]
[ 17 4992 1664 90 0 ]
[ 17 5248 1664 90 0 ]
[ 17 5504 1664 90 0 ]
[ 17 5760 1664 90 0 ]
[ 17 6016 1664 90 0 ]
[ 17 6016 1408 90 0 ]
[ 17 6016 1152 90 0 ]
[ 17 4480 896 90 0 ]
[ 17 4736 896 90 0 ]
[ 17 4992 896 90 0 ]
[ 17 5248 896 90 0 ]
[ 17 5248 1152 90 0 ]
[ 17 5248 1408 90 0 ]
[ 17 5504 1408 90 0 ]
[ 17 5760 1408 90 0 ]
[ 17 5760 1152 90 0 ]
[ 17 5504 1152 90 0 ]
[ 17 5504 896 90 0 ]
[ 17 5504 640 90 0 ]
[ 17 5248 640 90 0 ]
[ 17 5248 384 90 0 ]
[ 17 5504 384 90 0 ]
[ 17 5760 384 90 0 ]
[ 17 5760 640 90 0 ]
[ 17 5760 896 90 0 ]
[ 17 6016 896 90 0 ]
[ 17 6016 640 90 0 ]
[ 17 6016 384 90 0 ]
[ 23 3968 768 180 0 ]
[ 23 3968 512 180 0 ]
[ 23 4608 384 270 0 ]
[ 23 4864 384 270 0 ]
[ 23 4736 512 360 0 ]
[ 23 4864 640 90 0 ]
[ 23 4992 512 180 0 ]
[ 23 5120 640 270 0 ]
[ 23 5376 640 270 0 ]
[ 23 5376 384 270 0 ]
[ 23 5504 768 360 0 ]
[ 23 5760 512 0 0 ]
[ 23 6016 512 0 0 ]
[ 23 6016 768 0 0 ]
[ 23 5760 768 0 0 ]
[ 23 5504 1024 0 0 ]
[ 23 5632 1152 90 0 ]
[ 23 5760 1280 180 0 ]
[ 23 5504 1280 180 0 ]
[ 23 5376 1408 270 0 ]
[ 23 5632 1408 270 0 ]
[ 23 6016 1280 360 0 ]
[ 23 6016 1536 0 0 ]
[ 23 5632 1664 90 0 ]
[ 23 5376 1664 90 0 ]
[ 23 5120 1664 90 0 ]
[ 23 5248 1280 180 0 ]
[ 23 5248 1024 180 0 ]
[ 23 5120 896 270 0 ]
[ 23 4864 896 270 0 ]
[ 23 4864 1152 270 0 ]
[ 23 4864 1408 270 0 ]
[ 23 4608 1408 270 0 ]
[ 23 4352 1408 270 0 ]
[ 23 4224 1536 360 0 ]
[ 23 4352 1152 90 0 ]
[ 23 4608 1152 90 0 ]
[ 23 3968 1536 180 0 ]
[ 23 3968 1280 180 0 ]
[ 23 3968 1024 180 0 ]
[ 23 4224 1024 180 0 ]
[ 23 4352 896 270 0 ]
[ 23 4224 768 360 0 ]
[ 23 4352 640 90 0 ]
[ 23 4992 1280 180 0 ]
[ 17 5120 1664 180 0 ]
[ 17 5376 1664 180 0 ]
[ 17 5632 1664 180 0 ]
[ 17 6016 1536 180 0 ]
[ 17 6016 1280 180 0 ]
[ 17 5760 1280 180 0 ]
[ 17 5632 1408 180 0 ]
[ 17 5632 1152 180 0 ]
[ 17 5504 1280 180 0 ]
[ 17 5376 1408 180 0 ]
[ 17 6016 768 180 0 ]
[ 17 6016 512 180 0 ]
[ 17 5760 512 180 0 ]
[ 17 5760 768 180 0 ]
[ 17 5504 768 180 0 ]
[ 17 5376 640 180 0 ]
[ 17 5376 384 180 0 ]
[ 17 4864 384 180 0 ]
[ 17 4608 384 180 0 ]
[ 17 4736 512 180 0 ]
[ 17 4992 512 180 0 ]
[ 17 4864 640 180 0 ]
[ 17 5120 640 180 0 ]
[ 17 5120 896 180 0 ]
[ 17 5504 1024 180 0 ]
[ 17 5248 1024 180 0 ]
[ 17 5248 1280 180 0 ]
[ 17 4992 1280 180 0 ]
[ 17 4864 1152 180 0 ]
[ 17 4864 896 180 0 ]
[ 17 4864 1408 180 0 ]
[ 17 3968 1536 180 0 ]
[ 17 3968 1280 180 0 ]
[ 17 3968 1024 180 0 ]
[ 17 3968 768 180 0 ]
[ 17 3968 512 180 0 ]
[ 17 4352 640 180 0 ]
[ 17 4224 768 180 0 ]
[ 17 4352 896 180 0 ]
[ 17 4224 1024 180 0 ]
[ 17 4352 1152 180 0 ]
[ 17 4608 1152 180 0 ]
[ 17 4608 1408 180 0 ]
[ 17 4352 1408 180 0 ]
[ 17 4224 1536 720 0 ]
[ 23 3712 256 0 0 ]
[ 23 3584 384 90 0 ]
[ 23 3712 512 180 0 ]
[ 23 3712 768 180 0 ]
[ 23 3712 1024 180 0 ]
[ 23 3712 1280 180 0 ]
[ 31 3840 1664 0 11 ]
Movables
Map_floor
[ 22 2560 1407 0 0 ]
[ 22 2560 1536 0 0 ]
[ 22 2560 1664 0 0 ]
[ 22 2687 384 0 0 ]
[ 22 2687 512 0 0 ]
[ 22 2687 640 0 0 ]
[ 22 2687 896 0 0 ]
[ 22 2687 1152 0 0 ]
[ 22 2687 1407 0 0 ]
[ 22 2687 1664 0 0 ]
[ 22 2816 512 0 0 ]
[ 22 2816 640 0 0 ]
[ 22 2816 768 0 0 ]
[ 22 2816 896 0 0 ]
[ 22 2816 1024 0 0 ]
[ 22 2816 1280 0 0 ]
[ 22 2816 1407 0 0 ]
[ 22 2816 1536 0 0 ]
[ 22 2944 384 0 0 ]
[ 22 2944 640 0 0 ]
[ 22 2944 896 0 0 ]
[ 22 2944 1152 0 0 ]
[ 22 2944 1407 0 0 ]
[ 22 2944 1536 0 0 ]
[ 22 2944 1664 0 0 ]
[ 22 3072 512 0 0 ]
[ 22 3072 768 0 0 ]
[ 22 3072 896 0 0 ]
[ 22 3072 1024 0 0 ]
[ 22 3072 1152 0 0 ]
[ 22 3072 1280 0 0 ]
[ 22 3072 1407 0 0 ]
[ 22 3072 1536 0 0 ]
[ 22 3200 384 0 0 ]
[ 22 3200 512 0 0 ]
[ 22 3200 640 0 0 ]
[ 22 3200 768 0 0 ]
[ 22 3200 896 0 0 ]
[ 22 3200 1024 0 0 ]
[ 22 3200 1152 0 0 ]
[ 22 3200 1407 0 0 ]
[ 22 3200 1664 0 0 ]
[ 22 3327 512 0 0 ]
[ 22 3327 768 0 0 ]
[ 22 3327 1024 0 0 ]
[ 22 3327 1280 0 0 ]
[ 22 3327 1536 0 0 ]
[ 22 3456 384 0 0 ]
[ 22 3456 512 0 0 ]
[ 22 3456 640 0 0 ]
[ 22 3456 896 0 0 ]
[ 22 3456 1024 0 0 ]
[ 22 3456 1152 0 0 ]
[ 22 3456 1407 0 0 ]
[ 22 3456 1536 0 0 ]
[ 22 3456 1664 0 0 ]
[ 9 2560 1408 0 2 ]
[ 9 2560 1536 0 3 ]
[ 9 2560 1664 0 4 ]
[ 9 2688 384 0 0 ]
[ 9 2688 512 0 3 ]
[ 9 2688 640 0 1 ]
[ 9 2688 896 0 3 ]
[ 9 2688 1152 0 1 ]
[ 9 2688 1408 0 4 ]
[ 9 2688 1664 0 3 ]
[ 9 2816 512 0 0 ]
[ 9 2816 640 0 2 ]
[ 9 2816 768 0 2 ]
[ 9 2816 896 0 0 ]
[ 9 2816 1024 0 0 ]
[ 9 2816 1280 0 4 ]
[ 9 2816 1408 0 2 ]
[ 9 2816 1536 0 2 ]
[ 9 2944 384 0 5 ]
[ 9 2944 640 0 0 ]
[ 9 2944 896 0 4 ]
[ 9 2944 1152 0 1 ]
[ 9 2944 1408 0 3 ]
[ 9 2944 1536 0 5 ]
[ 9 2944 1664 0 4 ]
[ 9 3072 512 0 2 ]
[ 9 3072 768 0 1 ]
[ 9 3072 896 0 5 ]
[ 9 3072 1024 0 1 ]
[ 9 3072 1152 0 1 ]
[ 9 3072 1280 0 0 ]
[ 9 3072 1408 0 2 ]
[ 9 3072 1536 0 0 ]
[ 9 3200 384 0 0 ]
[ 9 3200 512 0 1 ]
[ 9 3200 640 0 3 ]
[ 9 3200 768 0 3 ]
[ 9 3200 896 0 1 ]
[ 9 3200 1024 0 3 ]
[ 9 3200 1152 0 4 ]
[ 9 3200 1408 0 2 ]
[ 9 3200 1664 0 3 ]
[ 9 3328 512 0 0 ]
[ 9 3328 768 0 3 ]
[ 9 3328 1024 0 4 ]
[ 9 3328 1280 0 1 ]
[ 9 3328 1536 0 4 ]
[ 9 3456 384 0 1 ]
[ 9 3456 512 0 3 ]
[ 9 3456 640 0 5 ]
[ 9 3456 896 0 0 ]
[ 9 3456 1024 0 2 ]
[ 9 3456 1152 0 2 ]
[ 9 3456 1408 0 5 ]
[ 9 3456 1536 0 0 ]
[ 9 3456 1664 0 0 ]
[ 12 2560 1408 0 0 ]
[ 12 2560 1536 0 3 ]
[ 12 2560 1664 0 5 ]
[ 12 2688 384 0 2 ]
[ 12 2688 512 0 4 ]
[ 12 2688 640 0 5 ]
[ 12 2688 896 0 0 ]
[ 12 2688 1152 0 4 ]
[ 12 2688 1408 0 4 ]
[ 12 2688 1664 0 3 ]
[ 12 2816 512 0 0 ]
[ 12 2816 640 0 4 ]
[ 12 2816 768 0 4 ]
[ 12 2816 896 0 0 ]
[ 12 2816 1024 0 0 ]
[ 12 2816 1280 0 0 ]
[ 12 2816 1408 0 0 ]
[ 12 2816 1536 0 0 ]
[ 12 2944 384 0 4 ]
[ 12 2944 640 0 4 ]
[ 12 2944 896 0 4 ]
[ 12 2944 1152 0 1 ]
[ 12 2944 1408 0 0 ]
[ 12 2944 1536 0 1 ]
[ 12 2944 1664 0 4 ]
[ 12 3072 512 0 2 ]
[ 12 3072 768 0 1 ]
[ 12 3072 896 0 5 ]
[ 12 3072 1024 0 2 ]
[ 12 3072 1152 0 1 ]
[ 12 3072 1280 0 2 ]
[ 12 3072 1408 0 1 ]
[ 12 3072 1536 0 0 ]
[ 12 3200 384 0 5 ]
[ 12 3200 512 0 0 ]
[ 12 3200 640 0 2 ]
[ 12 3200 768 0 5 ]
[ 12 3200 896 0 3 ]
[ 12 3200 1024 0 4 ]
[ 12 3200 1152 0 1 ]
[ 12 3200 1408 0 0 ]
[ 12 3200 1664 0 2 ]
[ 12 3328 512 0 4 ]
[ 12 3328 768 0 3 ]
[ 12 3328 1024 0 4 ]
[ 12 3328 1280 0 4 ]
[ 12 3328 1536 0 4 ]
[ 12 3456 384 0 2 ]
[ 12 3456 512 0 2 ]
[ 12 3456 640 0 4 ]
[ 12 3456 896 0 0 ]
[ 12 3456 1024 0 2 ]
[ 12 3456 1152 0 1 ]
[ 12 3456 1408 0 3 ]
[ 12 3456 1536 0 2 ]
[ 12 3456 1664 0 0 ]
[ 22 1152 512 0 0 ]
[ 22 1152 640 0 0 ]
[ 22 1152 896 0 0 ]
[ 22 1152 1152 0 0 ]
[ 22 1152 1408 0 0 ]
[ 22 1152 1664 0 0 ]
[ 22 1280 512 0 0 ]
[ 22 1280 640 0 0 ]
[ 22 1280 768 0 0 ]
[ 22 1280 896 0 0 ]
[ 22 1280 1024 0 0 ]
[ 22 1280 1152 0 0 ]
[ 22 1280 1280 0 0 ]
[ 22 1280 1408 0 0 ]
[ 22 1280 1536 0 0 ]
[ 22 1408 384 0 0 ]
[ 22 1408 640 0 0 ]
[ 22 1408 896 0 0 ]
[ 22 1408 1152 0 0 ]
[ 22 1408 1408 0 0 ]
[ 22 1408 1536 0 0 ]
[ 22 1408 1664 0 0 ]
[ 22 1536 384 0 0 ]
[ 22 1536 512 0 0 ]
[ 22 1536 768 0 0 ]
[ 22 1536 896 0 0 ]
[ 22 1536 1024 0 0 ]
[ 22 1536 1152 0 0 ]
[ 22 1536 1280 0 0 ]
[ 22 1536 1536 0 0 ]
[ 22 1664 384 0 0 ]
[ 22 1664 640 0 0 ]
[ 22 1664 896 0 0 ]
[ 22 1664 1152 0 0 ]
[ 22 1664 1280 0 0 ]
[ 22 1664 1408 0 0 ]
[ 22 1664 1536 0 0 ]
[ 22 1664 1664 0 0 ]
[ 22 1792 512 0 0 ]
[ 22 1792 640 0 0 ]
[ 22 1792 768 0 0 ]
[ 22 1792 1024 0 0 ]
[ 22 1792 1152 0 0 ]
[ 22 1792 1280 0 0 ]
[ 22 1792 1408 0 0 ]
[ 22 1792 1536 0 0 ]
[ 22 1920 384 0 0 ]
[ 22 1920 640 0 0 ]
[ 22 1920 896 0 0 ]
[ 22 1920 1152 0 0 ]
[ 22 1920 1280 0 0 ]
[ 22 1920 1408 0 0 ]
[ 22 1920 1664 0 0 ]
[ 22 2048 384 0 0 ]
[ 22 2048 512 0 0 ]
[ 22 2048 768 0 0 ]
[ 22 2048 896 0 0 ]
[ 22 2048 1152 0 0 ]
[ 22 2048 1280 0 0 ]
[ 22 2048 1536 0 0 ]
[ 22 2176 384 0 0 ]
[ 22 2176 512 0 0 ]
[ 22 2176 640 0 0 ]
[ 22 2176 896 0 0 ]
[ 22 2176 1152 0 0 ]
[ 22 2176 1280 0 0 ]
[ 22 2176 1408 0 0 ]
[ 22 2176 1536 0 0 ]
[ 22 2176 1664 0 0 ]
[ 22 2304 512 0 0 ]
[ 22 2304 768 0 0 ]
[ 22 2304 1024 0 0 ]
[ 22 2304 1280 0 0 ]
[ 22 2304 1536 0 0 ]
[ 22 2432 384 0 0 ]
[ 22 2432 512 0 0 ]
[ 22 2432 640 0 0 ]
[ 22 2432 896 0 0 ]
[ 22 2432 1024 0 0 ]
[ 22 2432 1152 0 0 ]
[ 22 2432 1408 0 0 ]
[ 22 2432 1536 0 0 ]
[ 22 2432 1664 0 0 ]
[ 22 2560 512 0 0 ]
[ 22 2560 768 0 0 ]
[ 22 2560 896 0 0 ]
[ 22 2560 1024 0 0 ]
[ 22 2560 1280 0 0 ]
[ 22 2560 1408 0 0 ]
[ 22 2560 1536 0 0 ]
[ 22 2560 1664 0 0 ]
[ 22 2688 384 0 0 ]
[ 22 2688 512 0 0 ]
[ 22 2688 640 0 0 ]
[ 22 2688 896 0 0 ]
[ 22 2688 1152 0 0 ]
[ 22 2688 1408 0 0 ]
[ 22 2688 1664 0 0 ]
[ 22 2816 512 0 0 ]
[ 22 2816 640 0 0 ]
[ 22 2816 768 0 0 ]
[ 22 2816 896 0 0 ]
[ 22 2816 1024 0 0 ]
[ 22 2816 1280 0 0 ]
[ 22 2816 1408 0 0 ]
[ 22 2816 1536 0 0 ]
[ 22 2944 384 0 0 ]
[ 22 2944 640 0 0 ]
[ 22 2944 896 0 0 ]
[ 22 2944 1152 0 0 ]
[ 22 2944 1408 0 0 ]
[ 22 2944 1536 0 0 ]
[ 22 2944 1664 0 0 ]
[ 22 3072 512 0 0 ]
[ 22 3072 768 0 0 ]
[ 22 3072 896 0 0 ]
[ 22 3072 1024 0 0 ]
[ 22 3072 1152 0 0 ]
[ 22 3072 1280 0 0 ]
[ 22 3072 1408 0 0 ]
[ 22 3072 1536 0 0 ]
[ 22 3200 384 0 0 ]
[ 22 3200 512 0 0 ]
[ 22 3200 640 0 0 ]
[ 22 3200 768 0 0 ]
[ 22 3200 896 0 0 ]
[ 22 3200 1024 0 0 ]
[ 22 3200 1152 0 0 ]
[ 22 3200 1408 0 0 ]
[ 22 3200 1664 0 0 ]
[ 22 3328 512 0 0 ]
[ 22 3328 768 0 0 ]
[ 22 3328 1024 0 0 ]
[ 22 3328 1280 0 0 ]
[ 22 3328 1536 0 0 ]
[ 22 3456 384 0 0 ]
[ 22 3456 512 0 0 ]
[ 22 3456 640 0 0 ]
[ 22 3456 896 0 0 ]
[ 22 3456 1024 0 0 ]
[ 22 3456 1152 0 0 ]
[ 22 3456 1408 0 0 ]
[ 22 3456 1536 0 0 ]
[ 22 3456 1664 0 0 ]
[ 6 1152 384 90 0 ]
[ 18 1408 512 0 17 ]
[ 18 1408 768 0 17 ]
[ 18 1152 768 0 17 ]
[ 18 1152 1024 0 17 ]
[ 18 1152 1280 0 17 ]
[ 18 1152 1536 0 17 ]
[ 18 1280 1664 90 17 ]
[ 18 1536 1664 90 17 ]
[ 18 1536 1408 90 17 ]
[ 18 1408 1280 180 17 ]
[ 18 1408 1024 180 17 ]
[ 18 1536 640 270 17 ]
[ 18 1280 384 270 17 ]
[ 18 1792 384 270 17 ]
[ 18 2304 384 270 17 ]
[ 18 2560 384 270 17 ]
[ 18 2816 384 270 17 ]
[ 18 3072 384 270 17 ]
[ 18 3328 384 270 17 ]
[ 18 2944 512 360 17 ]
[ 18 2944 768 0 17 ]
[ 18 2944 1024 0 17 ]
[ 18 2944 1280 0 17 ]
[ 18 2816 1152 90 17 ]
[ 18 2560 1152 90 17 ]
[ 18 3072 640 90 17 ]
[ 18 3328 640 90 17 ]
[ 18 3328 896 90 17 ]
[ 18 3456 768 180 17 ]
[ 18 3328 1408 270 17 ]
[ 18 3456 1280 360 17 ]
[ 18 3328 1152 90 17 ]
[ 18 3200 1280 180 17 ]
[ 18 3328 1664 270 17 ]
[ 18 3200 1536 360 17 ]
[ 18 3072 1664 90 17 ]
[ 18 2816 1664 90 17 ]
[ 18 2688 1536 180 17 ]
[ 18 2688 1280 180 17 ]
[ 18 2688 1024 180 17 ]
[ 18 2688 768 180 17 ]
[ 18 2560 640 270 17 ]
[ 18 2048 640 270 17 ]
[ 18 1920 512 360 17 ]
[ 18 1664 512 0 17 ]
[ 18 1664 768 0 17 ]
[ 18 1664 1024 0 17 ]
[ 18 1920 1024 0 17 ]
[ 18 1792 896 90 17 ]
[ 18 1920 768 180 17 ]
[ 18 2176 768 180 17 ]
[ 18 2304 640 270 17 ]
[ 18 2432 768 360 17 ]
[ 18 2304 896 90 17 ]
[ 18 2304 1152 90 17 ]
[ 18 2176 1024 180 17 ]
[ 18 2432 1280 180 17 ]
[ 18 2304 1408 270 17 ]
[ 18 2048 1408 270 17 ]
[ 18 1920 1536 360 17 ]
[ 18 1792 1664 90 17 ]
[ 18 2048 1664 90 17 ]
[ 18 2304 1664 90 17 ]
[ 22 3712 1664 0 0 ]
[ 22 3968 384 0 0 ]
[ 22 3968 512 0 0 ]
[ 22 3968 640 0 0 ]
[ 22 3968 768 0 0 ]
[ 22 3968 896 0 0 ]
[ 22 3968 1024 0 0 ]
[ 22 3968 1152 0 0 ]
[ 22 3968 1280 0 0 ]
[ 22 3968 1408 0 0 ]
[ 22 3968 1536 0 0 ]
[ 22 3968 1663 0 0 ]
[ 22 4224 384 0 0 ]
[ 22 4224 640 0 0 ]
[ 22 4224 768 0 0 ]
[ 22 4224 896 0 0 ]
[ 22 4224 1024 0 0 ]
[ 22 4224 1152 0 0 ]
[ 22 4224 1408 0 0 ]
[ 22 4224 1536 0 0 ]
[ 22 4224 1663 0 0 ]
[ 22 4352 640 0 0 ]
[ 22 4352 1152 0 0 ]
[ 22 4352 1408 0 0 ]
[ 22 4480 384 0 0 ]
[ 22 4480 640 0 0 ]
[ 22 4480 1152 0 0 ]
[ 22 4480 1408 0 0 ]
[ 22 4480 1663 0 0 ]
[ 22 4608 384 0 0 ]
[ 22 4608 1152 0 0 ]
[ 22 4608 1408 0 0 ]
[ 22 4736 640 0 0 ]
[ 22 4736 1152 0 0 ]
[ 22 4736 1663 0 0 ]
[ 22 4864 384 0 0 ]
[ 22 4864 512 0 0 ]
[ 22 4864 640 0 0 ]
[ 22 4864 1152 0 0 ]
[ 22 4864 1280 0 0 ]
[ 22 4864 1408 0 0 ]
[ 22 4992 384 0 0 ]
[ 22 4992 512 0 0 ]
[ 22 4992 640 0 0 ]
[ 22 4992 1152 0 0 ]
[ 22 4992 1280 0 0 ]
[ 22 4992 1408 0 0 ]
[ 22 4992 1663 0 0 ]
[ 22 5120 640 0 0 ]
[ 22 5120 1663 0 0 ]
[ 22 5248 384 0 0 ]
[ 22 5248 640 0 0 ]
[ 22 5248 1024 0 0 ]
[ 22 5248 1152 0 0 ]
[ 22 5248 1280 0 0 ]
[ 22 5248 1408 0 0 ]
[ 22 5248 1663 0 0 ]
[ 22 5376 384 0 0 ]
[ 22 5376 640 0 0 ]
[ 22 5376 768 0 0 ]
[ 22 5376 1408 0 0 ]
[ 22 5376 1663 0 0 ]
[ 22 5504 384 0 0 ]
[ 22 5504 640 0 0 ]
[ 22 5504 768 0 0 ]
[ 22 5504 896 0 0 ]
[ 22 5504 1152 0 0 ]
[ 22 5504 1280 0 0 ]
[ 22 5504 1408 0 0 ]
[ 22 5504 1663 0 0 ]
[ 22 5632 1152 0 0 ]
[ 22 5632 1280 0 0 ]
[ 22 5632 1408 0 0 ]
[ 22 5632 1663 0 0 ]
[ 22 5760 384 0 0 ]
[ 22 5760 512 0 0 ]
[ 22 5760 640 0 0 ]
[ 22 5760 768 0 0 ]
[ 22 5760 896 0 0 ]
[ 22 5760 1152 0 0 ]
[ 22 5760 1280 0 0 ]
[ 22 5760 1408 0 0 ]
[ 22 5760 1663 0 0 ]
[ 22 6016 384 0 0 ]
[ 22 6016 512 0 0 ]
[ 22 6016 640 0 0 ]
[ 22 6016 768 0 0 ]
[ 22 6016 896 0 0 ]
[ 22 6016 1152 0 0 ]
[ 22 6016 1280 0 0 ]
[ 22 6016 1408 0 0 ]
[ 22 6016 1536 0 0 ]
[ 22 6016 1663 0 0 ]
[ 18 4096 1664 90 17 ]
[ 18 4096 1408 90 17 ]
[ 18 4096 1152 90 17 ]
[ 18 4096 896 90 17 ]
[ 18 4096 640 90 17 ]
[ 18 4224 511 180 17 ]
[ 18 4480 511 180 17 ]
[ 18 4224 1280 180 17 ]
[ 18 4480 1280 180 17 ]
[ 18 4736 1280 180 17 ]
[ 18 4608 640 270 17 ]
[ 18 4608 895 270 17 ]
[ 18 5376 1152 90 17 ]
[ 18 4480 768 180 17 ]
[ 18 4736 768 180 17 ]
[ 18 4992 768 180 17 ]
[ 18 5248 768 180 17 ]
[ 18 5376 896 270 17 ]
[ 18 4480 1024 360 17 ]
[ 18 4736 1024 0 17 ]
[ 18 4992 1024 0 17 ]
[ 18 5120 1152 90 17 ]
[ 18 5120 1408 90 17 ]
[ 18 4992 1536 180 17 ]
[ 18 4864 1664 270 17 ]
[ 18 4736 1536 360 17 ]
[ 18 4608 1664 90 17 ]
[ 18 4480 1536 180 17 ]
[ 18 4352 1664 270 17 ]
[ 18 5248 1536 540 17 ]
[ 18 5504 1536 180 17 ]
[ 18 5760 1536 180 17 ]
[ 18 5888 1664 270 17 ]
[ 18 5888 1408 270 17 ]
[ 18 5888 1152 270 17 ]
[ 18 5888 896 270 17 ]
[ 18 5888 640 270 17 ]
[ 18 5888 384 270 17 ]
[ 18 6016 1024 360 17 ]
[ 18 5760 1024 0 17 ]
[ 18 5632 896 270 17 ]
[ 18 5632 640 270 17 ]
[ 18 5632 384 270 17 ]
[ 18 5504 512 360 17 ]
[ 18 5248 512 0 17 ]
[ 18 5120 384 90 17 ]
[ 22 4096 512 90 0 ]
[ 22 4096 768 90 0 ]
[ 22 4096 1024 90 0 ]
[ 22 4096 1280 90 0 ]
[ 22 4096 1536 90 0 ]
[ 22 4352 1280 90 0 ]
[ 22 4608 1280 90 0 ]
[ 22 4736 1408 90 0 ]
[ 22 4352 1536 90 0 ]
[ 22 4608 1536 90 0 ]
[ 22 4864 1536 90 0 ]
[ 22 5120 1536 90 0 ]
[ 22 5120 1024 90 0 ]
[ 22 5376 1280 90 0 ]
[ 22 5888 1536 90 0 ]
[ 22 5376 1536 90 0 ]
[ 22 5632 1536 90 0 ]
[ 22 5888 1280 90 0 ]
[ 22 5888 1024 90 0 ]
[ 22 5632 1024 90 0 ]
[ 22 5376 1024 90 0 ]
[ 22 5120 768 90 0 ]
[ 22 4864 768 90 0 ]
[ 22 4608 768 90 0 ]
[ 22 4352 768 90 0 ]
[ 22 4352 1024 90 0 ]
[ 22 4608 1024 90 0 ]
[ 22 4864 1024 90 0 ]
[ 22 5632 768 90 0 ]
[ 22 5632 512 90 0 ]
[ 22 5888 512 90 0 ]
[ 22 5888 768 90 0 ]
[ 22 5376 512 90 0 ]
[ 22 5120 512 90 0 ]
[ 22 4736 512 90 0 ]
[ 22 4736 384 90 0 ]
[ 22 4608 512 90 0 ]
[ 22 4352 512 90 0 ]
[ 18 4096 1536 90 16 ]
[ 18 4096 1280 90 16 ]
[ 18 4352 1536 90 16 ]
[ 18 4608 1536 90 16 ]
[ 18 4864 1536 90 16 ]
[ 18 5120 1536 90 16 ]
[ 18 5376 1536 90 16 ]
[ 18 5632 1536 90 16 ]
[ 18 5888 1536 90 16 ]
[ 18 5888 1280 90 16 ]
[ 18 5888 1024 90 16 ]
[ 18 5376 1024 90 16 ]
[ 18 5376 1280 90 16 ]
[ 22 5120 1280 90 0 ]
[ 18 5120 1280 90 16 ]
[ 18 5632 1024 90 16 ]
[ 18 5888 768 90 16 ]
[ 18 5632 768 90 16 ]
[ 18 5888 512 90 16 ]
[ 18 5632 512 90 16 ]
[ 18 5376 512 90 16 ]
[ 18 5120 512 90 16 ]
[ 18 5376 768 90 16 ]
[ 18 5120 768 90 16 ]
[ 18 5120 1024 90 16 ]
[ 18 4864 1024 90 16 ]
[ 18 4608 1024 90 16 ]
[ 18 4352 1024 90 16 ]
[ 18 4608 768 90 16 ]
[ 18 4864 768 90 16 ]
[ 18 4352 768 90 16 ]
[ 18 4608 512 90 16 ]
[ 18 4352 512 90 16 ]
[ 18 4096 512 90 16 ]
[ 18 4096 768 90 16 ]
[ 18 4096 1024 90 16 ]
[ 18 4864 1280 90 16 ]
[ 18 4608 1280 90 16 ]
[ 18 4352 1280 90 16 ]
[ 18 5632 1280 90 16 ]
[ 18 4864 512 90 16 ]
[ 22 4352 896 90 0 ]
[ 22 4480 896 90 0 ]
[ 22 4736 896 90 0 ]
[ 22 4864 896 90 0 ]
[ 22 4992 896 90 0 ]
[ 22 5120 896 90 0 ]
[ 22 5248 896 90 0 ]
[ 22 5504 1024 90 0 ]
[ 18 4352 384 90 17 ]
[ 18 4096 384 90 17 ]
[ 22 4096 1792 180 0 ]
[ 22 4352 1792 180 0 ]
[ 22 4608 1792 180 0 ]
[ 22 5120 1792 180 0 ]
[ 22 5376 1792 180 0 ]
[ 22 5632 1792 180 0 ]
[ 22 6144 1536 180 0 ]
[ 22 6144 1280 180 0 ]
[ 22 6144 768 180 0 ]
[ 22 6144 512 180 0 ]
[ 22 5888 256 180 0 ]
[ 22 5376 256 180 0 ]
[ 22 5120 256 180 0 ]
[ 22 4864 256 180 0 ]
[ 22 4608 256 180 0 ]
[ 22 3840 512 180 0 ]
[ 22 3840 768 180 0 ]
[ 22 3840 1024 180 0 ]
[ 22 3840 1280 180 0 ]
[ 22 3584 1792 180 0 ]
[ 18 4096 1792 180 16 ]
[ 18 3584 1792 180 16 ]
[ 18 4352 1792 180 16 ]
[ 18 4608 1792 180 16 ]
[ 18 5120 1792 180 16 ]
[ 18 5376 1792 180 16 ]
[ 18 5632 1792 180 16 ]
[ 18 6144 1536 180 16 ]
[ 18 6144 1280 180 16 ]
[ 18 6144 768 180 16 ]
[ 18 6144 512 180 16 ]
[ 18 5888 256 180 16 ]
[ 18 5376 256 180 16 ]
[ 18 5120 256 180 16 ]
[ 18 4864 256 180 16 ]
[ 18 4608 256 180 16 ]
[ 18 3840 512 180 16 ]
[ 18 3840 768 180 16 ]
[ 18 3840 1024 180 16 ]
[ 18 3840 1280 180 16 ]
[ 22 6144 1792 180 0 ]
[ 18 6144 1792 180 16 ]
[ 22 6144 256 180 0 ]
[ 18 6144 256 180 16 ]
[ 22 3840 256 180 0 ]
[ 18 3840 256 180 16 ]
[ 22 3584 384 0 0 ]
[ 22 3712 1408 180 0 ]
[ 22 3712 1152 180 0 ]
[ 22 3712 896 180 0 ]
[ 22 3712 640 180 0 ]
[ 22 3712 384 180 0 ]
[ 18 3840 1664 270 17 ]
[ 18 3584 1664 270 17 ]
[ 100 2304 1024 1464 ]
[ 100 4992 1024 1245 ]
Electric
PLayer 1409.72 388.485