Does_not_exist
Map_basic
[ 13 768 768 0 0 ]
[ 25 2304 384 270 0 ]
[ 25 2304 512 270 0 ]
[ 25 2304 640 270 0 ]
[ 13 2304 768 270 0 ]
[ 25 2304 896 270 0 ]
[ 25 2304 1152 270 0 ]
[ 25 2304 1024 270 0 ]
[ 13 1792 768 0 0 ]
[ 12 2048 768 0 0 ]
[ 12 2176 768 0 1 ]
[ 12 1920 768 0 2 ]
[ 13 768 1280 0 0 ]
[ 13 256 1280 0 0 ]
[ 13 2304 1280 270 0 ]
[ 12 384 1280 0 2 ]
[ 12 512 1280 0 0 ]
[ 12 639 1280 0 1 ]
[ 13 1792 1280 0 0 ]
[ 12 2048 1280 0 0 ]
[ 12 2176 1280 0 1 ]
[ 12 1920 1280 0 2 ]
[ 13 256 1792 0 0 ]
[ 13 2304 1792 270 0 ]
[ 25 256 1536 90 0 ]
[ 25 256 1408 90 0 ]
[ 25 256 1664 90 0 ]
[ 25 1920 256 0 0 ]
[ 25 2048 256 0 0 ]
[ 25 2176 256 0 0 ]
[ 25 2176 1792 0 0 ]
[ 25 2048 1792 0 0 ]
[ 25 1920 1792 0 0 ]
[ 13 768 1792 0 0 ]
[ 13 1792 256 0 0 ]
[ 13 1792 1792 0 0 ]
[ 24 1280 256 180 lmode 0 0 ]
[ 12 896 256 180 1 ]
[ 12 1024 256 180 0 ]
[ 12 1152 256 180 2 ]
[ 12 1408 256 180 1 ]
[ 12 1536 256 180 0 ]
[ 12 1664 256 180 2 ]
[ 24 1280 768 0 lmode 1 0 ]
[ 24 1280 1280 90 lmode 2 0 ]
[ 24 1792 512 0 lmode 4 0 ]
[ 24 1792 1536 90 lmode 5 0 ]
[ 24 1280 1792 90 lmode 7 0 ]
[ 3 512 512 0 3 ]
[ 3 512 1024 0 3 ]
[ 3 2048 1024 0 3 ]
[ 25 1152 1792 180 0 ]
[ 25 1024 1792 180 0 ]
[ 25 896 1792 180 0 ]
[ 25 768 1920 270 0 ]
[ 25 768 2048 270 0 ]
[ 25 768 2176 270 0 ]
[ 25 2304 1920 270 0 ]
[ 25 2304 2048 270 0 ]
[ 25 2304 2176 270 0 ]
[ 25 896 2304 360 0 ]
[ 25 1024 2304 0 0 ]
[ 25 1152 2304 0 0 ]
[ 25 1408 2304 0 0 ]
[ 25 1536 2304 0 0 ]
[ 25 1664 2304 0 0 ]
[ 25 1920 2304 0 0 ]
[ 25 2048 2304 0 0 ]
[ 25 2176 2304 0 0 ]
[ 13 768 2304 0 0 ]
[ 13 1280 2304 0 0 ]
[ 13 1792 2304 0 0 ]
[ 13 2304 2304 0 0 ]
[ 3 1536 1792 0 3 ]
[ 3 1024 2048 0 3 ]
[ 3 2048 2048 0 3 ]
[ 3 256 768 0 3 ]
[ 23 256 384 270 0 ]
[ 23 256 512 270 0 ]
[ 23 256 640 270 0 ]
[ 23 384 256 360 0 ]
[ 23 512 256 0 0 ]
[ 23 640 256 0 0 ]
[ 25 256 896 90 0 ]
[ 25 256 1024 90 0 ]
[ 25 256 1152 90 0 ]
[ 4 768 256 0 3 ]
[ 22 256 256 90 0 ]
[ 13 256 2304 90 0 ]
[ 25 384 2304 180 0 ]
[ 25 512 2304 180 0 ]
[ 25 640 2304 180 0 ]
[ 25 256 2176 270 0 ]
[ 25 256 2048 270 0 ]
[ 25 256 1920 270 0 ]
[ 3 512 2048 0 3 ]
[ 6 512 1536 0 3 ]
[ 25 2432 2304 0 0 ]
[ 25 2560 2304 0 0 ]
[ 25 2688 2304 0 0 ]
[ 25 2816 2176 90 0 ]
[ 25 2816 896 90 0 ]
[ 25 2816 1023 90 0 ]
[ 25 2816 1152 90 0 ]
[ 25 2816 1408 90 0 ]
[ 25 2816 1536 90 0 ]
[ 25 2816 1664 90 0 ]
[ 25 2816 2048 90 0 ]
[ 25 2816 1920 90 0 ]
[ 25 2816 640 90 0 ]
[ 25 2816 512 90 0 ]
[ 25 2816 384 90 0 ]
[ 13 2816 256 90 0 ]
[ 13 2816 768 90 0 ]
[ 13 2816 1279 90 0 ]
[ 13 2816 1792 90 0 ]
[ 13 2816 2304 90 0 ]
[ 25 2432 256 180 0 ]
[ 25 2560 256 180 0 ]
[ 25 2688 256 180 0 ]
[ 13 2304 256 180 0 ]
[ 3 2559 512 0 3 ]
[ 3 2559 2048 0 3 ]
Movables
Map_floor
[ 23 768 512 90 lmode 0 0 ]
[ 23 768 384 90 lmode 0 0 ]
[ 23 768 640 90 lmode 0 0 ]
[ 24 768 896 90 lmode 0 1 ]
[ 24 768 1024 90 lmode 0 1 ]
[ 24 768 1152 90 lmode 0 1 ]
[ 24 1792 1152 90 lmode 3 1 ]
[ 24 1792 1024 90 lmode 3 1 ]
[ 24 1792 896 90 lmode 3 1 ]
[ 23 1792 384 270 lmode 4 0 ]
[ 23 1792 640 270 lmode 4 0 ]
[ 24 384 768 360 lmode 6 1 ]
[ 24 511 768 0 lmode 6 1 ]
[ 24 640 768 0 lmode 6 1 ]
[ 23 768 1408 90 lmode 6 0 ]
[ 23 768 1536 90 lmode 6 0 ]
[ 23 768 1664 90 lmode 6 0 ]
[ 42 1152 384 0 0 ]
[ 42 1152 512 0 0 ]
[ 42 1152 640 0 0 ]
[ 42 1024 640 0 0 ]
[ 42 896 640 0 0 ]
[ 42 896 512 0 0 ]
[ 42 1024 512 0 0 ]
[ 42 1024 384 0 0 ]
[ 42 896 384 0 0 ]
[ 42 1024 896 0 0 ]
[ 42 1152 896 0 0 ]
[ 42 1152 1024 0 0 ]
[ 42 1152 1152 0 0 ]
[ 42 1024 1152 0 0 ]
[ 42 1024 1024 0 0 ]
[ 42 896 896 0 0 ]
[ 42 896 1024 0 0 ]
[ 42 896 1152 0 0 ]
[ 42 1408 384 0 0 ]
[ 42 1536 384 0 0 ]
[ 42 1664 384 0 0 ]
[ 42 1664 640 0 0 ]
[ 42 1664 768 0 0 ]
[ 42 1664 896 0 0 ]
[ 42 1664 1024 0 0 ]
[ 42 1664 1152 0 0 ]
[ 42 1536 1152 0 0 ]
[ 42 1408 1152 0 0 ]
[ 42 1408 1024 0 0 ]
[ 42 1408 896 0 0 ]
[ 42 1408 768 0 0 ]
[ 42 1408 640 0 0 ]
[ 42 1536 640 0 0 ]
[ 42 1536 768 0 0 ]
[ 42 1536 896 0 0 ]
[ 42 1536 1024 0 0 ]
[ 42 896 1408 0 0 ]
[ 42 896 1536 0 0 ]
[ 42 896 1664 0 0 ]
[ 42 1152 1536 0 0 ]
[ 42 1280 1536 0 0 ]
[ 42 1408 1536 0 0 ]
[ 42 1664 1536 0 0 ]
[ 42 1920 1536 0 0 ]
[ 42 2048 1536 0 0 ]
[ 42 2176 1536 0 0 ]
[ 24 1792 1920 90 lmode 8 1 ]
[ 24 1792 2048 90 lmode 8 1 ]
[ 24 1792 2176 90 lmode 8 1 ]
[ 24 1280 1920 90 lmode 9 1 ]
[ 24 1280 2048 90 lmode 9 1 ]
[ 24 1280 2176 90 lmode 9 1 ]
[ 24 1408 1792 180 lmode 6 1 ]
[ 24 1664 1792 180 lmode 6 1 ]
[ 42 1408 1920 180 0 ]
[ 42 1408 2048 180 0 ]
[ 42 1664 1920 180 0 ]
[ 42 1664 2048 180 0 ]
[ 13 1152 2176 180 0 ]
[ 13 896 2176 180 0 ]
[ 13 896 2048 180 0 ]
[ 13 896 1920 180 0 ]
[ 13 2176 2176 180 0 ]
[ 13 2048 2176 180 0 ]
[ 13 1920 2048 180 0 ]
[ 13 1920 1920 180 0 ]
[ 20 2048 1920 180 0 ]
[ 20 2176 2048 180 0 ]
[ 20 1024 2176 180 0 ]
[ 20 1152 1920 180 0 ]
[ 20 1024 2048 180 0 ]
[ 20 1024 1920 180 0 ]
[ 20 1152 2048 180 0 ]
[ 20 512 384 180 0 ]
[ 20 640 384 180 0 ]
[ 20 640 512 180 0 ]
[ 20 640 640 180 0 ]
[ 20 512 640 180 0 ]
[ 20 384 640 180 0 ]
[ 20 384 512 180 0 ]
[ 20 384 384 180 0 ]
[ 20 1920 1024 180 0 ]
[ 20 1920 1152 180 0 ]
[ 20 2048 1152 180 0 ]
[ 20 2176 1152 180 0 ]
[ 20 2176 1024 180 0 ]
[ 20 2176 896 180 0 ]
[ 20 2048 896 180 0 ]
[ 20 1920 896 180 0 ]
[ 13 384 1408 180 0 ]
[ 13 384 1536 180 0 ]
[ 13 384 1664 180 0 ]
[ 13 512 1664 180 0 ]
[ 13 640 1664 180 0 ]
[ 13 640 1536 180 0 ]
[ 13 640 1408 180 0 ]
[ 13 512 1408 180 0 ]
[ 13 384 1024 180 0 ]
[ 13 384 1152 180 0 ]
[ 13 512 1152 180 0 ]
[ 13 640 1152 180 0 ]
[ 13 640 1024 180 0 ]
[ 13 640 896 180 0 ]
[ 13 512 896 180 0 ]
[ 13 384 896 180 0 ]
[ 18 512 1792 360 12 ]
[ 18 384 1792 0 12 ]
[ 18 640 1792 0 12 ]
[ 20 640 2176 0 0 ]
[ 20 512 2176 0 0 ]
[ 20 384 1920 0 0 ]
[ 20 512 1920 0 0 ]
[ 20 640 1920 0 0 ]
[ 20 640 2048 0 0 ]
[ 20 512 2048 0 0 ]
[ 20 384 2048 0 0 ]
[ 20 384 2176 0 0 ]
[ 23 2304 1408 270 lmode 0 0 ]
[ 23 2304 1536 270 lmode 0 0 ]
[ 23 2304 1664 270 lmode 0 0 ]
[ 20 2176 1920 270 0 ]
[ 20 1920 2176 270 0 ]
[ 24 2560 1792 360 lmode 10 1 ]
[ 24 2432 1792 0 lmode 10 1 ]
[ 24 2688 1792 0 lmode 10 1 ]
[ 24 2432 768 180 lmode 11 1 ]
[ 24 2560 768 180 lmode 11 1 ]
[ 24 2688 768 180 lmode 11 1 ]
[ 6 2432 512 180 0 ]
[ 6 2432 640 180 0 ]
[ 6 2687 384 180 0 ]
[ 6 2687 512 180 0 ]
[ 6 2687 640 180 0 ]
[ 6 2560 640 180 0 ]
[ 6 2560 384 180 0 ]
[ 6 2432 384 180 0 ]
[ 6 2688 1920 180 0 ]
[ 6 2688 2048 180 0 ]
[ 6 2688 2176 180 0 ]
[ 6 2559 2176 180 0 ]
[ 6 2432 1920 180 0 ]
[ 6 2559 1920 180 0 ]
[ 6 2432 2048 180 0 ]
[ 6 2432 2176 180 0 ]
[ 42 2432 1664 180 0 ]
[ 42 2559 1664 180 0 ]
[ 42 2559 1536 180 0 ]
[ 42 2432 1536 180 0 ]
[ 17 512 1536 180 dmode 0 0 ]
[ 100 896 896 763 ]
[ 100 2176 896 763 ]
[ 100 1024 1536 763 ]
[ 100 2048 1536 763 ]
Electric
[ 30 1152 256 180 1 ]
[ 31 1408 256 360 0 ]
[ 33 1280 256 180 lmode 0 ]
[ 26 1280 384 270 ]
[ 26 1280 640 270 ]
[ 26 1152 768 360 ]
[ 26 1024 768 0 ]
[ 26 896 768 0 ]
[ 33 1280 768 630 lmode 1 ]
[ 35 1152 1280 180 lmode 2 1 ]
[ 34 1408 1280 360 lmode 2 0 ]
[ 28 1280 1280 0 ]
[ 26 1280 896 90 ]
[ 26 1280 1024 90 ]
[ 26 1280 1152 90 ]
[ 26 1664 1280 180 ]
[ 37 1792 1280 360 lmode 3 ]
[ 28 1280 512 90 ]
[ 26 1920 512 180 ]
[ 26 2048 512 180 ]
[ 35 1792 512 0 lmode 4 1 ]
[ 26 1408 512 0 ]
[ 26 1536 512 0 ]
[ 26 1664 512 0 ]
[ 28 2176 512 990 ]
[ 27 2176 640 360 ]
[ 27 2176 384 270 ]
[ 25 1920 640 540 ]
[ 25 1920 384 180 ]
[ 26 2048 640 180 ]
[ 26 2048 384 180 ]
[ 33 1792 1664 360 lmode 5 ]
[ 33 1792 1408 180 lmode 5 ]
[ 30 2176 1408 360 1 ]
[ 31 2176 1664 0 0 ]
[ 26 1920 1408 0 ]
[ 26 1920 1664 0 ]
[ 26 2048 1664 0 ]
[ 26 1792 1536 90 ]
[ 26 1664 1408 180 ]
[ 26 1408 1408 180 ]
[ 26 1280 1408 180 ]
[ 26 1152 1408 180 ]
[ 26 1024 1280 360 ]
[ 26 896 1280 0 ]
[ 37 768 1280 180 lmode 6 ]
[ 31 1024 1792 180 0 ]
[ 35 1152 1792 180 lmode 7 1 ]
[ 27 1280 1792 360 ]
[ 26 1024 1536 90 ]
[ 27 1024 1408 180 ]
[ 27 1024 1664 450 ]
[ 26 1152 1664 360 ]
[ 28 1280 1664 180 ]
[ 26 1408 1664 180 ]
[ 26 1664 1664 180 ]
[ 26 1536 1792 270 ]
[ 26 1536 1920 270 ]
[ 26 1536 2048 270 ]
[ 28 1536 2176 360 ]
[ 27 1408 2176 180 ]
[ 27 1664 2176 270 ]
[ 37 1664 2304 450 lmode 8 ]
[ 37 1408 2304 90 lmode 9 ]
[ 29 1536 1664 180 ]
[ 29 1536 1408 180 ]
[ 28 1536 1280 540 ]
[ 26 1536 1536 270 ]
[ 35 2560 1280 270 lmode 3 1 ]
[ 35 2560 1024 270 lmode 6 1 ]
[ 35 2688 1024 450 lmode 8 1 ]
[ 35 2688 1280 450 lmode 9 1 ]
[ 28 2048 1408 720 ]
[ 26 2176 1280 0 ]
[ 26 2304 1280 0 ]
[ 27 2048 1280 180 ]
[ 27 2432 1280 270 ]
[ 27 2432 1408 810 ]
[ 27 2560 1408 360 ]
[ 26 2560 1152 90 ]
[ 26 2688 1152 90 ]
[ 26 2688 1408 90 ]
[ 26 2688 1536 90 ]
[ 27 2688 1664 90 ]
[ 37 2816 1792 450 lmode 10 ]
[ 28 2816 1664 630 ]
[ 34 2816 1536 450 lmode 9 0 ]
[ 31 2816 1408 270 0 ]
[ 28 2432 896 180 ]
[ 28 2560 896 180 ]
[ 35 2432 1024 450 lmode 6 1 ]
[ 37 2432 1152 450 lmode 11 ]
[ 35 2304 1024 270 dmode 0 1 ]
[ 31 2304 1152 450 0 ]
[ 27 2304 896 180 ]
[ 28 2688 896 180 ]
[ 34 2816 1024 990 lmode 8 0 ]
[ 31 2816 1152 450 0 ]
[ 28 2816 896 630 ]
[ 34 2816 768 450 lmode 6 0 ]
[ 31 2816 640 630 0 ]
PLayer 1092.37 1003.08