Does_not_exist
Map_basic
[ 10 640 768 0 0 ]
[ 10 1152 768 0 0 ]
[ 10 1664 768 0 0 ]
[ 10 1664 1280 0 0 ]
[ 10 1152 1280 0 0 ]
[ 10 640 1280 0 0 ]
[ 10 2176 768 0 0 ]
[ 10 2176 1280 0 0 ]
[ 10 2176 1792 0 0 ]
[ 10 1152 1792 0 0 ]
[ 10 640 1792 0 0 ]
[ 11 640 896 90 0 ]
[ 11 640 1152 90 0 ]
[ 11 640 1664 90 0 ]
[ 11 640 1536 90 0 ]
[ 11 640 1408 90 0 ]
[ 11 768 1792 180 0 ]
[ 11 896 1792 180 0 ]
[ 11 1024 1792 180 0 ]
[ 11 1280 1792 180 0 ]
[ 11 1408 1792 180 0 ]
[ 11 1536 1792 180 0 ]
[ 11 1792 1792 180 0 ]
[ 11 2048 1792 180 0 ]
[ 11 768 768 180 0 ]
[ 11 1024 768 180 0 ]
[ 11 1280 768 180 0 ]
[ 11 1536 768 180 0 ]
[ 11 1792 768 180 0 ]
[ 11 2048 768 180 0 ]
[ 11 2176 1152 270 0 ]
[ 11 2176 896 270 0 ]
[ 11 2176 1408 270 0 ]
[ 11 2176 1664 270 0 ]
[ 15 640 1024 1440 crystal 0 1 ]
[ 15 896 768 0 crystal 1 1 ]
[ 15 1920 1792 0 crystal 2 1 ]
[ 15 2176 1536 0 crystal 3 1 ]
[ 3 1664 1792 0 2 ]
[ 3 896 1536 0 2 ]
[ 11 1920 768 0 0 ]
[ 11 2176 1024 90 0 ]
[ 3 1920 1024 0 2 ]
[ 3 1408 1024 0 2 ]
[ 11 1408 768 180 0 ]
Movables
Map_floor
[ 14 640 1152 270 0 ]
[ 14 640 1024 270 0 ]
[ 14 640 896 270 0 ]
[ 14 768 768 270 0 ]
[ 14 896 768 270 0 ]
[ 14 1024 768 270 0 ]
[ 14 1280 768 270 0 ]
[ 14 1408 768 270 0 ]
[ 14 1536 768 270 0 ]
[ 14 2048 768 270 0 ]
[ 14 1920 768 270 0 ]
[ 14 1792 768 270 0 ]
[ 14 2176 896 270 0 ]
[ 14 2176 1024 270 0 ]
[ 14 2176 1152 270 0 ]
[ 14 2176 1408 270 0 ]
[ 14 2176 1536 270 0 ]
[ 14 2176 1664 270 0 ]
[ 14 640 1408 270 0 ]
[ 14 640 1536 270 0 ]
[ 14 640 1664 270 0 ]
[ 14 768 1792 270 0 ]
[ 14 896 1792 270 0 ]
[ 14 1024 1792 270 0 ]
[ 14 1536 1792 270 0 ]
[ 14 1408 1792 270 0 ]
[ 14 1280 1792 270 0 ]
[ 14 1792 1792 270 0 ]
[ 14 1920 1792 270 0 ]
[ 14 2048 1792 270 0 ]
[ 11 768 1664 270 0 ]
[ 11 768 1536 270 0 ]
[ 11 768 1408 270 0 ]
[ 11 768 896 270 0 ]
[ 11 896 896 270 0 ]
[ 11 1024 896 270 0 ]
[ 11 1536 1024 270 0 ]
[ 11 1536 896 270 0 ]
[ 11 1408 896 270 0 ]
[ 11 1280 896 270 0 ]
[ 11 1024 1024 270 0 ]
[ 11 896 1024 270 0 ]
[ 11 768 1024 270 0 ]
[ 11 768 1152 270 0 ]
[ 11 896 1152 270 0 ]
[ 11 1024 1152 270 0 ]
[ 11 1408 1024 270 0 ]
[ 11 1280 1024 270 0 ]
[ 11 1280 1152 270 0 ]
[ 11 1408 1152 270 0 ]
[ 11 1536 1152 270 0 ]
[ 11 896 1408 270 0 ]
[ 11 1024 1408 270 0 ]
[ 11 1792 1408 270 0 ]
[ 11 1920 1408 270 0 ]
[ 11 2048 1408 270 0 ]
[ 11 2048 1536 270 0 ]
[ 11 1792 1664 270 0 ]
[ 11 1536 1664 270 0 ]
[ 11 1408 1664 270 0 ]
[ 11 1280 1664 270 0 ]
[ 11 896 1536 270 0 ]
[ 11 1024 1536 270 0 ]
[ 11 896 1664 270 0 ]
[ 11 1024 1664 270 0 ]
[ 11 1280 1536 270 0 ]
[ 11 2048 1664 270 0 ]
[ 11 1920 1664 270 0 ]
[ 11 1920 1536 270 0 ]
[ 11 1792 1536 270 0 ]
[ 11 1536 1408 270 0 ]
[ 11 1280 1408 270 0 ]
[ 11 1408 1408 270 0 ]
[ 11 1408 1536 270 0 ]
[ 11 1536 1536 270 0 ]
[ 16 768 1280 270 crystal 0 1 ]
[ 16 896 1280 270 crystal 0 1 ]
[ 16 1024 1280 270 crystal 0 1 ]
[ 15 1536 1280 270 crystal 0 0 ]
[ 15 1408 1280 270 crystal 0 0 ]
[ 15 1280 1280 270 crystal 0 0 ]
[ 15 1152 896 0 crystal 1 0 ]
[ 15 1152 1024 0 crystal 1 0 ]
[ 15 1152 1152 0 crystal 1 0 ]
[ 16 1152 1408 0 crystal 1 1 ]
[ 16 1152 1536 0 crystal 1 1 ]
[ 16 1152 1664 0 crystal 1 1 ]
[ 16 1664 896 0 crystal 2 1 ]
[ 16 1664 1024 0 crystal 2 1 ]
[ 16 1664 1152 0 crystal 2 1 ]
[ 15 1792 1280 0 crystal 2 0 ]
[ 15 1920 1280 0 crystal 2 0 ]
[ 15 2047 1280 0 crystal 2 0 ]
[ 15 1663 1536 0 crystal 3 0 ]
[ 6 1792 1152 0 0 ]
[ 6 1792 1024 0 0 ]
[ 6 1792 896 0 0 ]
[ 6 1920 896 0 0 ]
[ 6 2048 896 0 0 ]
[ 6 2048 1024 0 0 ]
[ 6 2048 1152 0 0 ]
[ 6 1920 1152 0 0 ]
[ 6 1920 1024 0 0 ]
[ 16 1663 1664 0 crystal 3 1 ]
[ 16 1664 1408 0 crystal 3 1 ]
[ 100 1408 1280 937 ]
Electric
PLayer 932.191 1118.22