Does_not_exist
Map_basic
[ 10 896 511 0 0 ]
[ 10 1024 512 0 0 ]
[ 10 1152 640 0 0 ]
[ 10 1280 640 0 0 ]
[ 10 768 640 0 0 ]
[ 10 640 640 0 0 ]
[ 10 512 768 0 0 ]
[ 10 384 768 90 0 ]
[ 10 128 895 0 0 ]
[ 10 256 896 0 0 ]
[ 10 0 1024 0 0 ]
[ 10 -128 1024 0 0 ]
[ 10 -256 1152 0 0 ]
[ 10 -384 1152 0 0 ]
[ 10 -640 1279 0 0 ]
[ 10 -512 1280 0 0 ]
[ 10 -768 1408 0 0 ]
[ 10 -896 1408 0 0 ]
[ 10 -1024 1536 0 0 ]
[ 10 -1152 1536 0 0 ]
[ 10 1664 896 0 0 ]
[ 10 1792 896 0 0 ]
[ 10 1664 896 0 0 ]
[ 10 2048 1024 0 0 ]
[ 10 2176 1152 0 0 ]
[ 10 2304 1152 0 0 ]
[ 10 2432 1280 0 0 ]
[ 10 2560 1280 0 0 ]
[ 10 2688 1408 0 0 ]
[ 10 2816 1408 0 0 ]
[ 10 2944 1536 0 0 ]
[ 10 3072 1536 0 0 ]
[ 10 -896 1664 0 0 ]
[ 10 -768 1664 0 0 ]
[ 10 -640 1792 0 0 ]
[ 10 -513 1792 0 0 ]
[ 10 -384 1920 0 0 ]
[ 10 -128 2047 0 0 ]
[ 10 0 2047 0 0 ]
[ 10 128 2176 0 0 ]
[ 10 384 2304 0 0 ]
[ 10 512 2304 0 0 ]
[ 10 640 2432 0 0 ]
[ 10 768 2432 0 0 ]
[ 10 896 2560 0 0 ]
[ 10 1024 2560 0 0 ]
[ 10 1152 2432 0 0 ]
[ 10 1280 2432 0 0 ]
[ 10 1408 2304 0 0 ]
[ 10 1535 2304 0 0 ]
[ 10 1664 2176 0 0 ]
[ 10 1792 2176 0 0 ]
[ 10 1920 2048 0 0 ]
[ 10 2048 2048 0 0 ]
[ 10 2432 1792 0 0 ]
[ 10 2560 1792 0 0 ]
[ 10 2688 1664 0 0 ]
[ 10 2816 1664 0 0 ]
[ 10 -896 3712 0 0 ]
[ 10 -768 3712 0 0 ]
[ 10 -640 3840 0 0 ]
[ 10 -513 3840 0 0 ]
[ 10 -384 3968 0 0 ]
[ 10 -256 3968 0 0 ]
[ 10 -128 4095 0 0 ]
[ 10 0 4095 0 0 ]
[ 10 128 4224 0 0 ]
[ 10 256 4224 0 0 ]
[ 10 384 4352 0 0 ]
[ 10 512 4352 0 0 ]
[ 10 640 4480 0 0 ]
[ 10 768 4480 0 0 ]
[ 10 896 4608 0 0 ]
[ 10 1024 4608 0 0 ]
[ 10 1152 4480 0 0 ]
[ 10 1280 4480 0 0 ]
[ 10 1408 4352 0 0 ]
[ 10 1535 4352 0 0 ]
[ 10 1664 4224 0 0 ]
[ 10 1792 4224 0 0 ]
[ 10 1920 4096 0 0 ]
[ 10 2048 4096 0 0 ]
[ 10 2176 3968 0 0 ]
[ 10 2304 3968 0 0 ]
[ 10 2432 3840 0 0 ]
[ 10 2560 3840 0 0 ]
[ 10 2688 3712 0 0 ]
[ 10 2816 3712 0 0 ]
[ 10 -1025 3584 0 0 ]
[ 10 -1152 3584 0 0 ]
[ 10 3072 3584 0 0 ]
[ 10 2944 3584 0 0 ]
[ 10 -1152 1664 0 0 ]
[ 10 -1152 2304 0 0 ]
[ 10 -1152 2432 0 0 ]
[ 10 -1152 2560 0 0 ]
[ 10 -1152 2688 0 0 ]
[ 10 -1152 3456 0 0 ]
[ 10 -1152 3328 0 0 ]
[ 10 -1152 3200 0 0 ]
[ 10 -1152 3072 0 0 ]
[ 10 -1152 2944 0 0 ]
[ 10 -1152 2816 0 0 ]
[ 10 -1025 3456 0 0 ]
[ 10 -1025 3328 0 0 ]
[ 10 -1025 3200 0 0 ]
[ 10 -1025 3072 0 0 ]
[ 10 -1025 2944 0 0 ]
[ 10 -1025 2816 90 0 ]
[ 10 -1025 2688 90 0 ]
[ 10 -1025 2560 0 0 ]
[ 10 -1025 2432 0 0 ]
[ 10 -1025 2304 0 0 ]
[ 10 -1025 2176 0 0 ]
[ 10 -1152 2176 0 0 ]
[ 10 -1152 2048 0 0 ]
[ 10 -1152 1920 0 0 ]
[ 10 -1152 1792 0 0 ]
[ 10 -1025 1664 0 0 ]
[ 10 -1025 1792 0 0 ]
[ 10 -1025 1920 0 0 ]
[ 10 -1025 2048 0 0 ]
[ 10 2944 1664 0 0 ]
[ 10 2944 2944 0 0 ]
[ 10 2944 3455 0 0 ]
[ 10 2944 3328 0 0 ]
[ 10 2944 3200 0 0 ]
[ 10 2944 3072 0 0 ]
[ 10 3072 3455 0 0 ]
[ 10 3072 3328 0 0 ]
[ 10 3072 3200 0 0 ]
[ 10 3072 3072 0 0 ]
[ 10 2944 2816 0 0 ]
[ 10 2944 2688 0 0 ]
[ 10 2944 2560 0 0 ]
[ 10 2944 2432 0 0 ]
[ 10 2944 2304 0 0 ]
[ 10 2944 2176 0 0 ]
[ 10 2944 2048 0 0 ]
[ 10 2944 1920 0 0 ]
[ 10 2944 1792 0 0 ]
[ 10 3072 1664 0 0 ]
[ 10 3072 1792 0 0 ]
[ 10 3072 1920 0 0 ]
[ 10 3072 2048 0 0 ]
[ 10 3072 2176 0 0 ]
[ 10 3072 2304 0 0 ]
[ 10 3072 2432 0 0 ]
[ 10 3072 2560 0 0 ]
[ 10 3072 2688 0 0 ]
[ 10 3072 2816 0 0 ]
[ 10 3072 2944 0 0 ]
[ 10 896 2688 0 0 ]
[ 10 896 2816 0 0 ]
[ 10 896 2944 0 0 ]
[ 10 1024 3200 0 0 ]
[ 10 1024 3328 0 0 ]
[ 10 1024 4095 0 0 ]
[ 10 1024 4224 0 0 ]
[ 10 1024 4352 0 0 ]
[ 10 1024 4480 0 0 ]
[ 10 896 4480 0 0 ]
[ 10 896 4352 0 0 ]
[ 10 896 4224 0 0 ]
[ 10 896 4095 0 0 ]
[ 10 896 3968 0 0 ]
[ 10 896 3840 0 0 ]
[ 10 896 3712 0 0 ]
[ 10 896 3584 0 0 ]
[ 10 896 3200 0 0 ]
[ 10 896 3072 0 0 ]
[ 10 1024 3072 0 0 ]
[ 10 1024 2944 0 0 ]
[ 10 1024 2816 0 0 ]
[ 10 1024 2688 0 0 ]
[ 10 -896 3584 0 0 ]
[ 10 -768 3584 0 0 ]
[ 10 -640 3712 0 0 ]
[ 10 -512 3712 0 0 ]
[ 10 -384 3840 0 0 ]
[ 10 -128 3968 0 0 ]
[ 10 0 3968 0 0 ]
[ 10 128 4095 0 0 ]
[ 10 256 4095 0 0 ]
[ 10 384 4224 0 0 ]
[ 10 640 4352 0 0 ]
[ 10 768 4352 0 0 ]
[ 10 1152 4352 0 0 ]
[ 10 1280 4352 0 0 ]
[ 10 1408 4224 0 0 ]
[ 10 1536 4224 0 0 ]
[ 10 1792 4095 0 0 ]
[ 10 1664 4096 0 0 ]
[ 10 1920 3968 0 0 ]
[ 10 2048 3968 0 0 ]
[ 10 2304 3840 0 0 ]
[ 10 2176 3840 0 0 ]
[ 10 2432 3712 0 0 ]
[ 10 2559 3712 0 0 ]
[ 10 2687 3584 0 0 ]
[ 10 2816 3584 0 0 ]
[ 10 -896 1792 0 0 ]
[ 10 -768 1792 0 0 ]
[ 10 -641 1920 0 0 ]
[ 10 -512 1920 0 0 ]
[ 10 -384 2048 0 0 ]
[ 10 -256 2048 0 0 ]
[ 10 0 2176 0 0 ]
[ 10 128 2304 0 0 ]
[ 10 256 2304 0 0 ]
[ 10 384 2432 0 0 ]
[ 10 768 2560 0 0 ]
[ 10 1152 2560 0 0 ]
[ 10 1280 2560 0 0 ]
[ 10 1408 2432 0 0 ]
[ 10 1535 2432 0 0 ]
[ 10 1664 2304 0 0 ]
[ 10 1792 2304 0 0 ]
[ 10 1920 2176 0 0 ]
[ 10 2048 2176 0 0 ]
[ 10 2176 2048 0 0 ]
[ 10 2304 2048 0 0 ]
[ 10 2432 1920 0 0 ]
[ 10 2560 1920 0 0 ]
[ 10 2816 1792 0 0 ]
[ 10 -896 1536 0 0 ]
[ 10 -768 1536 0 0 ]
[ 10 -641 1408 0 0 ]
[ 10 -384 1280 0 0 ]
[ 10 -256 1280 0 0 ]
[ 10 0 1152 0 0 ]
[ 10 -128 1152 0 0 ]
[ 10 128 1024 0 0 ]
[ 10 512 896 0 0 ]
[ 10 384 896 0 0 ]
[ 10 768 768 0 0 ]
[ 10 640 768 0 0 ]
[ 10 895 639 0 0 ]
[ 10 1024 639 0 0 ]
[ 10 1152 768 0 0 ]
[ 10 2048 1152 0 0 ]
[ 10 1664 1024 0 0 ]
[ 10 2176 1280 0 0 ]
[ 10 2304 1280 0 0 ]
[ 10 2560 1408 0 0 ]
[ 10 2816 1536 0 0 ]
[ 10 2688 1536 0 0 ]
[ 11 768 2688 90 0 ]
[ 11 768 2816 90 0 ]
[ 11 768 2944 90 0 ]
[ 11 768 3072 90 0 ]
[ 11 768 3200 90 0 ]
[ 11 768 3328 90 0 ]
[ 11 768 3456 90 0 ]
[ 11 768 3584 90 0 ]
[ 11 768 3712 90 0 ]
[ 11 768 3840 90 0 ]
[ 11 768 4224 90 0 ]
[ 11 768 3968 90 0 ]
[ 11 768 4096 90 0 ]
[ 11 1152 3840 90 0 ]
[ 11 1152 3712 90 0 ]
[ 11 1152 2688 90 0 ]
[ 11 1152 2816 90 0 ]
[ 11 1152 2944 90 0 ]
[ 11 1152 3072 90 0 ]
[ 11 1152 3200 90 0 ]
[ 11 1152 3328 90 0 ]
[ 11 1152 3456 90 0 ]
[ 11 1152 3584 90 0 ]
[ 11 1152 3968 90 0 ]
[ 11 1152 4096 90 0 ]
[ 11 1152 4224 90 0 ]
[ 10 896 3328 90 0 ]
[ 10 896 3456 90 0 ]
[ 10 1024 3456 90 0 ]
[ 10 1024 3584 90 0 ]
[ 10 1024 3712 90 0 ]
[ 10 1024 3840 90 0 ]
[ 10 1024 3968 90 0 ]
[ 11 2816 3072 90 0 ]
[ 11 2816 2944 90 0 ]
[ 11 2816 1920 90 0 ]
[ 11 2816 2048 90 0 ]
[ 11 2816 2176 90 0 ]
[ 11 2816 2304 90 0 ]
[ 11 2816 2432 90 0 ]
[ 11 2816 2560 90 0 ]
[ 11 2816 2688 90 0 ]
[ 11 2816 2816 90 0 ]
[ 11 2816 3200 90 0 ]
[ 11 2816 3328 90 0 ]
[ 11 -896 3072 90 0 ]
[ 11 -896 2944 90 0 ]
[ 11 -896 1920 90 0 ]
[ 11 -896 2048 90 0 ]
[ 11 -896 2176 90 0 ]
[ 11 -896 2304 90 0 ]
[ 11 -896 2432 90 0 ]
[ 11 -896 2560 90 0 ]
[ 11 -896 2688 180 0 ]
[ 11 -896 2816 180 0 ]
[ 11 -896 3200 90 0 ]
[ 11 -896 3328 90 0 ]
[ 11 -896 3456 90 0 ]
[ 10 2560 3584 0 0 ]
[ 3 -128 2176 0 2 ]
[ 3 -256 3840 0 2 ]
[ 3 512 4224 0 2 ]
[ 3 -512 2688 0 2 ]
[ 3 384 3328 0 2 ]
[ 15 2816 3456 360 crystal 1 1 ]
[ 3 2176 2688 0 2 ]
[ 3 2560 2176 0 2 ]
[ 3 1536 2816 0 2 ]
[ 3 1408 3840 0 2 ]
[ 3 2048 3328 0 2 ]
[ 15 2432 1408 0 barmode 3 1 ]
[ 15 2432 1536 0 barmode 4 1 ]
[ 15 2432 1664 0 barmode 5 1 ]
[ 29 2688 1792 0 0 ]
[ 10 1919 1024 90 0 ]
[ 10 1792 1024 90 0 ]
[ 10 1792 1152 90 0 ]
[ 10 1919 1152 90 0 ]
[ 3 1664 1152 0 2 ]
[ 10 1920 1280 90 0 ]
[ 10 1664 1280 180 0 ]
[ 10 2304 1792 180 0 ]
[ 10 2048 1920 180 0 ]
[ 10 2304 1920 180 0 ]
[ 10 2176 1920 180 0 ]
[ 10 2176 1792 180 0 ]
[ 10 2560 1536 180 0 ]
[ 10 2560 1664 180 0 ]
[ 3 -512 1408 0 2 ]
[ 3 -256 1920 0 2 ]
[ 3 256 1024 0 2 ]
[ 3 128 1536 0 2 ]
[ 3 256 2176 0 2 ]
[ 3 2048 1792 0 0 ]
[ 3 2048 1280 0 2 ]
[ 15 128 2816 0 crystal 2 1 ]
[ 15 384 3712 0 crystal 3 1 ]
[ 20 512 2432 0 2 ]
[ 2 1280 768 0 dmode 0 0 ]
[ 10 1408 1024 0 0 ]
[ 10 1280 1024 0 0 ]
[ 10 1408 768 270 0 ]
[ 10 1536 768 270 0 ]
[ 31 512 2496 0 8 ]
Movables
[ 256 1536 1 ]
[ 128 1664 1 ]
[ 128 1408 1 ]
[ 0 1536 1 ]
[ -384 1664 1 ]
[ -128 1920 1 ]
[ -256 1792 1 ]
[ 255 2047 1 ]
[ 384 2176 1 ]
[ 128 1920 1 ]
[ 0 1792 1 ]
[ -128 1664 1 ]
[ -256 1536 1 ]
[ -128 1408 1 ]
[ -384 1408 1 ]
[ 0 1280 1 ]
[ 128 1152 1 ]
[ 255 1280 1 ]
[ 384 1152 1 ]
[ 512 1024 1 ]
[ 640 896 1 ]
[ 768 1024 1 ]
[ 896 896 1 ]
[ 1024 768 1 ]
[ 1024 1024 1 ]
[ 896 1152 1 ]
[ 640 1152 1 ]
[ 512 1280 1 ]
[ 768 1280 1 ]
[ 1024 1280 1 ]
[ 384 1408 1 ]
[ 512 1536 1 ]
[ 640 1408 1 ]
[ 896 1408 1 ]
[ 1024 1536 1 ]
[ 768 1536 1 ]
[ 384 1664 1 ]
[ 256 1792 1 ]
[ 384 1920 1 ]
[ 512 2048 1 ]
[ 640 2176 1 ]
[ 768 2304 1 ]
[ 896 2432 1 ]
[ 1024 2304 1 ]
[ 1152 2176 1 ]
[ 1280 2304 1 ]
[ 1280 2048 1 ]
[ 1152 1920 1 ]
[ 1024 1792 1 ]
[ 896 1664 1 ]
[ 640 1664 1 ]
[ 512 1792 1 ]
[ 768 1792 1 ]
[ 640 1920 1 ]
[ 896 1920 1 ]
[ 768 2048 1 ]
[ 896 2176 1 ]
[ 1024 2048 1 ]
[ 1152 1664 1 ]
[ 1152 1408 1 ]
[ 1280 1792 1 ]
[ 1280 1536 1 ]
[ 2048 1408 3 ]
[ 2048 1536 3 ]
[ 2048 1664 3 ]
Map_floor
[ 14 768 2816 90 0 ]
[ 14 768 2944 90 0 ]
[ 14 768 3072 90 0 ]
[ 14 768 3200 90 0 ]
[ 14 768 3328 90 0 ]
[ 14 768 4224 90 0 ]
[ 14 768 4096 90 0 ]
[ 14 768 3968 90 0 ]
[ 14 768 3456 90 0 ]
[ 14 768 3584 90 0 ]
[ 14 768 3712 90 0 ]
[ 14 768 3840 90 0 ]
[ 14 1152 2816 90 0 ]
[ 14 1152 2944 90 0 ]
[ 14 1152 3072 90 0 ]
[ 14 1152 3200 90 0 ]
[ 14 1152 3328 90 0 ]
[ 14 1152 3456 90 0 ]
[ 14 1152 3584 90 0 ]
[ 14 1152 3712 90 0 ]
[ 14 1152 3840 90 0 ]
[ 14 1152 3968 90 0 ]
[ 14 1152 4096 90 0 ]
[ 14 1152 4224 90 0 ]
[ 14 2816 1920 90 0 ]
[ 14 2816 2048 90 0 ]
[ 14 2816 2176 90 0 ]
[ 14 2816 2304 90 0 ]
[ 14 2816 2432 90 0 ]
[ 14 2816 2560 90 0 ]
[ 14 2816 2688 90 0 ]
[ 14 2816 2816 90 0 ]
[ 14 2816 2944 90 0 ]
[ 14 2816 3072 90 0 ]
[ 14 2816 3200 90 0 ]
[ 14 2816 3328 90 0 ]
[ 14 2816 3456 90 0 ]
[ 14 -896 1920 90 0 ]
[ 14 -896 2048 90 0 ]
[ 14 -896 2176 90 0 ]
[ 14 -896 2304 90 0 ]
[ 14 -896 2432 90 0 ]
[ 14 -896 2560 90 0 ]
[ 14 -896 2688 90 0 ]
[ 14 -896 2816 90 0 ]
[ 14 -896 2944 90 0 ]
[ 14 -896 3072 90 0 ]
[ 14 -896 3200 90 0 ]
[ 14 -896 3328 90 0 ]
[ 14 -896 3456 90 0 ]
[ 11 -640 3712 0 0 ]
[ 11 -640 3840 0 0 ]
[ 11 -512 3712 0 0 ]
[ 11 -512 3840 0 0 ]
[ 11 -384 3840 0 0 ]
[ 11 -256 3840 0 0 ]
[ 11 -384 3968 0 0 ]
[ 11 -256 3968 0 0 ]
[ 11 -128 3968 0 0 ]
[ 11 0 3968 0 0 ]
[ 11 0 4095 0 0 ]
[ 11 128 4095 0 0 ]
[ 11 256 4095 0 0 ]
[ 11 640 4352 0 0 ]
[ 11 1280 4352 0 0 ]
[ 11 1280 1664 0 0 ]
[ 11 1280 1792 0 0 ]
[ 11 1280 1920 0 0 ]
[ 11 1280 2048 0 0 ]
[ 11 1280 2176 0 0 ]
[ 11 1280 2304 0 0 ]
[ 11 1280 2432 0 0 ]
[ 11 1280 2560 0 0 ]
[ 11 1408 1792 0 0 ]
[ 11 1408 2048 0 0 ]
[ 11 1408 2304 0 0 ]
[ 11 1408 2432 0 0 ]
[ 11 1536 1664 0 0 ]
[ 11 1536 1920 0 0 ]
[ 11 1536 2176 0 0 ]
[ 11 1536 2304 0 0 ]
[ 11 1536 2432 0 0 ]
[ 11 1664 2176 0 0 ]
[ 11 1664 2304 0 0 ]
[ 11 1792 2176 0 0 ]
[ 11 1792 2304 0 0 ]
[ 11 1920 2048 0 0 ]
[ 11 1920 2176 0 0 ]
[ 11 2048 1792 0 0 ]
[ 11 2048 1920 0 0 ]
[ 11 2048 2048 0 0 ]
[ 11 2048 2176 0 0 ]
[ 11 2176 1792 0 0 ]
[ 11 2176 1920 0 0 ]
[ 11 2176 2048 0 0 ]
[ 11 2304 1792 0 0 ]
[ 11 2304 1920 0 0 ]
[ 11 2304 2048 0 0 ]
[ 11 2432 1536 0 0 ]
[ 11 2432 1664 0 0 ]
[ 11 2432 1792 0 0 ]
[ 11 2432 1920 0 0 ]
[ 11 2560 1536 0 0 ]
[ 11 2560 1664 0 0 ]
[ 11 2560 1792 0 0 ]
[ 11 2560 1920 0 0 ]
[ 11 2560 3584 0 0 ]
[ 11 2688 3584 0 0 ]
[ 11 1664 4096 0 0 ]
[ 11 1792 4096 0 0 ]
[ 11 1920 3968 0 0 ]
[ 11 1920 4096 0 0 ]
[ 11 2176 3840 0 0 ]
[ 11 2304 3840 0 0 ]
[ 11 2432 3712 0 0 ]
[ 11 2432 3840 0 0 ]
[ 11 -768 1536 0 0 ]
[ 11 -768 1664 0 0 ]
[ 11 -768 1792 0 0 ]
[ 11 -640 1792 0 0 ]
[ 11 -640 1920 0 0 ]
[ 11 -512 1792 0 0 ]
[ 11 -512 1920 0 0 ]
[ 11 -384 1408 0 0 ]
[ 11 -384 1536 0 0 ]
[ 11 -384 1664 0 0 ]
[ 11 -384 1792 0 0 ]
[ 11 -384 1920 0 0 ]
[ 11 -384 2048 0 0 ]
[ 11 -256 1408 0 0 ]
[ 11 -256 1536 0 0 ]
[ 11 -256 1664 0 0 ]
[ 11 -256 1792 0 0 ]
[ 11 -256 1920 0 0 ]
[ 11 -256 2048 0 0 ]
[ 11 -128 1664 0 0 ]
[ 11 -128 1792 0 0 ]
[ 11 -128 1920 0 0 ]
[ 11 -128 2048 0 0 ]
[ 11 -128 2176 0 0 ]
[ 11 0 1664 0 0 ]
[ 11 0 1792 0 0 ]
[ 11 0 1920 0 0 ]
[ 11 0 2048 0 0 ]
[ 11 0 2176 0 0 ]
[ 11 128 1664 0 0 ]
[ 11 128 1792 0 0 ]
[ 11 128 1920 0 0 ]
[ 11 128 2048 0 0 ]
[ 11 128 2176 0 0 ]
[ 11 128 2304 0 0 ]
[ 11 256 1664 0 0 ]
[ 11 256 1792 0 0 ]
[ 11 256 1920 0 0 ]
[ 11 256 2048 0 0 ]
[ 11 256 2176 0 0 ]
[ 11 256 2304 0 0 ]
[ 11 384 1664 0 0 ]
[ 11 384 1792 0 0 ]
[ 11 384 1920 0 0 ]
[ 11 384 2048 0 0 ]
[ 11 384 2176 0 0 ]
[ 11 384 2432 0 0 ]
[ 11 512 1664 0 0 ]
[ 11 512 1792 0 0 ]
[ 11 512 1920 0 0 ]
[ 11 512 2048 0 0 ]
[ 11 512 2176 0 0 ]
[ 11 512 2304 0 0 ]
[ 11 512 2432 0 0 ]
[ 11 640 1664 0 0 ]
[ 11 640 1792 0 0 ]
[ 11 640 1920 0 0 ]
[ 11 640 2048 0 0 ]
[ 11 640 2176 0 0 ]
[ 11 640 2304 0 0 ]
[ 11 640 2432 0 0 ]
[ 11 768 1664 0 0 ]
[ 11 768 1792 0 0 ]
[ 11 768 1920 0 0 ]
[ 11 768 2048 0 0 ]
[ 11 768 2176 0 0 ]
[ 11 768 2304 180 0 ]
[ 11 768 2432 0 0 ]
[ 11 896 1664 0 0 ]
[ 11 896 1792 0 0 ]
[ 11 896 1920 0 0 ]
[ 11 896 2048 0 0 ]
[ 11 896 2176 0 0 ]
[ 11 896 2304 360 0 ]
[ 11 896 2432 180 0 ]
[ 11 1024 1664 0 0 ]
[ 11 1024 1792 0 0 ]
[ 11 1024 1920 0 0 ]
[ 11 1024 2048 0 0 ]
[ 11 1024 2176 0 0 ]
[ 11 1024 2304 180 0 ]
[ 11 1024 2432 180 0 ]
[ 11 1152 1664 0 0 ]
[ 11 1152 1792 0 0 ]
[ 11 1152 1920 0 0 ]
[ 11 1152 2048 0 0 ]
[ 11 1152 2176 0 0 ]
[ 11 1152 2304 180 0 ]
[ 11 1152 2432 0 0 ]
[ 11 1280 1664 0 0 ]
[ 11 1280 1792 0 0 ]
[ 11 1280 1920 0 0 ]
[ 11 1280 2048 0 0 ]
[ 11 1280 2176 0 0 ]
[ 11 1280 2304 0 0 ]
[ 11 1280 2432 0 0 ]
[ 11 -128 1280 0 0 ]
[ 11 -128 1408 0 0 ]
[ 11 -128 1536 0 0 ]
[ 11 0 1280 0 0 ]
[ 11 0 1408 0 0 ]
[ 11 0 1536 0 0 ]
[ 11 128 1280 0 0 ]
[ 11 128 1408 0 0 ]
[ 11 128 1536 0 0 ]
[ 11 256 1280 0 0 ]
[ 11 256 1408 0 0 ]
[ 11 256 1536 0 0 ]
[ 11 384 1280 0 0 ]
[ 11 384 1408 0 0 ]
[ 11 384 1536 0 0 ]
[ 11 512 1280 0 0 ]
[ 11 512 1408 0 0 ]
[ 11 512 1536 0 0 ]
[ 11 640 1280 0 0 ]
[ 11 640 1408 0 0 ]
[ 11 640 1536 0 0 ]
[ 11 2048 1280 0 0 ]
[ 11 2176 1280 0 0 ]
[ 11 128 1152 0 0 ]
[ 11 256 1152 0 0 ]
[ 11 384 1152 0 0 ]
[ 11 512 1152 0 0 ]
[ 11 640 1152 0 0 ]
[ 11 384 1024 0 0 ]
[ 11 512 1024 0 0 ]
[ 11 640 1024 0 0 ]
[ 11 640 896 0 0 ]
[ 11 896 768 0 0 ]
[ 11 1024 768 0 0 ]
[ 16 640 4224 0 crystal 0 1 ]
[ 16 640 4096 0 crystal 0 1 ]
[ 16 640 3968 0 crystal 0 1 ]
[ 16 512 3968 0 crystal 0 1 ]
[ 16 384 3584 0 crystal 0 1 ]
[ 16 256 3456 0 crystal 0 1 ]
[ 16 256 3584 0 crystal 0 1 ]
[ 16 256 3712 0 crystal 0 1 ]
[ 16 256 3968 0 crystal 0 1 ]
[ 16 127 3968 0 crystal 0 1 ]
[ 16 127 3712 0 crystal 0 1 ]
[ 16 127 3584 0 crystal 0 1 ]
[ 16 -128 3840 0 crystal 0 1 ]
[ 16 -128 3712 0 crystal 0 1 ]
[ 16 -384 3712 0 crystal 0 1 ]
[ 16 -384 3584 0 crystal 0 1 ]
[ 16 -384 3328 0 crystal 0 1 ]
[ 16 0 2304 0 crystal 0 1 ]
[ 16 0 2432 0 crystal 0 1 ]
[ 16 127 2560 0 crystal 0 1 ]
[ 16 127 2432 0 crystal 0 1 ]
[ 16 256 2432 0 crystal 0 1 ]
[ 16 256 2560 0 crystal 0 1 ]
[ 16 384 2560 0 crystal 0 1 ]
[ 16 640 2816 0 crystal 0 1 ]
[ 16 512 2816 0 crystal 0 1 ]
[ 16 384 2944 0 crystal 0 1 ]
[ 16 256 2816 0 crystal 0 1 ]
[ 16 384 2816 0 crystal 0 1 ]
[ 16 0 2560 0 crystal 0 1 ]
[ 16 -256 2432 0 crystal 0 1 ]
[ 16 -384 2432 0 crystal 0 1 ]
[ 16 -384 2304 0 crystal 0 1 ]
[ 16 -512 2304 0 crystal 0 1 ]
[ 16 -641 2176 0 crystal 0 1 ]
[ 16 -768 2176 0 crystal 0 1 ]
[ 16 -768 2304 0 crystal 0 1 ]
[ 16 -768 2432 0 crystal 0 1 ]
[ 16 -768 2560 0 crystal 0 1 ]
[ 16 -768 2688 0 crystal 0 1 ]
[ 16 -768 2816 0 crystal 0 1 ]
[ 16 -641 2304 0 crystal 0 1 ]
[ 16 -641 2432 0 crystal 0 1 ]
[ 16 -512 2432 0 crystal 0 1 ]
[ 16 -512 2560 0 crystal 0 1 ]
[ 16 -128 3072 0 crystal 0 1 ]
[ 16 -128 2944 0 crystal 0 1 ]
[ 16 -384 2560 0 crystal 0 1 ]
[ 16 -256 2560 0 crystal 0 1 ]
[ 16 -384 2816 0 crystal 0 1 ]
[ 16 -641 2560 0 crystal 0 1 ]
[ 16 -641 2688 0 crystal 0 1 ]
[ 16 -641 2816 0 crystal 0 1 ]
[ 16 -768 3072 0 crystal 0 1 ]
[ 16 -512 3584 0 crystal 0 1 ]
[ 16 -641 3584 0 crystal 0 1 ]
[ 16 -641 3328 0 crystal 0 1 ]
[ 16 -641 3072 0 crystal 0 1 ]
[ 16 -768 2944 0 crystal 0 1 ]
[ 16 -641 2944 0 crystal 0 1 ]
[ 16 -256 3072 0 crystal 0 1 ]
[ 16 -128 3584 0 crystal 0 1 ]
[ 16 -256 3200 0 crystal 0 1 ]
[ 16 -256 2944 0 crystal 0 1 ]
[ 16 -256 2816 0 crystal 0 1 ]
[ 16 -128 2816 0 crystal 0 1 ]
[ 16 -128 3328 0 crystal 0 1 ]
[ 16 -384 3200 0 crystal 0 1 ]
[ 16 -384 2944 0 crystal 0 1 ]
[ 16 -384 3072 0 crystal 0 1 ]
[ 16 -128 3200 0 crystal 0 1 ]
[ 16 -256 3328 0 crystal 0 1 ]
[ 16 256 2944 0 crystal 0 1 ]
[ 16 127 2944 0 crystal 0 1 ]
[ 16 127 3072 0 crystal 0 1 ]
[ 16 127 3456 0 crystal 0 1 ]
[ 16 256 3200 0 crystal 0 1 ]
[ 16 256 3072 0 crystal 0 1 ]
[ 16 384 3072 0 crystal 0 1 ]
[ 16 512 2944 0 crystal 0 1 ]
[ 16 640 2944 0 crystal 0 1 ]
[ 16 640 3072 0 crystal 0 1 ]
[ 16 640 3200 0 crystal 0 1 ]
[ 16 640 3328 0 crystal 0 1 ]
[ 16 640 3456 0 crystal 0 1 ]
[ 16 512 3584 0 crystal 0 1 ]
[ 16 512 3840 0 crystal 0 1 ]
[ 16 512 3712 0 crystal 0 1 ]
[ 16 640 3840 0 crystal 0 1 ]
[ 16 640 3712 0 crystal 0 1 ]
[ 16 640 3584 0 crystal 0 1 ]
[ 16 384 3200 0 crystal 0 1 ]
[ 16 384 3456 0 crystal 0 1 ]
[ 16 512 3072 0 crystal 0 1 ]
[ 16 512 3200 0 crystal 0 1 ]
[ 16 512 3328 0 crystal 0 1 ]
[ 16 512 3456 0 crystal 0 1 ]
[ 16 127 3200 0 crystal 0 1 ]
[ 43 1152 2688 0 0 ]
[ 43 768 2688 180 0 ]
[ 15 640 2688 180 crystal 0 0 ]
[ 15 1536 2560 0 crystal 1 0 ]
[ 15 1920 2432 0 crystal 1 0 ]
[ 15 2048 2304 0 crystal 1 0 ]
[ 15 2176 2176 0 crystal 1 0 ]
[ 15 2432 2176 0 crystal 1 0 ]
[ 15 2432 2048 0 crystal 1 0 ]
[ 15 2560 2048 0 crystal 1 0 ]
[ 15 2688 1920 0 crystal 1 0 ]
[ 15 2688 2048 0 crystal 1 0 ]
[ 15 2688 2304 0 crystal 1 0 ]
[ 15 2176 2560 0 crystal 1 0 ]
[ 15 2176 2304 0 crystal 1 0 ]
[ 15 2304 2176 0 crystal 1 0 ]
[ 15 2304 2304 0 crystal 1 0 ]
[ 15 2176 2432 0 crystal 1 0 ]
[ 15 2048 2432 0 crystal 1 0 ]
[ 15 2048 2560 0 crystal 1 0 ]
[ 15 1920 2560 0 crystal 1 0 ]
[ 15 1792 2816 0 crystal 1 0 ]
[ 15 1408 2560 0 crystal 1 0 ]
[ 15 1280 2944 0 crystal 1 0 ]
[ 15 1792 2432 0 crystal 1 0 ]
[ 15 1792 2560 0 crystal 1 0 ]
[ 15 1664 2560 0 crystal 1 0 ]
[ 15 1280 2816 0 crystal 1 0 ]
[ 15 1408 2816 0 crystal 1 0 ]
[ 15 1280 4224 0 crystal 1 0 ]
[ 15 1280 3968 0 crystal 1 0 ]
[ 15 1408 3840 0 crystal 1 0 ]
[ 15 1536 4096 0 crystal 1 0 ]
[ 15 1280 4096 0 crystal 1 0 ]
[ 15 1408 4096 0 crystal 1 0 ]
[ 15 1408 3968 0 crystal 1 0 ]
[ 15 1536 3968 0 crystal 1 0 ]
[ 15 1664 3840 0 crystal 1 0 ]
[ 15 1664 3968 0 crystal 1 0 ]
[ 15 1792 3968 0 crystal 1 0 ]
[ 15 1920 3840 0 crystal 1 0 ]
[ 15 2048 3840 0 crystal 1 0 ]
[ 15 2048 3712 0 crystal 1 0 ]
[ 15 2176 3712 0 crystal 1 0 ]
[ 15 2304 3712 0 crystal 1 0 ]
[ 15 2304 3584 0 crystal 1 0 ]
[ 15 2432 3584 0 crystal 1 0 ]
[ 15 2688 3456 0 crystal 0 0 ]
[ 15 2560 2432 0 crystal 1 0 ]
[ 15 2432 2304 0 crystal 1 0 ]
[ 15 2304 2432 0 crystal 1 0 ]
[ 15 2304 2560 0 crystal 1 0 ]
[ 15 1536 2816 0 crystal 1 0 ]
[ 15 1408 2944 0 crystal 1 0 ]
[ 15 1408 3072 0 crystal 1 0 ]
[ 15 1280 3072 0 crystal 1 0 ]
[ 15 1280 3200 0 crystal 1 0 ]
[ 15 1664 3328 0 crystal 1 0 ]
[ 15 1280 3840 0 crystal 1 0 ]
[ 15 1280 3712 0 crystal 1 0 ]
[ 15 1280 3584 0 crystal 1 0 ]
[ 15 1280 3456 0 crystal 1 0 ]
[ 15 1280 3328 0 crystal 1 0 ]
[ 15 1408 3200 0 crystal 1 0 ]
[ 15 1536 3456 0 crystal 1 0 ]
[ 15 1664 3712 0 crystal 1 0 ]
[ 15 1536 3840 0 crystal 1 0 ]
[ 15 1536 3712 0 crystal 1 0 ]
[ 15 1664 3584 0 crystal 1 0 ]
[ 15 1792 3840 0 crystal 1 0 ]
[ 15 1792 3712 0 crystal 1 0 ]
[ 15 1920 3712 0 crystal 1 0 ]
[ 15 1920 3584 0 crystal 1 0 ]
[ 15 1792 3584 0 crystal 1 0 ]
[ 15 1792 3328 0 crystal 1 0 ]
[ 15 1664 3456 0 crystal 1 0 ]
[ 15 1536 3584 0 crystal 1 0 ]
[ 15 1408 3584 0 crystal 1 0 ]
[ 15 1408 3456 0 crystal 1 0 ]
[ 15 1408 3328 0 crystal 1 0 ]
[ 15 1536 3072 0 crystal 1 0 ]
[ 15 1536 2944 0 crystal 1 0 ]
[ 15 1792 2944 0 crystal 1 0 ]
[ 15 1920 2816 0 crystal 1 0 ]
[ 15 1536 3328 0 crystal 1 0 ]
[ 15 1536 3200 0 crystal 1 0 ]
[ 15 1792 3072 0 crystal 1 0 ]
[ 15 2048 2816 0 crystal 1 0 ]
[ 15 2304 2688 0 crystal 1 0 ]
[ 15 2048 3328 0 crystal 1 0 ]
[ 15 2048 3072 0 crystal 1 0 ]
[ 15 2304 2816 0 crystal 1 0 ]
[ 15 2176 3072 0 crystal 1 0 ]
[ 15 2304 3072 0 crystal 1 0 ]
[ 15 2176 3328 0 crystal 1 0 ]
[ 15 2048 3584 0 crystal 1 0 ]
[ 15 2176 3584 0 crystal 1 0 ]
[ 15 2304 3328 0 crystal 1 0 ]
[ 15 2560 2688 0 crystal 1 0 ]
[ 15 2560 2560 0 crystal 1 0 ]
[ 15 2688 2560 0 crystal 1 0 ]
[ 15 2688 2688 0 crystal 1 0 ]
[ 15 2688 2944 0 crystal 1 0 ]
[ 15 2688 3072 0 crystal 1 0 ]
[ 15 2688 3200 0 crystal 1 0 ]
[ 15 2688 3328 0 crystal 1 0 ]
[ 15 2560 3328 0 crystal 1 0 ]
[ 15 2560 3200 0 crystal 1 0 ]
[ 15 2560 3072 0 crystal 1 0 ]
[ 15 2560 2944 0 crystal 1 0 ]
[ 15 2560 2816 0 crystal 1 0 ]
[ 15 2432 3072 0 crystal 1 0 ]
[ 15 2432 2816 0 crystal 1 0 ]
[ 15 2432 2688 0 crystal 1 0 ]
[ 15 2432 2560 0 crystal 1 0 ]
[ 15 2432 2432 0 crystal 1 0 ]
[ 15 2688 2432 0 crystal 1 0 ]
[ 15 2560 3456 180 crystal 0 0 ]
[ 15 2304 3456 180 crystal 0 0 ]
[ 15 2176 3456 180 crystal 0 0 ]
[ 15 2048 3456 180 crystal 0 0 ]
[ 15 1792 3456 180 crystal 0 0 ]
[ 15 1920 3456 180 crystal 0 0 ]
[ 15 1920 3328 180 crystal 0 0 ]
[ 15 1920 3072 180 crystal 0 0 ]
[ 15 1920 2944 180 crystal 0 0 ]
[ 15 2048 2944 180 crystal 0 0 ]
[ 15 2304 2944 180 crystal 0 0 ]
[ 15 2432 2944 180 crystal 0 0 ]
[ 15 2176 2944 180 crystal 0 0 ]
[ 15 2176 2816 180 crystal 0 0 ]
[ 15 2176 2688 180 crystal 0 0 ]
[ 15 2048 2688 180 crystal 0 0 ]
[ 15 1920 2688 180 crystal 0 0 ]
[ 15 1792 2688 180 crystal 0 0 ]
[ 15 1280 2688 180 crystal 0 0 ]
[ 15 1408 2688 180 crystal 0 0 ]
[ 15 1536 2688 180 crystal 0 0 ]
[ 15 1664 2688 180 crystal 0 0 ]
[ 15 1664 2816 180 crystal 0 0 ]
[ 15 1664 2944 180 crystal 0 0 ]
[ 15 1664 3072 180 crystal 0 0 ]
[ 15 1664 3200 180 crystal 0 0 ]
[ 15 1792 3200 180 crystal 0 0 ]
[ 15 1920 3200 180 crystal 0 0 ]
[ 15 2048 3200 180 crystal 0 0 ]
[ 15 2176 3200 180 crystal 0 0 ]
[ 15 2304 3200 180 crystal 0 0 ]
[ 15 2432 3200 180 crystal 0 0 ]
[ 15 2432 3328 180 crystal 0 0 ]
[ 15 2432 3456 180 crystal 0 0 ]
[ 15 1408 3712 180 crystal 0 0 ]
[ 15 2560 2304 180 crystal 0 0 ]
[ 15 2688 2176 180 crystal 0 0 ]
[ 15 2560 2176 180 crystal 0 0 ]
[ 15 2688 2816 180 crystal 0 0 ]
[ 15 1920 2304 180 crystal 0 0 ]
[ 15 1664 2432 180 crystal 0 0 ]
[ 41 1280 1152 0 barmode 3 1 ]
[ 41 1280 1280 0 barmode 3 1 ]
[ 41 1408 1280 0 barmode 3 1 ]
[ 41 1536 1280 0 barmode 3 1 ]
[ 41 1536 1408 0 barmode 4 1 ]
[ 41 1408 1408 0 barmode 4 1 ]
[ 41 1280 1408 0 barmode 4 1 ]
[ 41 1152 1280 0 barmode 4 1 ]
[ 41 1152 1152 0 barmode 4 1 ]
[ 41 1152 1024 0 barmode 4 1 ]
[ 41 1408 1152 0 barmode 5 1 ]
[ 41 1536 1152 0 barmode 5 1 ]
[ 43 1536 1024 270 2 ]
[ 43 2688 1792 90 2 ]
[ 2 1920 1408 90 dmode 5 0 ]
[ 2 1920 1536 90 dmode 5 0 ]
[ 2 1920 1664 90 dmode 5 0 ]
[ 2 1920 1792 90 dmode 5 0 ]
[ 2 1920 1920 90 dmode 5 0 ]
[ 17 2304 1408 90 dmode 5 0 ]
[ 2 1792 1280 90 dmode 6 0 ]
[ 2 1792 1408 90 dmode 6 0 ]
[ 2 1792 1536 90 dmode 6 0 ]
[ 2 1792 1664 90 dmode 6 0 ]
[ 2 1792 1792 90 dmode 6 0 ]
[ 2 1792 1920 90 dmode 6 0 ]
[ 2 1792 2048 90 dmode 6 0 ]
[ 2 1664 1408 90 dmode 7 0 ]
[ 2 1664 1536 90 dmode 7 0 ]
[ 2 1664 1664 90 dmode 7 0 ]
[ 2 1664 1792 90 dmode 7 0 ]
[ 2 1664 1920 90 dmode 7 0 ]
[ 2 1664 2048 90 dmode 7 0 ]
[ 2 1664 1280 90 dmode 7 0 ]
[ 17 2304 1664 90 dmode 7 0 ]
[ 17 2304 1536 90 dmode 6 0 ]
[ 11 1408 1536 180 0 ]
[ 11 1280 1536 180 0 ]
[ 11 1152 1536 180 0 ]
[ 11 1024 1536 180 0 ]
[ 11 896 1536 180 0 ]
[ 11 768 1536 180 0 ]
[ 11 768 1408 180 0 ]
[ 11 768 1280 180 0 ]
[ 11 768 1152 180 0 ]
[ 11 768 1024 180 0 ]
[ 11 768 896 180 0 ]
[ 11 896 896 180 0 ]
[ 11 1024 896 180 0 ]
[ 11 896 1152 180 0 ]
[ 11 896 1280 180 0 ]
[ 11 896 1408 180 0 ]
[ 11 1024 1408 180 0 ]
[ 11 1024 1280 180 0 ]
[ 11 1024 1152 180 0 ]
[ 11 1024 1024 180 0 ]
[ 11 896 1024 180 0 ]
[ 11 1152 1408 180 0 ]
[ 6 -640 1536 180 0 ]
[ 6 -640 1664 180 0 ]
[ 10 -512 1536 180 0 ]
[ 10 -512 1664 180 0 ]
[ 18 1408 2176 360 10 ]
[ 18 1408 1920 0 10 ]
[ 18 1408 1664 0 10 ]
[ 18 1536 1536 0 10 ]
[ 18 1536 1792 0 10 ]
[ 18 1536 2048 0 10 ]
[ 21 2048 1408 0 0 ]
[ 21 2176 1664 0 0 ]
[ 21 2176 1408 0 0 ]
[ 21 2176 1536 0 0 ]
[ 21 2048 1536 0 0 ]
[ 21 2048 1664 0 0 ]
[ 16 512 2688 0 crystal 1 1 ]
[ 16 384 2688 0 crystal 1 1 ]
[ 16 256 2688 0 crystal 1 1 ]
[ 16 0 2688 0 crystal 1 1 ]
[ 16 128 2688 0 crystal 1 1 ]
[ 16 -128 2688 0 crystal 1 1 ]
[ 16 -384 2688 0 crystal 1 1 ]
[ 16 -256 2688 0 crystal 1 1 ]
[ 16 -128 2304 0 crystal 1 1 ]
[ 16 -128 2432 0 crystal 1 1 ]
[ 16 -128 2560 0 crystal 1 1 ]
[ 16 0 2816 0 crystal 2 1 ]
[ 16 0 2944 0 crystal 2 1 ]
[ 16 0 3072 0 crystal 2 1 ]
[ 16 0 3200 0 crystal 2 1 ]
[ 16 0 3328 0 crystal 2 1 ]
[ 16 128 3328 0 crystal 2 1 ]
[ 16 255 3328 0 crystal 2 1 ]
[ 16 0 3584 0 crystal 2 1 ]
[ 16 0 3712 0 crystal 2 1 ]
[ 16 0 3456 0 crystal 2 1 ]
[ 16 -128 3456 0 crystal 2 1 ]
[ 16 -256 3456 0 crystal 2 1 ]
[ 16 -384 3456 0 crystal 2 1 ]
[ 16 -641 3456 0 crystal 2 1 ]
[ 16 -768 3456 0 crystal 2 1 ]
[ 16 -512 3456 0 crystal 2 1 ]
[ 16 -512 3328 0 crystal 2 1 ]
[ 16 -512 3200 0 crystal 2 1 ]
[ 16 -641 3200 0 crystal 2 1 ]
[ 16 -768 3200 0 crystal 2 1 ]
[ 16 -768 3328 0 crystal 2 1 ]
[ 16 0 3840 0 crystal 2 1 ]
[ 16 128 3840 0 crystal 2 1 ]
[ 16 255 3840 0 crystal 2 1 ]
[ 16 384 3840 0 crystal 2 1 ]
[ 16 384 3968 0 crystal 3 1 ]
[ 16 384 4096 0 crystal 3 1 ]
[ 16 512 4096 0 crystal 3 1 ]
[ 16 -256 3712 0 crystal 3 1 ]
[ 16 -256 3584 0 crystal 3 1 ]
[ 16 -512 2816 0 crystal 3 1 ]
[ 16 -512 2944 0 crystal 3 1 ]
[ 16 -512 3072 0 crystal 3 1 ]
[ 16 -256 2176 0 crystal 3 1 ]
[ 16 -256 2304 0 crystal 3 1 ]
[ 16 -768 1920 0 crystal 3 1 ]
[ 16 -768 2048 0 crystal 3 1 ]
[ 16 -640 2048 0 crystal 3 1 ]
[ 16 -512 2048 0 crystal 3 1 ]
[ 16 -512 2176 0 crystal 3 1 ]
[ 16 -384 2176 0 crystal 3 1 ]
[ 15 640 2560 0 crystal 0 0 ]
[ 16 512 2560 0 crystal 3 1 ]
[ 18 -384 3200 0 15 ]
[ 18 -128 3584 0 15 ]
[ 18 640 4224 0 15 ]
[ 18 0 2560 0 15 ]
[ 18 -768 2176 360 15 ]
[ 3 1152 896 270 dmode 0 1 ]
[ 40 1280 896 270 barmode 0 0 ]
[ 40 1536 896 270 barmode 0 0 ]
[ 40 1408 896 270 barmode 0 0 ]
Electric
PLayer 508.777 1661.11