Does_not_exist
Map_basic
[ 1 256 255 90 5 ]
[ 1 256 1408 270 3 ]
[ 1 2560 256 90 3 ]
[ 1 2560 1408 180 1 ]
[ 7 512 256 0 0 ]
[ 7 384 256 0 0 ]
[ 7 768 256 0 0 ]
[ 7 896 256 0 0 ]
[ 7 1152 256 0 0 ]
[ 7 1280 256 0 0 ]
[ 7 1536 256 0 0 ]
[ 7 1664 256 0 0 ]
[ 7 2048 256 0 0 ]
[ 7 1920 256 0 0 ]
[ 7 2304 256 0 0 ]
[ 7 2432 256 0 0 ]
[ 7 2560 384 90 0 ]
[ 7 2560 512 90 0 ]
[ 7 2560 768 90 0 ]
[ 7 2560 896 90 0 ]
[ 7 2560 1280 90 0 ]
[ 7 2560 1152 90 0 ]
[ 7 256 512 90 0 ]
[ 7 256 384 90 0 ]
[ 7 256 768 90 0 ]
[ 7 256 1280 90 0 ]
[ 7 256 1152 90 0 ]
[ 7 384 1408 180 0 ]
[ 7 512 1408 180 0 ]
[ 7 768 1408 180 0 ]
[ 7 896 1408 180 0 ]
[ 7 1152 1408 180 0 ]
[ 7 1280 1408 180 0 ]
[ 7 1536 1408 180 0 ]
[ 7 1664 1408 180 0 ]
[ 7 1920 1408 180 0 ]
[ 7 2048 1408 180 0 ]
[ 7 2304 1408 180 0 ]
[ 7 2432 1408 180 0 ]
[ 28 2176 640 180 barmode 0 ]
[ 28 1792 640 180 barmode 1 ]
[ 28 2176 1024 180 barmode 2 ]
[ 28 1792 1024 180 barmode 3 ]
[ 28 1408 1024 180 barmode 4 ]
[ 28 1408 640 180 barmode 5 ]
[ 28 1024 640 180 barmode 6 ]
[ 28 1024 1024 180 barmode 7 ]
[ 28 640 640 180 barmode 8 ]
[ 3 640 1024 0 1 ]
[ 3 1024 256 0 1 ]
[ 3 640 256 0 1 ]
[ 3 256 1024 0 1 ]
[ 7 256 895 450 0 ]
[ 3 640 1408 0 1 ]
[ 3 1408 1408 0 1 ]
[ 3 1792 1408 0 1 ]
[ 3 2176 1408 0 1 ]
[ 3 2560 1024 0 1 ]
[ 3 2560 640 0 1 ]
[ 3 2176 256 0 1 ]
[ 3 1792 256 0 1 ]
[ 3 1408 256 0 1 ]
[ 31 2176 384 90 3 ]
[ 1 1024 1408 90 3 ]
[ 1 256 640 0 1 ]
Movables
Map_floor
[ 38 1408 384 180 barmode 1 0 ]
[ 38 1408 512 180 barmode 1 0 ]
[ 39 1536 1024 180 barmode 1 1 ]
[ 39 1664 1024 180 barmode 1 1 ]
[ 39 1408 896 180 barmode 1 1 ]
[ 39 1408 768 180 barmode 1 1 ]
[ 41 2432 1024 180 barmode 0 1 ]
[ 41 2304 1024 180 barmode 0 1 ]
[ 41 1792 768 180 barmode 0 1 ]
[ 41 1792 896 180 barmode 0 1 ]
[ 40 1920 1024 180 barmode 0 0 ]
[ 40 2048 1024 180 barmode 0 0 ]
[ 40 1792 512 180 barmode 0 0 ]
[ 40 1792 384 180 barmode 0 0 ]
[ 38 1792 1152 180 barmode 2 0 ]
[ 38 1792 1280 180 barmode 2 0 ]
[ 39 1920 640 180 barmode 2 1 ]
[ 39 2048 640 180 barmode 2 1 ]
[ 39 2304 640 180 barmode 2 1 ]
[ 39 2432 640 180 barmode 2 1 ]
[ 39 2176 1152 180 barmode 3 1 ]
[ 39 2176 1280 180 barmode 3 1 ]
[ 38 2176 768 180 barmode 3 0 ]
[ 38 2176 896 180 barmode 3 0 ]
[ 38 2176 512 180 barmode 3 0 ]
[ 38 2176 384 180 barmode 3 0 ]
[ 38 1536 640 180 barmode 4 0 ]
[ 38 1664 640 180 barmode 4 0 ]
[ 39 1152 640 180 barmode 4 1 ]
[ 39 1280 640 180 barmode 4 1 ]
[ 41 1408 1152 180 barmode 5 1 ]
[ 41 1408 1280 180 barmode 5 1 ]
[ 41 1024 384 180 barmode 5 1 ]
[ 41 1024 512 180 barmode 5 1 ]
[ 40 1152 1024 180 barmode 5 0 ]
[ 40 1280 1024 180 barmode 5 0 ]
[ 40 1024 896 180 barmode 5 0 ]
[ 40 1024 768 180 barmode 5 0 ]
[ 40 768 640 180 barmode 5 0 ]
[ 40 896 640 180 barmode 5 0 ]
[ 39 640 384 180 barmode 6 1 ]
[ 39 640 512 180 barmode 6 1 ]
[ 39 768 1024 180 barmode 6 1 ]
[ 39 896 1024 180 barmode 6 1 ]
[ 38 640 768 180 barmode 6 0 ]
[ 38 640 896 180 barmode 6 0 ]
[ 38 384 1024 180 barmode 7 0 ]
[ 38 512 1024 180 barmode 7 0 ]
[ 39 384 640 180 barmode 7 1 ]
[ 39 512 640 180 barmode 7 1 ]
[ 41 1024 1152 180 barmode 8 1 ]
[ 41 1024 1280 180 barmode 8 1 ]
[ 40 640 1280 180 barmode 8 0 ]
[ 40 640 1152 180 barmode 8 0 ]
[ 6 2432 512 90 0 ]
[ 6 2432 384 90 0 ]
[ 6 2304 384 90 0 ]
[ 6 2304 512 90 0 ]
[ 21 384 512 90 0 ]
[ 21 512 512 90 0 ]
[ 21 512 384 90 0 ]
[ 21 384 384 90 0 ]
[ 21 768 896 90 0 ]
[ 21 768 768 90 0 ]
[ 21 896 768 90 0 ]
[ 21 896 896 90 0 ]
[ 21 512 1152 90 0 ]
[ 21 384 1152 90 0 ]
[ 21 384 1280 90 0 ]
[ 21 512 1280 90 0 ]
[ 21 1152 384 90 0 ]
[ 21 1152 512 90 0 ]
[ 21 1280 384 90 0 ]
[ 21 1280 512 90 0 ]
[ 21 1536 896 90 0 ]
[ 21 1664 896 90 0 ]
[ 21 1664 768 90 0 ]
[ 21 1536 768 90 0 ]
[ 21 1920 384 90 0 ]
[ 21 1920 512 90 0 ]
[ 21 2048 512 90 0 ]
[ 21 2048 384 90 0 ]
[ 21 2304 768 90 0 ]
[ 21 2304 896 90 0 ]
[ 21 2432 896 90 0 ]
[ 21 2432 768 90 0 ]
[ 21 2048 1152 90 0 ]
[ 21 2048 1280 90 0 ]
[ 21 1920 1280 90 0 ]
[ 21 1920 1152 90 0 ]
[ 21 1280 1280 90 0 ]
[ 21 1280 1152 90 0 ]
[ 21 1152 1152 90 0 ]
[ 21 1152 1280 90 0 ]
[ 1 384 768 90 0 ]
[ 1 384 896 0 0 ]
[ 1 512 896 0 0 ]
[ 1 512 768 180 0 ]
[ 1 768 384 180 0 ]
[ 1 896 384 90 0 ]
[ 1 896 512 90 0 ]
[ 1 768 512 270 0 ]
[ 1 768 1152 90 0 ]
[ 1 896 1152 270 0 ]
[ 1 896 1280 0 0 ]
[ 1 768 1280 180 0 ]
[ 1 1280 768 180 0 ]
[ 1 1280 896 0 0 ]
[ 1 1152 896 0 0 ]
[ 1 1152 768 0 0 ]
[ 1 1536 1152 180 0 ]
[ 1 1664 1152 270 0 ]
[ 1 1664 1280 90 0 ]
[ 1 1536 1280 90 0 ]
[ 1 1536 512 270 0 ]
[ 1 1664 512 90 0 ]
[ 1 1664 384 180 0 ]
[ 1 1536 384 180 0 ]
[ 1 2048 896 90 0 ]
[ 1 1920 896 0 0 ]
[ 1 1920 768 180 0 ]
[ 1 2048 768 270 0 ]
[ 1 2304 1152 270 0 ]
[ 1 2432 1152 90 0 ]
[ 1 2432 1280 270 0 ]
[ 1 2304 1280 90 0 ]
[ 100 1408 832 1464 ]
Electric
PLayer 827.551 824.965