Does_not_exist
Map_basic
[ 10 512 -128 0 0 ]
[ 10 1024 -128 0 0 ]
[ 10 1024 384 0 0 ]
[ 10 512 384 0 0 ]
[ 11 512 0 90 0 ]
[ 11 896 -128 180 0 ]
[ 11 1024 0 270 0 ]
[ 11 1024 256 270 0 ]
[ 11 896 384 360 0 ]
[ 11 640 384 0 0 ]
[ 11 512 256 90 0 ]
[ 15 512 128 630 crystal 1 1 ]
[ 15 768 -128 0 crystal 0 1 ]
[ 15 1024 128 90 crystal 3 1 ]
[ 15 768 384 180 crystal 2 1 ]
[ 11 640 -128 180 0 ]
[ 10 0 -128 180 0 ]
[ 10 0 384 180 0 ]
[ 10 1536 384 180 0 ]
[ 10 1536 -128 180 0 ]
[ 10 -512 -128 180 0 ]
[ 10 -512 384 180 0 ]
[ 10 2048 -128 180 0 ]
[ 10 2048 384 180 0 ]
[ 10 512 -640 180 0 ]
[ 10 1024 -640 180 0 ]
[ 10 512 896 180 0 ]
[ 10 1024 896 180 0 ]
[ 10 -512 -640 180 0 ]
[ 10 2048 -640 180 0 ]
[ 10 2048 896 180 0 ]
[ 10 2048 1408 180 0 ]
[ 10 1536 1408 180 0 ]
[ 10 1024 1408 180 0 ]
[ 10 512 1408 180 0 ]
[ 10 0 1408 180 0 ]
[ 10 -512 896 180 0 ]
[ 10 -512 1408 180 0 ]
[ 10 -512 -1152 180 0 ]
[ 10 0 -1152 180 0 ]
[ 10 512 -1152 180 0 ]
[ 10 1024 -1152 180 0 ]
[ 10 1536 -1152 180 0 ]
[ 10 2048 -1152 180 0 ]
[ 11 -384 -1152 360 0 ]
[ 11 -256 -1152 0 0 ]
[ 11 -128 -1152 0 0 ]
[ 11 128 -1152 0 0 ]
[ 11 256 -1152 0 0 ]
[ 11 384 -1152 0 0 ]
[ 11 640 -1152 0 0 ]
[ 11 768 -1152 0 0 ]
[ 11 896 -1152 0 0 ]
[ 11 1152 -1152 0 0 ]
[ 11 1280 -1152 0 0 ]
[ 11 1408 -1152 0 0 ]
[ 11 1792 -1152 0 0 ]
[ 11 1664 -1152 0 0 ]
[ 11 1920 -1152 0 0 ]
[ 11 -512 -1024 90 0 ]
[ 11 -512 -896 90 0 ]
[ 11 -512 -768 90 0 ]
[ 11 -512 -512 90 0 ]
[ 11 -512 -384 90 0 ]
[ 11 -512 -256 90 0 ]
[ 11 -512 0 90 0 ]
[ 11 -512 128 90 0 ]
[ 11 -512 256 90 0 ]
[ 11 -512 512 90 0 ]
[ 11 -512 640 90 0 ]
[ 11 -512 768 90 0 ]
[ 11 -512 1024 90 0 ]
[ 11 -512 1152 90 0 ]
[ 11 -512 1280 90 0 ]
[ 11 -384 1408 180 0 ]
[ 11 -256 1408 180 0 ]
[ 11 -128 1408 180 0 ]
[ 11 128 1408 180 0 ]
[ 11 256 1408 180 0 ]
[ 11 384 1408 180 0 ]
[ 11 640 1408 180 0 ]
[ 11 768 1408 180 0 ]
[ 11 896 1408 180 0 ]
[ 11 1152 1408 180 0 ]
[ 11 1280 1408 180 0 ]
[ 11 1408 1408 180 0 ]
[ 11 1664 1408 180 0 ]
[ 11 1792 1408 180 0 ]
[ 11 1920 1408 180 0 ]
[ 11 2048 1280 270 0 ]
[ 11 2048 1152 270 0 ]
[ 11 2048 1024 270 0 ]
[ 11 2048 768 270 0 ]
[ 11 2048 640 270 0 ]
[ 11 2048 512 270 0 ]
[ 11 2048 256 270 0 ]
[ 11 2048 128 270 0 ]
[ 11 2048 0 270 0 ]
[ 11 2048 -512 270 0 ]
[ 11 2048 -384 270 0 ]
[ 11 2048 -256 270 0 ]
[ 11 2048 -768 270 0 ]
[ 11 2048 -896 270 0 ]
[ 11 2048 -1024 270 0 ]
[ 11 128 -640 0 0 ]
[ 11 256 -640 0 0 ]
[ 11 383 -640 0 0 ]
[ 11 1152 -640 0 0 ]
[ 11 1280 -640 0 0 ]
[ 11 1408 -640 0 0 ]
[ 11 0 -512 90 0 ]
[ 11 0 -384 90 0 ]
[ 11 0 -257 90 0 ]
[ 11 1536 -512 90 0 ]
[ 11 1536 -384 90 0 ]
[ 11 1536 -257 90 0 ]
[ 11 0 512 90 0 ]
[ 11 0 640 90 0 ]
[ 11 0 768 90 0 ]
[ 11 128 896 180 0 ]
[ 11 256 896 180 0 ]
[ 11 384 896 180 0 ]
[ 11 1152 896 180 0 ]
[ 11 1280 896 180 0 ]
[ 11 1408 896 180 0 ]
[ 11 1536 512 270 0 ]
[ 11 1536 640 270 0 ]
[ 11 1536 768 270 0 ]
[ 10 -256 -896 270 0 ]
[ 10 256 -896 270 0 ]
[ 10 1280 -896 270 0 ]
[ 10 1792 -896 270 0 ]
[ 10 1792 -384 270 0 ]
[ 10 1792 640 270 0 ]
[ 10 1792 1151 270 0 ]
[ 10 1280 1152 270 0 ]
[ 10 256 1152 270 0 ]
[ 10 -256 640 270 0 ]
[ 10 -257 -384 270 0 ]
[ 11 -256 -512 270 0 ]
[ 11 128 -896 0 0 ]
[ 11 384 -896 0 0 ]
[ 11 512 -896 0 0 ]
[ 11 640 -896 0 0 ]
[ 11 896 -896 0 0 ]
[ 11 1024 -896 0 0 ]
[ 11 1152 -896 0 0 ]
[ 11 1408 -896 0 0 ]
[ 11 1792 -512 90 0 ]
[ 11 1792 -256 90 0 ]
[ 11 1792 -128 90 0 ]
[ 11 1792 0 90 0 ]
[ 11 1792 512 90 0 ]
[ 11 1792 384 90 0 ]
[ 11 1792 255 90 0 ]
[ 11 1792 1023 90 0 ]
[ 11 1664 1152 180 0 ]
[ 11 1152 1152 180 0 ]
[ 11 1024 1152 180 0 ]
[ 11 896 1152 180 0 ]
[ 11 640 1152 180 0 ]
[ 11 512 1152 180 0 ]
[ 11 384 1152 180 0 ]
[ 11 128 1152 180 0 ]
[ 11 -256 768 270 0 ]
[ 11 -256 -256 270 0 ]
[ 11 -256 -128 270 0 ]
[ 11 -256 0 270 0 ]
[ 11 -256 256 270 0 ]
[ 11 -256 384 270 0 ]
[ 11 -256 512 270 0 ]
[ 11 256 -256 270 0 ]
[ 11 256 0 270 0 ]
[ 11 384 -384 360 0 ]
[ 11 640 -384 0 0 ]
[ 11 896 -384 0 0 ]
[ 11 1280 -256 90 0 ]
[ 11 1280 0 90 0 ]
[ 11 1280 256 90 0 ]
[ 11 1280 512 90 0 ]
[ 11 1152 640 180 0 ]
[ 11 896 640 180 0 ]
[ 11 640 640 180 0 ]
[ 11 384 640 180 0 ]
[ 11 256 512 270 0 ]
[ 11 256 256 270 0 ]
[ 30 767 128 270 barmode 0 ]
[ 10 512 -384 270 0 ]
[ 10 256 -128 270 0 ]
[ 10 1024 -384 270 0 ]
[ 10 1280 -128 270 0 ]
[ 10 1280 384 270 0 ]
[ 10 1024 640 270 0 ]
[ 10 512 640 270 0 ]
[ 10 256 384 270 0 ]
[ 11 384 -128 360 0 ]
[ 11 1024 -256 90 0 ]
[ 11 1152 -384 180 0 ]
[ 11 1152 384 180 0 ]
[ 11 512 512 270 0 ]
[ 3 768 1152 0 2 ]
[ 3 -256 128 0 2 ]
[ 3 768 -896 0 2 ]
[ 3 1792 128 0 2 ]
[ 3 256 -384 0 2 ]
[ 3 256 640 0 2 ]
[ 3 1280 640 0 2 ]
[ 3 1280 -384 0 2 ]
[ 3 0 896 0 2 ]
[ 3 1536 896 0 2 ]
[ 3 1536 -640 0 2 ]
[ 3 0 -640 0 2 ]
[ 10 -256 896 270 0 ]
[ 10 0 1152 270 0 ]
[ 10 1536 1152 270 0 ]
[ 10 1792 896 270 0 ]
[ 10 1792 -640 270 0 ]
[ 10 1536 -896 270 0 ]
[ 10 0 -896 270 0 ]
[ 10 -256 -640 270 0 ]
[ 10 -256 1152 0 0 ]
[ 15 256 128 630 crystal 5 1 ]
[ 15 1280 128 450 crystal 7 1 ]
[ 15 768 640 180 crystal 8 1 ]
[ 15 768 -384 360 crystal 9 1 ]
[ 31 -384 1280 0 7 ]
Movables
Map_floor
[ 41 128 -513 270 barmode 0 1 ]
[ 41 1408 -513 270 barmode 0 1 ]
[ 41 128 767 270 barmode 0 1 ]
[ 41 1408 767 270 barmode 0 1 ]
[ 40 1664 1024 270 barmode 0 0 ]
[ 40 -128 1024 270 barmode 0 0 ]
[ 40 -128 -769 270 barmode 0 0 ]
[ 40 1664 -769 270 barmode 0 0 ]
[ 14 -512 -1024 270 0 ]
[ 14 -512 -896 270 0 ]
[ 14 -512 -768 270 0 ]
[ 14 -512 -640 270 0 ]
[ 14 -512 -512 270 0 ]
[ 14 -512 -384 270 0 ]
[ 14 -512 -256 270 0 ]
[ 14 -512 -128 270 0 ]
[ 14 -512 0 270 0 ]
[ 14 -512 128 270 0 ]
[ 14 -512 256 270 0 ]
[ 14 -512 384 270 0 ]
[ 14 -512 512 270 0 ]
[ 14 -512 640 270 0 ]
[ 14 -512 768 270 0 ]
[ 14 -512 896 270 0 ]
[ 14 -512 1024 270 0 ]
[ 14 -512 1152 270 0 ]
[ 14 -512 1280 270 0 ]
[ 14 -384 1408 270 0 ]
[ 14 -256 1408 270 0 ]
[ 14 -128 1408 270 0 ]
[ 14 0 1408 270 0 ]
[ 14 128 1408 270 0 ]
[ 14 256 1408 270 0 ]
[ 14 384 1408 270 0 ]
[ 14 512 1408 270 0 ]
[ 14 640 1408 270 0 ]
[ 14 768 1408 270 0 ]
[ 14 896 1408 270 0 ]
[ 14 1024 1408 270 0 ]
[ 14 1152 1408 270 0 ]
[ 14 1280 1408 270 0 ]
[ 14 1408 1408 270 0 ]
[ 14 1536 1408 270 0 ]
[ 14 1664 1408 270 0 ]
[ 14 1792 1408 270 0 ]
[ 14 1920 1408 270 0 ]
[ 14 -384 -1152 270 0 ]
[ 14 -256 -1152 270 0 ]
[ 14 -128 -1152 270 0 ]
[ 14 0 -1152 270 0 ]
[ 14 128 -1152 270 0 ]
[ 14 256 -1152 270 0 ]
[ 14 384 -1152 270 0 ]
[ 14 512 -1152 270 0 ]
[ 14 640 -1152 270 0 ]
[ 14 768 -1152 270 0 ]
[ 14 896 -1152 270 0 ]
[ 14 1024 -1152 270 0 ]
[ 14 1664 -1152 270 0 ]
[ 14 1792 -1152 270 0 ]
[ 14 1920 -1152 270 0 ]
[ 14 2048 -896 270 0 ]
[ 14 2048 -768 270 0 ]
[ 14 2048 -640 270 0 ]
[ 14 2048 -512 270 0 ]
[ 14 2048 -384 270 0 ]
[ 14 2048 -256 270 0 ]
[ 14 2048 -128 270 0 ]
[ 14 2048 0 270 0 ]
[ 14 2048 128 270 0 ]
[ 14 2048 256 270 0 ]
[ 14 2048 384 270 0 ]
[ 14 2048 512 270 0 ]
[ 14 2048 640 270 0 ]
[ 14 2048 768 270 0 ]
[ 14 2048 896 270 0 ]
[ 14 2048 1024 270 0 ]
[ 14 2048 1152 270 0 ]
[ 14 2048 1280 270 0 ]
[ 14 2048 -1024 270 0 ]
[ 14 0 -896 270 0 ]
[ 14 128 -896 270 0 ]
[ 14 256 -896 270 0 ]
[ 14 384 -896 270 0 ]
[ 14 512 -896 270 0 ]
[ 14 640 -896 270 0 ]
[ 14 768 -896 270 0 ]
[ 14 896 -896 270 0 ]
[ 14 1024 -896 270 0 ]
[ 14 1152 -896 270 0 ]
[ 14 1280 -896 270 0 ]
[ 14 1408 -896 270 0 ]
[ 14 1536 -896 270 0 ]
[ 14 1792 -640 270 0 ]
[ 14 1792 -512 270 0 ]
[ 14 1792 -384 270 0 ]
[ 14 1792 -256 270 0 ]
[ 14 1792 -128 270 0 ]
[ 14 1792 0 270 0 ]
[ 14 1792 128 270 0 ]
[ 14 1792 256 270 0 ]
[ 14 1792 384 270 0 ]
[ 14 1792 512 270 0 ]
[ 14 1792 640 270 0 ]
[ 14 1792 896 270 0 ]
[ 14 1792 1024 270 0 ]
[ 14 -256 -640 270 0 ]
[ 14 -256 -512 270 0 ]
[ 14 -256 -384 270 0 ]
[ 14 -256 -256 270 0 ]
[ 14 -256 -128 270 0 ]
[ 14 -256 0 270 0 ]
[ 14 -256 128 270 0 ]
[ 14 -256 256 270 0 ]
[ 14 -256 384 270 0 ]
[ 14 -256 512 270 0 ]
[ 14 -256 640 270 0 ]
[ 14 -256 768 270 0 ]
[ 14 -256 896 270 0 ]
[ 14 128 1152 270 0 ]
[ 14 256 1152 270 0 ]
[ 14 512 1152 270 0 ]
[ 14 640 1152 270 0 ]
[ 14 768 1152 270 0 ]
[ 14 896 1152 270 0 ]
[ 14 1024 1152 270 0 ]
[ 14 1152 1152 270 0 ]
[ 14 1280 1152 270 0 ]
[ 14 1536 1152 270 0 ]
[ 14 1664 1152 270 0 ]
[ 14 128 -640 270 0 ]
[ 14 256 -640 270 0 ]
[ 14 384 -640 270 0 ]
[ 14 512 -640 270 0 ]
[ 14 1024 -640 270 0 ]
[ 14 1152 -640 270 0 ]
[ 14 1280 -640 270 0 ]
[ 14 1408 -640 270 0 ]
[ 14 0 -512 270 0 ]
[ 14 0 -384 270 0 ]
[ 14 0 -256 270 0 ]
[ 14 0 384 270 0 ]
[ 14 0 512 270 0 ]
[ 14 0 640 270 0 ]
[ 14 0 768 270 0 ]
[ 14 128 896 270 0 ]
[ 14 256 896 270 0 ]
[ 14 384 896 270 0 ]
[ 14 512 896 270 0 ]
[ 14 1024 896 270 0 ]
[ 14 1152 896 270 0 ]
[ 14 1280 896 270 0 ]
[ 14 1408 896 270 0 ]
[ 14 1536 768 270 0 ]
[ 14 1536 640 270 0 ]
[ 14 1536 512 270 0 ]
[ 14 1536 384 270 0 ]
[ 14 1536 -128 270 0 ]
[ 14 1536 -256 270 0 ]
[ 14 1536 -384 270 0 ]
[ 14 1536 -512 270 0 ]
[ 14 384 -384 270 0 ]
[ 14 512 -384 270 0 ]
[ 14 640 -384 270 0 ]
[ 14 768 -384 270 0 ]
[ 14 896 -384 270 0 ]
[ 14 1024 -384 270 0 ]
[ 14 1152 -384 270 0 ]
[ 14 1280 -256 270 0 ]
[ 14 1280 -128 270 0 ]
[ 14 1280 0 270 0 ]
[ 14 1280 128 270 0 ]
[ 14 1280 256 270 0 ]
[ 14 1280 384 270 0 ]
[ 14 1280 512 270 0 ]
[ 14 1152 640 270 0 ]
[ 14 1024 640 270 0 ]
[ 14 896 640 270 0 ]
[ 14 768 640 270 0 ]
[ 14 640 640 270 0 ]
[ 14 512 640 270 0 ]
[ 14 384 640 270 0 ]
[ 14 256 512 270 0 ]
[ 14 256 256 270 0 ]
[ 14 256 128 360 0 ]
[ 14 256 0 270 0 ]
[ 14 256 -128 270 0 ]
[ 14 256 -256 270 0 ]
[ 14 384 1151 270 0 ]
[ 11 -256 1280 270 0 ]
[ 11 -128 1280 270 0 ]
[ 11 0 1280 270 0 ]
[ 11 256 1280 270 0 ]
[ 11 384 1280 270 0 ]
[ 11 512 1280 270 0 ]
[ 11 1024 1280 270 0 ]
[ 11 1152 1280 270 0 ]
[ 11 1279 1280 270 0 ]
[ 11 1536 1280 270 0 ]
[ 11 1664 1280 270 0 ]
[ 11 1792 1280 270 0 ]
[ 11 -384 0 270 0 ]
[ 11 -384 128 270 0 ]
[ 11 -384 256 270 0 ]
[ 11 -384 384 270 0 ]
[ 11 -384 512 270 0 ]
[ 11 -384 640 270 0 ]
[ 11 -384 1152 270 0 ]
[ 11 -384 1024 270 0 ]
[ 11 -384 896 270 0 ]
[ 11 -384 -128 270 0 ]
[ 11 -384 -256 270 0 ]
[ 11 -384 -385 270 0 ]
[ 11 -384 -640 270 0 ]
[ 11 -384 -768 270 0 ]
[ 11 -384 -896 270 0 ]
[ 11 -256 -1024 270 0 ]
[ 11 -128 -1024 270 0 ]
[ 11 0 -1024 270 0 ]
[ 11 384 -1024 270 0 ]
[ 11 512 -1024 270 0 ]
[ 11 640 -1024 270 0 ]
[ 11 768 -1024 270 0 ]
[ 11 896 -1024 270 0 ]
[ 11 1792 -1024 270 0 ]
[ 11 1664 -1024 270 0 ]
[ 11 1536 -1024 270 0 ]
[ 11 1280 -1024 270 0 ]
[ 11 1152 -1024 270 0 ]
[ 11 1024 -1024 270 0 ]
[ 14 1152 -1152 270 0 ]
[ 14 1280 -1152 270 0 ]
[ 14 1408 -1152 270 0 ]
[ 14 1536 -1152 270 0 ]
[ 11 1920 -384 270 0 ]
[ 11 1920 -640 270 0 ]
[ 11 1920 -768 270 0 ]
[ 11 1920 -896 270 0 ]
[ 11 1920 -256 270 0 ]
[ 11 1920 -128 270 0 ]
[ 11 1920 0 270 0 ]
[ 11 1920 128 270 0 ]
[ 11 1920 256 270 0 ]
[ 11 1920 384 270 0 ]
[ 11 1920 512 270 0 ]
[ 11 1920 640 270 0 ]
[ 11 1920 896 270 0 ]
[ 11 1920 1023 270 0 ]
[ 11 1920 1152 270 0 ]
[ 11 768 1024 270 0 ]
[ 11 0 1024 270 0 ]
[ 11 128 1024 270 0 ]
[ 11 256 1024 270 0 ]
[ 11 512 1024 270 0 ]
[ 11 1024 1024 270 0 ]
[ 11 1280 1024 270 0 ]
[ 11 1408 1024 270 0 ]
[ 11 1536 1024 270 0 ]
[ 11 1664 896 270 0 ]
[ 11 1664 768 270 0 ]
[ 11 1664 640 270 0 ]
[ 11 1664 384 270 0 ]
[ 11 1664 256 270 0 ]
[ 11 1664 128 270 0 ]
[ 11 1664 0 270 0 ]
[ 11 1664 -384 270 0 ]
[ 11 1664 -512 270 0 ]
[ 11 1664 -640 270 0 ]
[ 11 -1 -768 270 0 ]
[ 11 128 -768 270 0 ]
[ 11 256 -768 270 0 ]
[ 11 512 -768 270 0 ]
[ 11 640 -768 270 0 ]
[ 11 768 -768 270 0 ]
[ 11 896 -768 270 0 ]
[ 11 1023 -768 270 0 ]
[ 11 1280 -768 270 0 ]
[ 11 1408 -768 270 0 ]
[ 11 1536 -768 270 0 ]
[ 11 -128 -640 270 0 ]
[ 11 -128 -512 270 0 ]
[ 11 -128 -384 270 0 ]
[ 11 -128 -128 270 0 ]
[ 11 -128 0 270 0 ]
[ 11 -128 128 270 0 ]
[ 14 -1 -128 270 0 ]
[ 11 -128 256 270 0 ]
[ 11 -128 384 270 0 ]
[ 11 -128 640 270 0 ]
[ 11 -128 768 270 0 ]
[ 11 -128 896 270 0 ]
[ 11 256 -512 270 0 ]
[ 11 383 -512 270 0 ]
[ 11 512 -512 270 0 ]
[ 11 768 -512 270 0 ]
[ 11 1024 -512 270 0 ]
[ 11 1152 -512 270 0 ]
[ 11 1280 -512 270 0 ]
[ 11 1407 -384 270 0 ]
[ 11 1407 -256 270 0 ]
[ 11 1407 -128 270 0 ]
[ 11 1407 128 270 0 ]
[ 11 1407 384 270 0 ]
[ 11 1407 512 270 0 ]
[ 11 128 -384 270 0 ]
[ 11 128 -256 270 0 ]
[ 11 128 -128 270 0 ]
[ 11 128 128 270 0 ]
[ 11 128 384 270 0 ]
[ 11 128 512 270 0 ]
[ 11 128 640 270 0 ]
[ 11 256 768 270 0 ]
[ 11 383 768 270 0 ]
[ 11 512 768 270 0 ]
[ 11 768 768 270 0 ]
[ 11 1024 768 270 0 ]
[ 11 1152 768 270 0 ]
[ 11 1280 768 270 0 ]
[ 11 1407 640 270 0 ]
[ 11 640 1024 270 0 ]
[ 11 896 1024 270 0 ]
[ 11 640 1280 270 0 ]
[ 11 768 1280 270 0 ]
[ 11 896 1280 270 0 ]
[ 16 1152 -768 270 crystal 0 1 ]
[ 16 384 -768 270 crystal 0 1 ]
[ 16 128 -1024 270 crystal 0 1 ]
[ 16 1408 -1024 270 crystal 0 1 ]
[ 11 256 -1024 270 0 ]
[ 16 -128 -256 270 crystal 1 1 ]
[ 16 -384 -512 270 crystal 1 1 ]
[ 16 -128 512 270 crystal 1 1 ]
[ 16 -384 768 270 crystal 1 1 ]
[ 16 384 1024 270 crystal 2 1 ]
[ 16 1152 1024 270 crystal 2 1 ]
[ 16 128 1280 270 crystal 2 1 ]
[ 16 1408 1280 270 crystal 2 1 ]
[ 16 1664 -256 270 crystal 3 1 ]
[ 16 1664 512 270 crystal 3 1 ]
[ 16 1920 -512 270 crystal 3 1 ]
[ 16 1920 768 270 crystal 3 1 ]
[ 11 1664 -128 270 0 ]
[ 14 384 -128 270 0 ]
[ 14 1024 -256 270 0 ]
[ 14 1152 384 270 0 ]
[ 14 512 512 270 0 ]
[ 14 256 384 270 0 ]
[ 14 0 1152 270 0 ]
[ 43 1152 -256 450 0 ]
[ 43 -384 -1024 90 1 ]
[ 43 1920 -1024 180 0 ]
[ 43 384 -256 360 1 ]
[ 43 384 512 270 3 ]
[ 43 -384 1280 360 3 ]
[ 43 1152 512 180 2 ]
[ 43 1920 1280 270 2 ]
[ 11 640 896 270 0 ]
[ 11 768 896 270 0 ]
[ 11 896 896 270 0 ]
[ 11 1536 0 270 0 ]
[ 11 1536 128 270 0 ]
[ 11 1536 256 270 0 ]
[ 11 0 0 270 0 ]
[ 11 0 128 270 0 ]
[ 11 0 256 270 0 ]
[ 11 640 -640 270 0 ]
[ 11 768 -640 270 0 ]
[ 11 896 -640 270 0 ]
[ 11 -256 1024 270 0 ]
[ 11 -128 1152 270 0 ]
[ 11 1408 1152 270 0 ]
[ 11 1792 768 270 0 ]
[ 11 1664 -896 270 0 ]
[ 11 1792 -768 270 0 ]
[ 11 -128 -896 270 0 ]
[ 11 -256 -768 270 0 ]
[ 6 640 -128 270 0 ]
[ 6 512 0 270 0 ]
[ 6 512 256 270 0 ]
[ 6 640 384 270 0 ]
[ 6 896 384 270 0 ]
[ 6 1024 256 270 0 ]
[ 6 1024 0 270 0 ]
[ 6 896 -128 270 0 ]
[ 14 896 0 270 0 ]
[ 14 768 0 270 0 ]
[ 14 640 0 270 0 ]
[ 14 640 128 270 0 ]
[ 14 640 256 270 0 ]
[ 14 768 256 270 0 ]
[ 14 896 256 270 0 ]
[ 14 896 128 270 0 ]
[ 6 640 512 270 0 ]
[ 6 768 512 270 0 ]
[ 6 895 512 270 0 ]
[ 6 1152 256 270 0 ]
[ 6 1152 128 270 0 ]
[ 6 1152 0 270 0 ]
[ 6 640 -256 270 0 ]
[ 6 768 -256 270 0 ]
[ 6 895 -256 270 0 ]
[ 6 384 0 270 0 ]
[ 6 384 128 360 0 ]
[ 6 384 256 270 0 ]
[ 11 384 0 270 0 ]
[ 11 384 128 360 0 ]
[ 11 384 256 270 0 ]
[ 11 384 384 270 0 ]
[ 11 640 512 270 0 ]
[ 11 768 512 270 0 ]
[ 11 896 512 270 0 ]
[ 11 1024 512 270 0 ]
[ 11 1152 256 270 0 ]
[ 11 1152 128 270 0 ]
[ 11 1152 0 270 0 ]
[ 11 1152 -128 270 0 ]
[ 11 896 -256 270 0 ]
[ 11 768 -256 270 0 ]
[ 11 640 -256 270 0 ]
[ 11 512 -256 270 0 ]
[ 16 128 256 0 crystal 5 1 ]
[ 16 896 768 180 crystal 8 1 ]
[ 16 1408 0 180 crystal 7 1 ]
[ 16 640 -512 0 crystal 9 1 ]
[ 15 1408 256 0 crystal 5 0 ]
[ 15 128 0 0 crystal 7 0 ]
[ 15 896 -512 0 crystal 8 0 ]
[ 15 640 768 0 crystal 9 0 ]
[ 100 -128 1024 384 ]
[ 100 1664 1024 384 ]
[ 100 1664 -768 384 ]
[ 100 -128 -768 384 ]
[ 100 768 128 750 ]
Electric
PLayer 96.3628 1014.4