Does_not_exist
Map_basic
[ 1 -256 -256 180 0 ]
[ 1 -256 255 180 5 ]
[ 1 -256 768 180 0 ]
[ 1 256 255 180 4 ]
[ 1 256 -256 0 3 ]
[ 1 256 768 0 3 ]
[ 1 768 768 90 3 ]
[ 1 768 255 180 3 ]
[ 1 768 -256 90 5 ]
[ 1 1280 -256 0 3 ]
[ 1 1280 255 180 3 ]
[ 1 1280 768 0 0 ]
[ 1 1792 768 0 1 ]
[ 1 1792 -256 90 1 ]
[ 1 1792 256 180 0 ]
[ 1 2304 -256 180 2 ]
[ 1 2304 256 270 2 ]
[ 1 2304 768 180 4 ]
[ 1 -768 -256 0 3 ]
[ 1 -768 768 270 3 ]
[ 1 -768 256 0 4 ]
[ 1 2816 -256 0 2 ]
[ 1 2816 256 90 4 ]
[ 1 2816 768 90 0 ]
[ 1 -769 -640 0 2 ]
[ 1 -256 -640 270 2 ]
[ 1 768 -640 180 0 ]
[ 1 1792 -640 270 5 ]
[ 1 2304 -640 180 3 ]
[ 1 2816 -640 270 4 ]
[ 1 -769 1151 0 0 ]
[ 1 -256 1151 180 1 ]
[ 1 1280 1151 180 0 ]
[ 1 1792 1151 270 0 ]
[ 1 2304 1151 90 2 ]
[ 1 2816 1151 0 2 ]
[ 7 -768 -512 90 0 ]
[ 7 -768 -384 90 0 ]
[ 7 -768 -128 90 0 ]
[ 7 -768 0 90 0 ]
[ 7 -768 128 90 0 ]
[ 7 -768 384 90 0 ]
[ 7 -768 512 90 0 ]
[ 7 -768 640 90 0 ]
[ 7 -768 896 90 0 ]
[ 7 -768 1023 90 0 ]
[ 7 -640 1151 180 0 ]
[ 7 -512 1151 180 0 ]
[ 7 -385 1151 180 0 ]
[ 7 -128 1151 180 0 ]
[ 7 1152 1151 180 0 ]
[ 7 1024 1151 180 0 ]
[ 7 896 1151 180 0 ]
[ 7 1408 1152 180 0 ]
[ 7 1536 1152 180 0 ]
[ 7 1664 1152 180 0 ]
[ 7 1920 1152 180 0 ]
[ 7 2047 1152 180 0 ]
[ 7 2176 1152 180 0 ]
[ 7 2432 1152 180 0 ]
[ 7 2560 1152 180 0 ]
[ 7 2688 1152 180 0 ]
[ 7 2816 1024 270 0 ]
[ 7 2816 896 270 0 ]
[ 7 2816 640 270 0 ]
[ 7 2816 512 270 0 ]
[ 7 2816 384 270 0 ]
[ 7 2816 -384 270 0 ]
[ 7 2816 -512 270 0 ]
[ 7 2816 128 270 0 ]
[ 7 2816 0 270 0 ]
[ 7 2816 -128 270 0 ]
[ 7 -640 -640 540 0 ]
[ 7 -512 -640 180 0 ]
[ 7 -384 -640 180 0 ]
[ 7 128 -640 180 0 ]
[ 7 -129 -640 180 0 ]
[ 1 256 -640 180 5 ]
[ 7 384 -640 180 0 ]
[ 7 512 -640 180 0 ]
[ 7 640 -640 180 0 ]
[ 7 896 -640 180 0 ]
[ 7 1152 -640 180 0 ]
[ 7 1408 -640 180 0 ]
[ 7 1664 -640 180 0 ]
[ 7 1536 -640 180 0 ]
[ 7 1920 -640 180 0 ]
[ 7 2047 -640 180 0 ]
[ 7 2176 -640 180 0 ]
[ 7 2432 -640 180 0 ]
[ 7 2688 -640 180 0 ]
[ 7 -256 -512 270 0 ]
[ 7 -256 -384 270 0 ]
[ 7 256 -512 270 0 ]
[ 7 256 -384 270 0 ]
[ 7 768 -512 270 0 ]
[ 7 768 -384 270 0 ]
[ 7 384 256 360 0 ]
[ 7 512 256 0 0 ]
[ 7 640 256 0 0 ]
[ 7 768 384 90 0 ]
[ 7 768 512 90 0 ]
[ 7 768 640 90 0 ]
[ 7 768 896 90 0 ]
[ 7 768 1024 90 0 ]
[ 7 -256 384 90 0 ]
[ 7 -256 512 90 0 ]
[ 7 -256 640 90 0 ]
[ 7 -128 768 180 0 ]
[ 7 0 768 180 0 ]
[ 7 128 768 180 0 ]
[ 7 896 -256 180 0 ]
[ 7 1024 -256 180 0 ]
[ 7 1152 -256 180 0 ]
[ 7 896 256 180 0 ]
[ 7 1024 256 180 0 ]
[ 7 1152 256 180 0 ]
[ 7 1792 -512 270 0 ]
[ 7 1792 -384 270 0 ]
[ 7 1792 -128 270 0 ]
[ 7 1792 128 270 0 ]
[ 7 1279 384 270 0 ]
[ 7 1279 512 270 0 ]
[ 7 1279 640 270 0 ]
[ 7 1792 896 270 0 ]
[ 7 1792 1024 270 0 ]
[ 7 2304 896 270 0 ]
[ 7 2304 1024 270 0 ]
[ 7 2432 -256 0 0 ]
[ 7 2688 -256 0 0 ]
[ 7 2304 -128 90 0 ]
[ 7 2304 0 90 0 ]
[ 7 2304 128 90 0 ]
[ 2 0 -640 90 dmode 0 0 ]
[ 2 0 1152 180 dmode 2 0 ]
[ 18 512 1024 0 1 ]
[ 7 384 1280 180 0 ]
[ 7 512 1280 180 0 ]
[ 7 640 1280 180 0 ]
[ 1 768 1280 90 0 ]
[ 1 256 1280 180 3 ]
[ 1 768 1152 270 5 ]
[ 1 256 1152 90 2 ]
[ 7 128 1152 360 0 ]
[ 18 -512 -432 0 1 ]
[ 3 1024 -640 0 1 ]
[ 3 0 512 0 1 ]
[ 3 1024 512 0 1 ]
[ 3 2560 -256 0 1 ]
[ 3 2560 -640 0 1 ]
[ 2 2560 0 90 dmode 6 0 ]
[ 18 2560 944 0 1 ]
[ 2 1792 0 180 dmode 7 0 ]
[ 6 0 0 0 1 ]
[ 6 2048 512 0 1 ]
[ 6 2048 -448 0 1 ]
[ 6 1536 -448 0 1 ]
[ 28 1280 -640 270 dmode 9 ]
Movables
Map_floor
[ 1 -640 -512 90 0 ]
[ 1 -640 -384 180 0 ]
[ 1 -640 384 270 0 ]
[ 1 -640 512 90 0 ]
[ 1 -640 640 180 0 ]
[ 1 -512 -512 270 0 ]
[ 1 -512 -384 180 0 ]
[ 1 -512 384 270 0 ]
[ 1 -512 512 270 0 ]
[ 1 -512 640 0 0 ]
[ 1 -384 -512 180 0 ]
[ 1 -384 -384 270 0 ]
[ 1 -384 384 270 0 ]
[ 1 -384 512 270 0 ]
[ 1 -384 640 180 0 ]
[ 1 -128 -128 270 0 ]
[ 1 -128 0 180 0 ]
[ 1 -128 128 0 0 ]
[ 1 -128 896 0 0 ]
[ 1 -128 1024 0 0 ]
[ 1 0 -128 0 0 ]
[ 1 0 0 0 0 ]
[ 1 0 128 180 0 ]
[ 1 0 896 0 0 ]
[ 1 0 1024 90 0 ]
[ 1 128 -128 90 0 ]
[ 1 128 0 0 0 ]
[ 1 128 128 180 0 ]
[ 1 128 896 180 0 ]
[ 1 128 1024 0 0 ]
[ 1 384 384 0 0 ]
[ 1 384 512 180 0 ]
[ 1 384 640 270 0 ]
[ 1 512 384 180 0 ]
[ 1 512 512 90 0 ]
[ 1 512 640 270 0 ]
[ 1 640 384 0 0 ]
[ 1 640 512 180 0 ]
[ 1 640 640 90 0 ]
[ 1 896 -128 0 0 ]
[ 1 896 0 270 0 ]
[ 1 896 128 180 0 ]
[ 1 896 896 180 0 ]
[ 1 896 1024 90 0 ]
[ 1 1024 -128 0 0 ]
[ 1 1024 0 90 0 ]
[ 1 1024 128 270 0 ]
[ 1 1024 896 0 0 ]
[ 1 1024 1024 90 0 ]
[ 1 1152 -128 180 0 ]
[ 1 1152 0 270 0 ]
[ 1 1152 128 270 0 ]
[ 1 1152 896 0 0 ]
[ 1 1152 1024 270 0 ]
[ 1 1408 -512 0 0 ]
[ 1 1408 -384 0 0 ]
[ 1 1408 384 0 0 ]
[ 1 1408 512 0 0 ]
[ 1 1408 640 90 0 ]
[ 1 1536 -512 270 0 ]
[ 1 1536 -384 0 0 ]
[ 1 1536 384 270 0 ]
[ 1 1536 512 0 0 ]
[ 1 1536 640 180 0 ]
[ 1 1664 -512 0 0 ]
[ 1 1664 -384 0 0 ]
[ 1 1664 512 90 0 ]
[ 1 1664 640 180 0 ]
[ 1 1920 -128 0 0 ]
[ 1 1920 0 0 0 ]
[ 1 1920 128 270 0 ]
[ 1 1920 896 180 0 ]
[ 1 1920 1024 90 0 ]
[ 1 2048 -128 0 0 ]
[ 1 2048 0 0 0 ]
[ 1 2048 128 270 0 ]
[ 1 2048 1024 90 0 ]
[ 1 2176 -128 180 0 ]
[ 1 2176 0 270 0 ]
[ 1 2176 128 270 0 ]
[ 1 2176 896 90 0 ]
[ 1 2176 1024 90 0 ]
[ 1 2432 384 270 0 ]
[ 1 2432 512 270 0 ]
[ 1 2432 640 90 0 ]
[ 1 2560 384 270 0 ]
[ 1 2560 640 180 0 ]
[ 1 2688 384 180 0 ]
[ 1 2688 512 180 0 ]
[ 1 2688 640 270 0 ]
[ 3 -128 256 180 dmode 0 1 ]
[ 3 0 256 180 dmode 0 1 ]
[ 3 127 256 180 dmode 0 1 ]
[ 2 384 768 180 dmode 0 0 ]
[ 2 512 768 180 dmode 0 0 ]
[ 2 640 768 180 dmode 0 0 ]
[ 2 -256 896 90 dmode 2 0 ]
[ 2 -256 1024 90 dmode 2 0 ]
[ 3 256 384 90 dmode 2 1 ]
[ 3 256 512 270 dmode 2 1 ]
[ 3 256 640 270 dmode 2 1 ]
[ 3 -128 -256 0 dmode 1 1 ]
[ 3 0 -256 0 dmode 1 1 ]
[ 3 128 -256 0 dmode 1 1 ]
[ 2 -513 -256 0 dmode 1 0 ]
[ 2 -640 -256 0 dmode 1 0 ]
[ 2 -384 -256 0 dmode 1 0 ]
[ 3 1280 -128 90 dmode 1 1 ]
[ 3 1280 -1 90 dmode 1 1 ]
[ 3 1280 128 90 dmode 1 1 ]
[ 17 512 128 90 dmode 3 0 ]
[ 3 768 -128 90 dmode 3 1 ]
[ 3 768 0 90 dmode 3 1 ]
[ 3 768 128 90 dmode 3 1 ]
[ 2 384 -256 180 dmode 3 0 ]
[ 2 512 -256 180 dmode 3 0 ]
[ 2 639 -256 180 dmode 3 0 ]
[ 2 256 896 270 dmode 3 0 ]
[ 2 256 1024 270 dmode 3 0 ]
[ 2 -512 768 360 dmode 3 0 ]
[ 2 -640 768 0 dmode 3 0 ]
[ 2 -384 768 0 dmode 3 0 ]
[ 2 -512 256 0 dmode 3 0 ]
[ 2 -640 256 0 dmode 3 0 ]
[ 2 -384 256 0 dmode 3 0 ]
[ 2 -256 -128 90 dmode 3 0 ]
[ 2 -256 0 90 dmode 3 0 ]
[ 2 -256 128 90 dmode 3 0 ]
[ 2 256 -128 90 dmode 3 0 ]
[ 2 256 0 90 dmode 3 0 ]
[ 2 256 128 90 dmode 3 0 ]
[ 3 1152 768 360 dmode 5 1 ]
[ 3 896 768 0 dmode 5 1 ]
[ 3 1024 768 0 dmode 5 1 ]
[ 2 1920 768 0 dmode 5 0 ]
[ 2 2048 768 0 dmode 5 0 ]
[ 2 2176 768 0 dmode 5 0 ]
[ 17 2048 896 0 dmode 5 0 ]
[ 3 2304 -512 90 dmode 6 1 ]
[ 3 2304 -384 90 dmode 6 1 ]
[ 2 2432 768 180 dmode 6 0 ]
[ 2 2560 768 180 dmode 6 0 ]
[ 2 2688 768 180 dmode 6 0 ]
[ 3 2432 256 180 dmode 8 1 ]
[ 3 2560 256 180 dmode 8 1 ]
[ 3 2688 256 180 dmode 8 1 ]
[ 3 1408 -256 180 dmode 7 1 ]
[ 3 1536 -256 180 dmode 7 1 ]
[ 3 1664 -256 180 dmode 7 1 ]
[ 2 1408 255 180 dmode 7 0 ]
[ 2 1536 255 180 dmode 7 0 ]
[ 2 1664 255 180 dmode 7 0 ]
[ 2 1920 255 180 dmode 7 0 ]
[ 2 2048 255 180 dmode 7 0 ]
[ 2 2176 255 180 dmode 7 0 ]
[ 3 1920 -256 180 dmode 7 1 ]
[ 3 2048 -256 180 dmode 7 1 ]
[ 3 2176 -256 180 dmode 7 1 ]
[ 6 2560 -512 270 0 ]
[ 6 2688 -512 270 0 ]
[ 6 2432 -512 270 0 ]
[ 6 2432 -384 270 0 ]
[ 6 2560 -384 270 0 ]
[ 6 2688 -384 270 0 ]
[ 17 2560 512 270 dmode 8 0 ]
[ 2 2304 384 270 dmode 8 0 ]
[ 2 2304 512 270 dmode 8 0 ]
[ 2 2304 640 270 dmode 8 0 ]
[ 2 1792 512 270 dmode 8 0 ]
[ 2 1792 640 270 dmode 8 0 ]
[ 2 1792 384 270 dmode 8 0 ]
[ 2 1280 896 270 dmode 8 0 ]
[ 2 1280 1024 270 dmode 8 0 ]
[ 2 1408 768 360 dmode 8 0 ]
[ 2 1536 768 0 dmode 8 0 ]
[ 2 1664 768 0 dmode 8 0 ]
[ 1 1664 384 180 0 ]
[ 21 -128 -512 0 0 ]
[ 21 -128 -384 0 0 ]
[ 21 0 -512 0 0 ]
[ 21 0 -384 0 0 ]
[ 21 128 -512 0 0 ]
[ 21 128 -384 0 0 ]
[ 21 -640 -128 0 0 ]
[ 21 -640 0 0 0 ]
[ 21 -640 128 0 0 ]
[ 21 -512 -128 0 0 ]
[ 21 -512 0 0 0 ]
[ 21 -512 128 0 0 ]
[ 21 -384 -128 0 0 ]
[ 21 -384 0 0 0 ]
[ 21 -384 128 0 0 ]
[ 21 -128 384 0 0 ]
[ 21 -128 512 0 0 ]
[ 21 -128 639 0 0 ]
[ 21 0 384 0 0 ]
[ 21 0 512 0 0 ]
[ 21 0 639 0 0 ]
[ 21 128 384 0 0 ]
[ 21 128 512 0 0 ]
[ 21 128 639 0 0 ]
[ 21 384 -128 0 0 ]
[ 21 512 -128 0 0 ]
[ 21 640 -128 0 0 ]
[ 21 640 0 0 0 ]
[ 21 512 0 0 0 ]
[ 21 640 128 0 0 ]
[ 21 384 0 0 0 ]
[ 21 384 128 0 0 ]
[ 21 512 -512 0 0 ]
[ 21 640 -512 0 0 ]
[ 21 640 -384 0 0 ]
[ 21 384 -512 0 0 ]
[ 21 512 -384 0 0 ]
[ 21 384 -384 0 0 ]
[ 17 512 -448 0 dmode 1 0 ]
[ 21 384 896 0 0 ]
[ 21 384 1024 0 0 ]
[ 21 384 1152 0 0 ]
[ 21 512 1152 0 0 ]
[ 21 640 1152 0 0 ]
[ 21 640 1024 0 0 ]
[ 21 640 896 0 0 ]
[ 21 512 896 0 0 ]
[ 21 512 1024 0 0 ]
[ 21 -640 896 0 0 ]
[ 21 -512 896 0 0 ]
[ 21 -384 896 0 0 ]
[ 21 -384 1024 0 0 ]
[ 21 -512 1024 0 0 ]
[ 21 -640 1024 0 0 ]
[ 21 896 640 0 0 ]
[ 21 896 512 0 0 ]
[ 21 896 384 0 0 ]
[ 21 1024 384 0 0 ]
[ 21 1152 384 0 0 ]
[ 21 1152 512 0 0 ]
[ 21 1152 640 0 0 ]
[ 21 1024 640 0 0 ]
[ 21 1664 896 0 0 ]
[ 21 1408 1024 0 0 ]
[ 21 1408 896 0 0 ]
[ 21 1536 896 0 0 ]
[ 21 1536 1024 0 0 ]
[ 21 1664 1024 0 0 ]
[ 21 2048 512 0 0 ]
[ 21 1920 640 0 0 ]
[ 21 1920 512 0 0 ]
[ 21 1920 384 0 0 ]
[ 21 2048 384 0 0 ]
[ 21 2176 384 0 0 ]
[ 21 2176 512 0 0 ]
[ 21 2176 640 0 0 ]
[ 21 2048 640 0 0 ]
[ 21 2560 1024 0 0 ]
[ 21 2688 1024 0 0 ]
[ 21 2688 896 0 0 ]
[ 21 2560 896 0 0 ]
[ 21 2432 896 0 0 ]
[ 21 2432 1024 0 0 ]
[ 21 2432 -128 0 0 ]
[ 21 2560 -128 0 0 ]
[ 21 2688 -128 0 0 ]
[ 21 2688 0 0 0 ]
[ 21 2688 128 0 0 ]
[ 21 2560 128 0 0 ]
[ 21 2432 128 0 0 ]
[ 21 2432 0 0 0 ]
[ 21 1664 -128 0 0 ]
[ 21 1664 0 0 0 ]
[ 21 1664 128 0 0 ]
[ 21 1536 128 0 0 ]
[ 21 1408 128 0 0 ]
[ 21 1408 0 0 0 ]
[ 21 1408 -128 0 0 ]
[ 21 1536 -128 0 0 ]
[ 21 1536 0 0 0 ]
[ 21 1024 -512 0 0 ]
[ 21 1152 -512 0 0 ]
[ 21 1152 -384 0 0 ]
[ 21 1024 -384 0 0 ]
[ 21 896 -384 0 0 ]
[ 21 896 -512 0 0 ]
[ 21 1920 -384 0 0 ]
[ 21 1920 -512 0 0 ]
[ 21 2048 -512 0 0 ]
[ 21 2176 -512 0 0 ]
[ 21 2176 -384 0 0 ]
[ 21 2048 -384 0 0 ]
[ 2 1280 -512 270 dmode 9 0 ]
[ 2 1280 -384 270 dmode 9 0 ]
Electric
PLayer -126.518 2.13849