Does_not_exist
Map_basic
[ 1 1280 -512 270 0 ]
[ 1 1920 -512 0 5 ]
[ 1 1024 -768 180 5 ]
[ 1 2176 -768 90 1 ]
[ 1 1280 -768 270 5 ]
[ 1 1024 -513 180 1 ]
[ 1 1920 -768 0 3 ]
[ 1 2176 -513 270 0 ]
[ 1 1024 128 270 2 ]
[ 1 1280 384 90 5 ]
[ 1 1024 384 270 2 ]
[ 1 1920 384 270 4 ]
[ 1 2176 384 0 4 ]
[ 1 2176 128 0 4 ]
[ 1 1024 1024 180 1 ]
[ 1 1280 1024 180 5 ]
[ 1 1280 1280 180 5 ]
[ 1 1024 1280 90 3 ]
[ 1 1920 1024 90 4 ]
[ 1 1920 1280 180 5 ]
[ 1 2176 1024 90 1 ]
[ 1 2176 1280 270 5 ]
[ 7 1280 256 90 0 ]
[ 7 1024 256 270 0 ]
[ 7 1152 384 360 0 ]
[ 7 2176 256 90 0 ]
[ 7 1920 256 90 0 ]
[ 7 2048 384 180 0 ]
[ 7 1792 -768 180 0 ]
[ 7 1664 -768 180 0 ]
[ 7 1536 -768 180 0 ]
[ 7 1408 -768 180 0 ]
[ 7 1024 -384 450 0 ]
[ 7 1024 -256 90 0 ]
[ 7 1024 -128 90 0 ]
[ 7 1024 0 90 0 ]
[ 7 1024 -640 90 0 ]
[ 7 1152 -768 180 0 ]
[ 7 1024 512 90 0 ]
[ 7 1024 640 90 0 ]
[ 7 1024 768 90 0 ]
[ 7 1024 896 90 0 ]
[ 7 1152 1280 180 0 ]
[ 7 1024 1152 270 0 ]
[ 7 1408 1280 360 0 ]
[ 7 1536 1280 0 0 ]
[ 7 1664 1280 0 0 ]
[ 7 1792 1280 0 0 ]
[ 7 2048 1280 0 0 ]
[ 7 2176 1152 90 0 ]
[ 7 2176 896 90 0 ]
[ 7 2176 768 90 0 ]
[ 7 2176 640 90 0 ]
[ 7 2176 512 90 0 ]
[ 7 2176 -385 90 0 ]
[ 7 2176 -256 90 0 ]
[ 7 2176 -128 90 0 ]
[ 7 2176 0 90 0 ]
[ 7 2176 -640 90 0 ]
[ 7 2048 -768 360 0 ]
[ 7 2048 -512 540 0 ]
[ 7 1152 -512 360 0 ]
[ 7 1280 1152 90 0 ]
[ 7 1920 1152 90 0 ]
[ 1 3072 -768 270 0 ]
[ 1 2688 1280 180 0 ]
[ 1 2688 896 270 0 ]
[ 1 3840 896 0 5 ]
[ 1 3840 1280 180 5 ]
[ 7 3072 -640 270 0 ]
[ 7 3072 -384 270 0 ]
[ 7 3072 -256 270 0 ]
[ 7 3072 -128 270 0 ]
[ 7 3072 0 270 0 ]
[ 7 3072 128 270 0 ]
[ 7 3072 256 270 0 ]
[ 7 3072 384 270 0 ]
[ 7 3072 512 270 0 ]
[ 7 3072 640 270 0 ]
[ 7 3072 768 270 0 ]
[ 7 2688 -640 270 0 ]
[ 1 2688 -768 180 2 ]
[ 7 2688 -384 270 0 ]
[ 7 2688 -256 270 0 ]
[ 7 2688 -128 270 0 ]
[ 7 2688 768 270 0 ]
[ 7 2688 640 270 0 ]
[ 7 2688 512 270 0 ]
[ 7 2688 384 270 0 ]
[ 7 2688 256 270 0 ]
[ 7 2688 128 270 0 ]
[ 7 2688 0 270 0 ]
[ 7 2688 1024 270 0 ]
[ 7 2688 1152 270 0 ]
[ 7 3200 896 0 0 ]
[ 7 3328 896 0 0 ]
[ 7 3456 896 0 0 ]
[ 7 3584 896 0 0 ]
[ 7 3712 896 0 0 ]
[ 7 3840 1024 90 0 ]
[ 7 3840 1152 90 0 ]
[ 7 3712 1280 180 0 ]
[ 7 3584 1280 180 0 ]
[ 7 3456 1280 180 0 ]
[ 7 2816 1280 180 0 ]
[ 7 2944 1280 180 0 ]
[ 7 3200 1280 180 0 ]
[ 1 4352 -768 90 2 ]
[ 1 4608 -768 90 3 ]
[ 1 4352 -512 0 1 ]
[ 1 4608 -512 90 1 ]
[ 1 4352 1280 180 0 ]
[ 1 4352 1024 270 2 ]
[ 1 4608 1024 270 1 ]
[ 1 4608 1280 90 0 ]
[ 1 5504 1024 270 1 ]
[ 1 5504 1280 0 3 ]
[ 1 5760 1280 90 3 ]
[ 1 5760 1024 180 1 ]
[ 1 5504 -512 0 2 ]
[ 1 5760 -768 180 1 ]
[ 7 4480 -768 180 0 ]
[ 7 4608 -640 270 0 ]
[ 7 4352 -640 270 0 ]
[ 7 5504 -640 270 0 ]
[ 7 5632 -768 0 0 ]
[ 7 5760 -640 90 0 ]
[ 1 5504 -768 90 1 ]
[ 7 4352 1152 90 0 ]
[ 7 4480 1280 180 0 ]
[ 7 4352 -384 90 0 ]
[ 7 4352 -256 90 0 ]
[ 7 4352 -128 90 0 ]
[ 7 4352 0 90 0 ]
[ 7 4352 896 90 0 ]
[ 7 4352 768 90 0 ]
[ 7 4352 640 90 0 ]
[ 7 4352 512 90 0 ]
[ 7 4352 384 90 0 ]
[ 7 4352 256 90 0 ]
[ 7 4352 128 90 0 ]
[ 7 4608 -384 90 0 ]
[ 7 4608 -256 90 0 ]
[ 7 4608 -128 90 0 ]
[ 7 4608 0 90 0 ]
[ 7 4608 128 90 0 ]
[ 7 4608 256 90 0 ]
[ 7 4608 384 90 0 ]
[ 7 4608 512 90 0 ]
[ 7 4608 640 90 0 ]
[ 7 4608 768 90 0 ]
[ 7 4608 896 90 0 ]
[ 7 4736 1024 180 0 ]
[ 7 4864 1024 180 0 ]
[ 7 4992 1024 180 0 ]
[ 7 5119 1024 180 0 ]
[ 7 5248 1024 180 0 ]
[ 7 5376 1024 180 0 ]
[ 7 4736 1280 180 0 ]
[ 7 4864 1280 180 0 ]
[ 7 4992 1280 180 0 ]
[ 7 5119 1280 180 0 ]
[ 7 5248 1280 180 0 ]
[ 7 5376 1280 180 0 ]
[ 7 5760 1152 90 0 ]
[ 7 5631 1280 180 0 ]
[ 7 5760 896 270 0 ]
[ 7 5760 768 270 0 ]
[ 7 5760 640 270 0 ]
[ 7 5760 512 270 0 ]
[ 7 5760 384 270 0 ]
[ 7 5760 256 270 0 ]
[ 7 5760 128 270 0 ]
[ 7 5760 0 270 0 ]
[ 7 5760 -128 270 0 ]
[ 7 5760 -256 270 0 ]
[ 7 5760 -384 270 0 ]
[ 7 5504 -384 270 0 ]
[ 7 5504 -256 270 0 ]
[ 7 5504 -128 270 0 ]
[ 7 5504 0 270 0 ]
[ 7 5504 128 270 0 ]
[ 7 5504 256 270 0 ]
[ 7 5504 384 270 0 ]
[ 7 5504 512 270 0 ]
[ 7 5504 640 270 0 ]
[ 7 5504 768 270 0 ]
[ 7 5504 896 270 0 ]
[ 1 6272 -768 270 4 ]
[ 1 6528 -768 0 0 ]
[ 1 6528 -512 180 4 ]
[ 1 6528 1280 270 5 ]
[ 1 6528 1024 0 1 ]
[ 1 6272 1024 0 4 ]
[ 1 6272 1280 0 1 ]
[ 1 7552 -768 270 0 ]
[ 1 7552 -512 0 0 ]
[ 1 7808 -512 90 5 ]
[ 1 7808 -768 270 2 ]
[ 1 6272 127 180 5 ]
[ 1 6272 384 270 2 ]
[ 1 6528 127 180 0 ]
[ 1 6528 384 180 4 ]
[ 1 7552 128 0 3 ]
[ 1 7552 384 270 3 ]
[ 1 7808 128 0 5 ]
[ 1 7808 384 270 3 ]
[ 1 7552 1024 270 2 ]
[ 1 7552 1280 270 2 ]
[ 1 7808 1280 0 2 ]
[ 1 7808 1024 180 4 ]
[ 7 6272 1151 90 0 ]
[ 7 6400 1280 180 0 ]
[ 7 7680 1024 360 0 ]
[ 7 7808 1151 90 0 ]
[ 7 7680 1280 180 0 ]
[ 7 6400 -768 180 0 ]
[ 7 6272 -640 270 0 ]
[ 7 6272 256 90 0 ]
[ 7 7680 128 180 0 ]
[ 7 7808 256 270 0 ]
[ 7 7680 384 360 0 ]
[ 7 7680 -512 0 0 ]
[ 7 7680 -768 0 0 ]
[ 7 7808 -640 90 0 ]
[ 7 6272 -384 90 0 ]
[ 7 6272 -256 90 0 ]
[ 7 6272 -128 90 0 ]
[ 7 6272 0 90 0 ]
[ 7 6528 -384 90 0 ]
[ 7 6528 -256 90 0 ]
[ 7 6528 -128 90 0 ]
[ 7 6528 0 90 0 ]
[ 7 6272 896 90 0 ]
[ 7 6272 768 90 0 ]
[ 7 6272 640 90 0 ]
[ 7 6272 512 90 0 ]
[ 7 6528 512 90 0 ]
[ 7 6528 640 90 0 ]
[ 7 6528 768 90 0 ]
[ 7 6528 896 90 0 ]
[ 7 6656 -768 180 0 ]
[ 7 6784 -768 180 0 ]
[ 7 6912 -768 180 0 ]
[ 7 7040 -768 180 0 ]
[ 7 7168 -768 180 0 ]
[ 7 7296 -768 180 0 ]
[ 7 7424 -768 180 0 ]
[ 7 7424 -512 180 0 ]
[ 7 7296 -512 180 0 ]
[ 7 7168 -512 180 0 ]
[ 7 7040 -512 180 0 ]
[ 7 6912 -512 180 0 ]
[ 7 6784 -512 180 0 ]
[ 7 6656 -512 180 0 ]
[ 7 6656 128 180 0 ]
[ 7 6784 128 180 0 ]
[ 7 6912 128 180 0 ]
[ 7 7040 128 180 0 ]
[ 7 7168 128 180 0 ]
[ 7 7296 128 180 0 ]
[ 7 7424 128 180 0 ]
[ 7 7424 384 180 0 ]
[ 7 7296 384 180 0 ]
[ 7 7168 384 180 0 ]
[ 7 7040 384 180 0 ]
[ 7 6912 384 180 0 ]
[ 7 6784 384 180 0 ]
[ 7 6656 384 180 0 ]
[ 7 6656 1023 180 0 ]
[ 7 6784 1023 180 0 ]
[ 7 6912 1023 180 0 ]
[ 7 7040 1023 180 0 ]
[ 7 7168 1023 180 0 ]
[ 7 7296 1023 180 0 ]
[ 7 7424 1023 180 0 ]
[ 7 7424 1280 180 0 ]
[ 7 7296 1280 180 0 ]
[ 7 7168 1280 180 0 ]
[ 7 7040 1280 180 0 ]
[ 7 6912 1280 180 0 ]
[ 7 6784 1280 180 0 ]
[ 7 6656 1280 180 0 ]
[ 2 1152 256 270 dmode 2 0 ]
[ 3 1920 128 0 1 ]
[ 3 1280 128 0 1 ]
[ 3 1151 1152 0 1 ]
[ 29 3072 896 0 0 ]
[ 3 2688 -512 0 1 ]
[ 3 3072 -512 0 1 ]
[ 3 2816 -768 0 1 ]
[ 29 2944 -768 0 0 ]
[ 29 4480 -640 0 0 ]
[ 29 5632 -640 0 0 ]
[ 17 5888 -640 90 0 ]
[ 17 6016 -640 90 0 ]
[ 17 6144 -640 90 0 ]
[ 17 6144 -384 90 0 ]
[ 17 6016 -384 90 0 ]
[ 17 5888 -384 90 0 ]
[ 3 7680 1152 0 0 ]
[ 3 7680 -640 0 0 ]
[ 6 7680 256 0 0 ]
[ 3 3072 1280 0 1 ]
[ 3 3328 1280 0 1 ]
[ 6 4480 1152 0 1 ]
[ 6 5632 1152 0 1 ]
Movables
[ 1408 0 2 ]
[ 1536 -128 2 ]
[ 1408 -256 2 ]
[ 1536 -384 2 ]
[ 1664 -256 2 ]
[ 1792 -384 2 ]
[ 1792 -128 2 ]
[ 1664 0 2 ]
[ 2816 896 2 ]
[ 3072 1152 2 ]
[ 3200 1024 2 ]
[ 3456 1024 2 ]
[ 3328 1152 2 ]
[ 3584 1152 2 ]
[ 3712 1024 2 ]
[ 2816 -512 2 ]
[ 2816 640 2 ]
[ 2944 256 2 ]
[ 2816 128 2 ]
[ 2944 0 2 ]
[ 2944 768 2 ]
Map_floor
[ 1 1152 -384 0 0 ]
[ 1 1152 -256 270 0 ]
[ 1 1152 -128 180 0 ]
[ 1 1152 0 180 0 ]
[ 1 1152 256 90 0 ]
[ 1 1152 512 270 0 ]
[ 1 1152 640 0 0 ]
[ 1 1152 768 90 0 ]
[ 1 1152 896 270 0 ]
[ 1 1152 1152 0 0 ]
[ 1 1280 128 0 0 ]
[ 1 1408 -640 270 0 ]
[ 1 1408 -384 0 0 ]
[ 1 1408 -256 0 0 ]
[ 1 1408 -128 0 0 ]
[ 1 1408 0 270 0 ]
[ 1 1408 256 270 0 ]
[ 1 1408 512 90 0 ]
[ 1 1408 640 180 0 ]
[ 1 1408 768 90 0 ]
[ 1 1408 896 270 0 ]
[ 1 1536 -640 90 0 ]
[ 1 1536 -384 90 0 ]
[ 1 1536 -256 270 0 ]
[ 1 1536 -128 90 0 ]
[ 1 1536 0 0 0 ]
[ 1 1536 512 0 0 ]
[ 1 1536 640 270 0 ]
[ 1 1536 768 270 0 ]
[ 1 1536 896 90 0 ]
[ 1 1664 -640 0 0 ]
[ 1 1664 -384 270 0 ]
[ 1 1664 -256 90 0 ]
[ 1 1664 -128 90 0 ]
[ 1 1664 0 180 0 ]
[ 1 1664 512 0 0 ]
[ 1 1664 640 270 0 ]
[ 1 1664 768 0 0 ]
[ 1 1664 896 180 0 ]
[ 1 1792 -640 180 0 ]
[ 1 1792 -384 270 0 ]
[ 1 1792 -256 180 0 ]
[ 1 1792 -128 180 0 ]
[ 1 1792 0 0 0 ]
[ 1 1792 256 270 0 ]
[ 1 1792 512 180 0 ]
[ 1 1792 640 0 0 ]
[ 1 1792 768 270 0 ]
[ 1 1792 896 0 0 ]
[ 1 1920 128 270 0 ]
[ 1 2048 -384 180 0 ]
[ 1 2048 -256 180 0 ]
[ 1 2048 -128 90 0 ]
[ 1 2048 0 0 0 ]
[ 1 2048 512 270 0 ]
[ 1 2048 640 90 0 ]
[ 1 2048 768 180 0 ]
[ 1 2048 896 0 0 ]
[ 1 2816 -640 0 0 ]
[ 1 2816 -512 180 0 ]
[ 1 2816 -384 270 0 ]
[ 1 2816 -256 0 0 ]
[ 1 2816 -128 270 0 ]
[ 1 2816 0 270 0 ]
[ 1 2816 128 0 0 ]
[ 1 2816 256 0 0 ]
[ 1 2816 384 180 0 ]
[ 1 2816 511 270 0 ]
[ 1 2816 640 90 0 ]
[ 1 2816 768 180 0 ]
[ 1 2816 896 180 0 ]
[ 1 2816 1024 90 0 ]
[ 1 2816 1152 90 0 ]
[ 1 2944 -640 180 0 ]
[ 1 2944 -512 270 0 ]
[ 1 2944 -384 90 0 ]
[ 1 2944 -256 270 0 ]
[ 1 2944 -128 90 0 ]
[ 1 2944 0 90 0 ]
[ 1 2944 128 270 0 ]
[ 1 2944 256 180 0 ]
[ 1 2944 384 90 0 ]
[ 1 2944 511 90 0 ]
[ 1 2944 640 180 0 ]
[ 1 2944 768 90 0 ]
[ 1 2944 896 90 0 ]
[ 1 2944 1024 270 0 ]
[ 1 2944 1152 180 0 ]
[ 1 3200 1024 180 0 ]
[ 1 3200 1152 270 0 ]
[ 1 3328 1024 90 0 ]
[ 1 3328 1152 180 0 ]
[ 1 3456 1024 90 0 ]
[ 1 3456 1152 270 0 ]
[ 1 3584 1024 0 0 ]
[ 1 3584 1152 180 0 ]
[ 1 3712 1024 270 0 ]
[ 1 3712 1152 0 0 ]
[ 1 4480 -640 90 0 ]
[ 1 4480 -384 180 0 ]
[ 1 4480 -256 180 0 ]
[ 1 4480 -128 180 0 ]
[ 1 4480 0 270 0 ]
[ 1 4480 128 90 0 ]
[ 1 4480 256 90 0 ]
[ 1 4480 384 180 0 ]
[ 1 4480 511 0 0 ]
[ 1 4480 640 90 0 ]
[ 1 4480 768 0 0 ]
[ 1 4480 896 270 0 ]
[ 1 4480 1152 180 0 ]
[ 1 4736 1152 90 0 ]
[ 1 4864 1152 0 0 ]
[ 1 4992 1152 180 0 ]
[ 1 5120 1152 90 0 ]
[ 1 5248 1152 270 0 ]
[ 1 5376 1152 0 0 ]
[ 1 5632 -384 0 0 ]
[ 1 5632 -256 0 0 ]
[ 1 5632 -128 0 0 ]
[ 1 5632 0 180 0 ]
[ 1 5632 128 180 0 ]
[ 1 5632 256 270 0 ]
[ 1 5632 384 180 0 ]
[ 1 5632 511 90 0 ]
[ 1 5632 640 90 0 ]
[ 1 5632 768 180 0 ]
[ 1 5632 896 90 0 ]
[ 1 5632 1152 270 0 ]
[ 1 6656 -640 0 0 ]
[ 1 6784 -640 90 0 ]
[ 1 6912 -640 270 0 ]
[ 1 7040 -640 270 0 ]
[ 1 7168 -640 270 0 ]
[ 1 7296 -640 180 0 ]
[ 1 7424 -640 180 0 ]
[ 1 7680 -640 270 0 ]
[ 1 6400 -640 270 0 ]
[ 1 6400 -384 270 0 ]
[ 1 6400 -256 270 0 ]
[ 1 6400 -128 0 0 ]
[ 1 6400 0 270 0 ]
[ 1 6400 256 0 0 ]
[ 1 6400 511 90 0 ]
[ 1 6400 640 270 0 ]
[ 1 6400 768 0 0 ]
[ 1 6400 896 180 0 ]
[ 1 6400 1152 90 0 ]
[ 1 6656 1152 90 0 ]
[ 1 6784 1152 0 0 ]
[ 1 6912 1152 180 0 ]
[ 1 7040 1152 180 0 ]
[ 1 7168 1152 180 0 ]
[ 1 7296 1152 270 0 ]
[ 1 7424 1152 180 0 ]
[ 1 7680 1152 0 0 ]
[ 1 6656 256 270 0 ]
[ 1 6784 256 90 0 ]
[ 1 6912 256 180 0 ]
[ 1 7040 256 270 0 ]
[ 1 7168 256 0 0 ]
[ 1 7296 256 180 0 ]
[ 1 7424 256 0 0 ]
[ 18 1280 -640 270 7 ]
[ 18 1920 -640 270 7 ]
[ 3 1280 -384 270 dmode 0 1 ]
[ 3 1280 -256 270 dmode 0 1 ]
[ 3 1280 -128 270 dmode 0 1 ]
[ 3 1280 0 270 dmode 0 1 ]
[ 17 1152 -640 270 dmode 0 0 ]
[ 17 2048 -640 270 dmode 1 0 ]
[ 3 1920 -384 270 dmode 1 1 ]
[ 3 1920 -256 270 dmode 1 1 ]
[ 3 1920 0 270 dmode 1 1 ]
[ 3 1920 -128 270 dmode 1 1 ]
[ 2 1408 -512 360 dmode 2 0 ]
[ 2 1536 -512 0 dmode 2 0 ]
[ 2 1792 -512 0 dmode 2 0 ]
[ 2 1664 -512 0 dmode 2 0 ]
[ 3 1408 128 0 dmode 2 1 ]
[ 3 1536 128 0 dmode 2 1 ]
[ 3 1664 128 0 dmode 2 1 ]
[ 3 1792 128 0 dmode 2 1 ]
[ 18 1151 128 0 7 ]
[ 18 2048 128 0 7 ]
[ 17 2048 256 0 dmode 4 0 ]
[ 18 2048 256 0 2 ]
[ 3 1536 384 0 dmode 4 1 ]
[ 3 1664 384 0 dmode 4 1 ]
[ 3 1792 384 0 dmode 4 1 ]
[ 3 1408 384 0 dmode 4 1 ]
[ 1 1536 256 0 0 ]
[ 1 1664 256 90 0 ]
[ 18 1408 1024 0 7 ]
[ 18 1536 1024 0 7 ]
[ 18 1664 1024 0 7 ]
[ 18 1792 1024 0 7 ]
[ 17 1408 1151 0 dmode 7 0 ]
[ 3 1280 512 90 dmode 7 1 ]
[ 3 1280 640 90 dmode 7 1 ]
[ 3 1280 768 90 dmode 7 1 ]
[ 3 1280 895 90 dmode 7 1 ]
[ 17 1536 1152 90 dmode 8 0 ]
[ 3 1920 512 90 dmode 8 1 ]
[ 3 1920 640 90 dmode 8 1 ]
[ 3 1920 768 90 dmode 8 1 ]
[ 3 1920 895 90 dmode 8 1 ]
[ 17 1664 1152 90 dmode 9 0 ]
[ 3 1152 1024 180 dmode 9 1 ]
[ 17 1792 1152 180 dmode 10 0 ]
[ 3 2048 1024 180 dmode 10 1 ]
[ 43 2048 1152 270 0 ]
[ 43 3072 896 540 0 ]
[ 1 3072 1152 0 0 ]
[ 1 3072 1024 180 0 ]
[ 43 2944 -768 90 1 ]
[ 43 4480 -640 90 1 ]
[ 18 4480 -512 360 7 ]
[ 18 4480 1024 0 7 ]
[ 18 4608 1151 90 7 ]
[ 18 5504 1151 90 7 ]
[ 18 5632 1024 180 7 ]
[ 18 5632 -512 180 7 ]
[ 43 5632 -640 450 1 ]
[ 18 5760 -513 90 1 ]
[ 18 6272 -513 90 1 ]
[ 18 6528 -640 90 7 ]
[ 18 6400 -512 180 7 ]
[ 18 6400 128 180 7 ]
[ 18 6528 256 270 7 ]
[ 18 6400 384 360 7 ]
[ 18 7552 -640 90 7 ]
[ 18 7552 256 90 7 ]
[ 18 6400 1024 180 7 ]
[ 18 6528 1152 270 7 ]
[ 18 7552 1152 270 7 ]
[ 6 7680 256 270 0 ]
Electric
PLayer 1546.46 -276.342