Does_not_exist
Map_basic
[ 8 0 128 0 0 ]
[ 8 0 1280 0 0 ]
[ 9 128 1280 0 0 ]
[ 9 256 1280 0 0 ]
[ 9 512 1280 0 0 ]
[ 9 640 1280 0 0 ]
[ 9 896 1280 0 0 ]
[ 9 1024 1280 0 0 ]
[ 9 1280 1280 0 0 ]
[ 9 1536 1280 0 0 ]
[ 9 1792 1280 0 0 ]
[ 9 1919 128 180 0 ]
[ 9 1664 128 180 0 ]
[ 9 1408 128 180 0 ]
[ 9 1152 128 180 0 ]
[ 9 1024 128 180 0 ]
[ 9 896 128 180 0 ]
[ 9 383 128 180 0 ]
[ 9 256 128 180 0 ]
[ 9 128 128 180 0 ]
[ 9 0 256 270 0 ]
[ 9 0 512 270 0 ]
[ 9 0 768 270 0 ]
[ 9 0 1024 270 0 ]
[ 9 0 1152 270 0 ]
[ 8 2176 1280 270 0 ]
[ 9 2048 1280 360 0 ]
[ 9 2048 128 180 0 ]
[ 8 2176 128 270 0 ]
[ 3 384 1280 0 0 ]
[ 3 0 384 0 0 ]
[ 3 0 640 0 0 ]
[ 3 640 128 0 0 ]
[ 3 768 128 0 0 ]
[ 3 512 128 0 0 ]
[ 3 1792 128 0 0 ]
[ 3 1664 1280 0 0 ]
[ 3 1280 128 0 0 ]
[ 3 1408 1280 0 0 ]
[ 3 0 895 0 0 ]
[ 9 768 1280 360 0 ]
[ 8 2176 768 270 0 ]
[ 9 2304 768 360 0 ]
[ 9 2432 768 0 0 ]
[ 9 2560 768 0 0 ]
[ 9 2688 768 0 0 ]
[ 9 2816 768 0 0 ]
[ 9 2944 768 0 0 ]
[ 9 3072 768 0 0 ]
[ 9 3200 768 0 0 ]
[ 9 3328 768 0 0 ]
[ 9 3456 768 0 0 ]
[ 9 3584 768 0 0 ]
[ 9 3712 768 0 0 ]
[ 9 2304 1280 0 0 ]
[ 9 2432 1280 0 0 ]
[ 9 2560 1280 0 0 ]
[ 9 2688 1280 0 0 ]
[ 9 2816 1280 0 0 ]
[ 9 2944 1280 0 0 ]
[ 9 3072 1280 0 0 ]
[ 9 3584 1280 0 0 ]
[ 9 3456 1280 0 0 ]
[ 9 3328 1280 0 0 ]
[ 9 3200 1280 0 0 ]
[ 9 3712 1280 0 0 ]
[ 8 3840 768 0 0 ]
[ 8 3840 1280 0 0 ]
[ 9 2304 128 360 0 ]
[ 9 2432 128 0 0 ]
[ 9 2560 128 0 0 ]
[ 9 2688 128 0 0 ]
[ 9 2816 128 0 0 ]
[ 9 2944 128 0 0 ]
[ 9 3072 128 0 0 ]
[ 9 3200 128 0 0 ]
[ 9 3328 128 0 0 ]
[ 9 3456 128 0 0 ]
[ 9 3584 128 0 0 ]
[ 9 3712 128 0 0 ]
[ 8 3840 128 0 0 ]
[ 10 2176 640 0 0 ]
[ 10 2432 384 0 0 ]
[ 10 2560 256 0 0 ]
[ 10 3072 256 0 0 ]
[ 10 3584 256 0 0 ]
[ 10 3712 384 0 0 ]
[ 10 2432 896 0 0 ]
[ 10 2432 1152 0 0 ]
[ 10 2688 896 0 0 ]
[ 10 2944 1152 0 0 ]
[ 9 1152 1280 0 0 ]
[ 3 1920 1280 0 0 ]
[ 3 1536 128 0 0 ]
[ 4 3840 896 0 0 ]
[ 4 3840 1024 0 0 ]
[ 4 3840 1152 0 0 ]
[ 9 3840 256 270 0 ]
[ 9 3840 384 270 0 ]
[ 9 3840 512 270 0 ]
[ 9 3840 640 270 0 ]
Movables
[ 384 384 3 ]
[ 512 256 3 ]
[ 384 640 3 ]
[ 256 768 3 ]
[ 128 896 3 ]
[ 128 1152 3 ]
[ 384 1152 3 ]
[ 512 768 3 ]
[ 640 384 3 ]
[ 768 256 3 ]
[ 896 384 3 ]
[ 1024 256 3 ]
[ 896 640 3 ]
[ 640 896 3 ]
[ 896 896 3 ]
[ 640 1152 3 ]
[ 896 1152 3 ]
[ 1024 1024 3 ]
[ 1024 768 3 ]
[ 1152 1152 3 ]
[ 1280 1024 3 ]
[ 1408 896 3 ]
[ 1536 768 3 ]
[ 1536 256 3 ]
[ 1792 256 3 ]
[ 1664 1152 3 ]
[ 1792 1024 3 ]
[ 1792 768 3 ]
[ 1920 640 3 ]
[ 1920 896 3 ]
[ 2048 1024 3 ]
[ 2048 512 3 ]
[ 128 384 3 ]
[ 128 640 3 ]
[ 512 512 0 ]
[ 256 512 0 ]
[ 1664 384 0 ]
[ 1664 896 0 ]
[ 768 1023 0 ]
[ 1024 512 0 ]
[ 384 896 0 ]
[ 256 1023 2 ]
[ 768 512 2 ]
[ 640 640 2 ]
[ 768 768 2 ]
[ 1280 256 2 ]
[ 1151 384 2 ]
[ 1408 384 2 ]
[ 1280 512 2 ]
[ 1536 512 2 ]
[ 1408 640 2 ]
[ 1151 896 1 ]
[ 1280 768 1 ]
[ 1151 640 1 ]
[ 1664 640 1 ]
[ 1792 512 1 ]
[ 1920 384 1 ]
[ 2048 256 1 ]
[ 256 256 1 ]
[ 1408 1152 1 ]
[ 1536 1024 1 ]
[ 512 1024 1 ]
[ 1920 1152 1 ]
[ 2048 768 2 ]
[ 2176 896 3 ]
[ 2304 1024 3 ]
[ 2176 1152 0 ]
[ 2176 384 0 ]
[ 2304 512 0 ]
[ 2432 640 0 ]
[ 2560 512 0 ]
[ 2688 384 0 ]
[ 2816 256 0 ]
[ 2944 384 0 ]
[ 3072 512 0 ]
[ 3200 384 0 ]
[ 3328 256 0 ]
[ 3456 384 0 ]
[ 3584 512 0 ]
[ 3712 640 0 ]
[ 2816 512 2 ]
[ 2944 640 2 ]
[ 2688 640 2 ]
[ 3200 640 2 ]
[ 3328 512 2 ]
[ 3456 640 2 ]
[ 2304 256 3 ]
[ 2688 1152 3 ]
[ 2944 896 3 ]
[ 3200 1152 3 ]
[ 3456 896 3 ]
[ 3200 896 2 ]
[ 2560 1024 2 ]
[ 2816 1024 2 ]
[ 3072 1024 2 ]
[ 3712 896 2 ]
[ 3584 1024 2 ]
[ 3712 1152 2 ]
[ 3328 1024 0 ]
[ 3456 1152 0 ]
Map_floor
[ 6 128 256 180 0 ]
[ 6 128 383 180 0 ]
[ 6 128 512 180 0 ]
[ 6 128 640 180 0 ]
[ 6 128 768 180 0 ]
[ 6 128 896 180 0 ]
[ 6 128 1024 180 0 ]
[ 6 128 1152 180 0 ]
[ 6 255 256 180 0 ]
[ 6 255 383 180 0 ]
[ 6 255 512 180 0 ]
[ 6 255 640 180 0 ]
[ 6 255 768 180 0 ]
[ 6 255 896 180 0 ]
[ 6 255 1024 180 0 ]
[ 6 255 1152 180 0 ]
[ 6 384 256 180 0 ]
[ 6 384 383 180 0 ]
[ 6 384 512 180 0 ]
[ 6 384 640 180 0 ]
[ 6 384 768 180 0 ]
[ 6 384 896 180 0 ]
[ 6 384 1024 180 0 ]
[ 6 384 1152 180 0 ]
[ 6 512 256 180 0 ]
[ 6 512 383 180 0 ]
[ 6 512 512 180 0 ]
[ 6 512 640 180 0 ]
[ 6 512 768 180 0 ]
[ 6 512 896 180 0 ]
[ 6 512 1024 180 0 ]
[ 6 512 1152 180 0 ]
[ 6 640 256 180 0 ]
[ 6 640 383 180 0 ]
[ 6 640 512 180 0 ]
[ 6 640 640 180 0 ]
[ 6 640 768 180 0 ]
[ 6 640 896 180 0 ]
[ 6 640 1024 180 0 ]
[ 6 640 1152 180 0 ]
[ 6 768 256 180 0 ]
[ 6 768 383 180 0 ]
[ 6 768 512 180 0 ]
[ 6 768 640 180 0 ]
[ 6 768 768 180 0 ]
[ 6 768 896 180 0 ]
[ 6 768 1024 180 0 ]
[ 6 768 1152 180 0 ]
[ 6 896 256 180 0 ]
[ 6 896 383 180 0 ]
[ 6 896 512 180 0 ]
[ 6 896 640 180 0 ]
[ 6 896 768 180 0 ]
[ 6 896 896 180 0 ]
[ 6 896 1024 180 0 ]
[ 6 896 1152 180 0 ]
[ 6 1024 256 180 0 ]
[ 6 1024 383 180 0 ]
[ 6 1024 512 180 0 ]
[ 6 1024 640 180 0 ]
[ 6 1024 768 180 0 ]
[ 6 1024 896 180 0 ]
[ 6 1024 1024 180 0 ]
[ 6 1024 1152 180 0 ]
[ 6 1152 256 180 0 ]
[ 6 1152 383 180 0 ]
[ 6 1152 512 180 0 ]
[ 6 1152 640 180 0 ]
[ 6 1152 768 180 0 ]
[ 6 1152 896 180 0 ]
[ 6 1152 1024 180 0 ]
[ 6 1152 1152 180 0 ]
[ 6 1280 256 180 0 ]
[ 6 1280 383 180 0 ]
[ 6 1280 512 180 0 ]
[ 6 1280 640 180 0 ]
[ 6 1280 768 180 0 ]
[ 6 1280 896 180 0 ]
[ 6 1280 1024 180 0 ]
[ 6 1280 1152 180 0 ]
[ 6 1408 256 180 0 ]
[ 6 1408 383 180 0 ]
[ 6 1408 512 180 0 ]
[ 6 1408 640 180 0 ]
[ 6 1408 768 180 0 ]
[ 6 1408 896 180 0 ]
[ 6 1408 1024 180 0 ]
[ 6 1408 1152 180 0 ]
[ 6 1536 256 180 0 ]
[ 6 1536 383 180 0 ]
[ 6 1536 512 180 0 ]
[ 6 1536 640 180 0 ]
[ 6 1536 768 180 0 ]
[ 6 1536 896 180 0 ]
[ 6 1536 1024 180 0 ]
[ 6 1536 1152 180 0 ]
[ 6 1664 256 180 0 ]
[ 6 1664 383 180 0 ]
[ 6 1664 512 180 0 ]
[ 6 1664 640 180 0 ]
[ 6 1664 768 180 0 ]
[ 6 1664 896 180 0 ]
[ 6 1664 1024 180 0 ]
[ 6 1664 1152 180 0 ]
[ 6 1792 256 180 0 ]
[ 6 1792 383 180 0 ]
[ 6 1792 512 180 0 ]
[ 6 1792 640 180 0 ]
[ 6 1792 768 180 0 ]
[ 6 1792 896 180 0 ]
[ 6 1792 1024 180 0 ]
[ 6 1792 1152 180 0 ]
[ 6 1920 256 180 0 ]
[ 6 1920 383 180 0 ]
[ 6 1920 512 180 0 ]
[ 6 1920 640 180 0 ]
[ 6 1920 768 180 0 ]
[ 6 1920 896 180 0 ]
[ 6 1920 1024 180 0 ]
[ 6 1920 1152 180 0 ]
[ 6 2048 256 180 0 ]
[ 6 2048 383 180 0 ]
[ 6 2048 512 180 0 ]
[ 6 2048 640 180 0 ]
[ 6 2048 768 180 0 ]
[ 6 2048 896 180 0 ]
[ 6 2048 1024 180 0 ]
[ 6 2048 1152 180 0 ]
[ 6 2176 256 0 0 ]
[ 6 2176 384 0 0 ]
[ 6 2176 512 0 0 ]
[ 6 2176 640 0 0 ]
[ 6 2304 256 0 0 ]
[ 6 2304 384 0 0 ]
[ 6 2304 512 0 0 ]
[ 6 2304 640 0 0 ]
[ 6 2432 256 0 0 ]
[ 6 2432 384 0 0 ]
[ 6 2432 512 0 0 ]
[ 6 2432 640 0 0 ]
[ 6 2560 256 0 0 ]
[ 6 2560 384 0 0 ]
[ 6 2560 512 0 0 ]
[ 6 2560 640 0 0 ]
[ 6 2688 256 0 0 ]
[ 6 2688 384 0 0 ]
[ 6 2688 512 0 0 ]
[ 6 2688 640 0 0 ]
[ 6 2816 256 0 0 ]
[ 6 2816 384 0 0 ]
[ 6 2816 512 0 0 ]
[ 6 2816 640 0 0 ]
[ 6 2944 256 0 0 ]
[ 6 2944 384 0 0 ]
[ 6 2944 512 0 0 ]
[ 6 2944 640 0 0 ]
[ 6 3072 256 0 0 ]
[ 6 3072 384 0 0 ]
[ 6 3072 512 0 0 ]
[ 6 3072 640 0 0 ]
[ 6 3200 256 0 0 ]
[ 6 3200 384 0 0 ]
[ 6 3200 512 0 0 ]
[ 6 3200 640 0 0 ]
[ 6 3328 256 0 0 ]
[ 6 3328 384 0 0 ]
[ 6 3328 512 0 0 ]
[ 6 3328 640 0 0 ]
[ 6 3456 256 0 0 ]
[ 6 3456 384 0 0 ]
[ 6 3456 512 0 0 ]
[ 6 3456 640 0 0 ]
[ 6 3584 256 0 0 ]
[ 6 3584 384 0 0 ]
[ 6 3584 512 0 0 ]
[ 6 3584 640 0 0 ]
[ 6 3712 256 0 0 ]
[ 6 3712 384 0 0 ]
[ 6 3712 512 0 0 ]
[ 6 3712 640 0 0 ]
[ 6 2176 896 0 0 ]
[ 6 2176 1024 0 0 ]
[ 6 2176 1152 0 0 ]
[ 6 2304 896 0 0 ]
[ 6 2304 1024 0 0 ]
[ 6 2304 1152 0 0 ]
[ 6 2432 896 0 0 ]
[ 6 2432 1024 0 0 ]
[ 6 2432 1152 0 0 ]
[ 6 2560 896 0 0 ]
[ 6 2560 1024 0 0 ]
[ 6 2560 1152 0 0 ]
[ 6 2688 896 0 0 ]
[ 6 2688 1024 0 0 ]
[ 6 2688 1152 0 0 ]
[ 6 2816 896 0 0 ]
[ 6 2816 1024 0 0 ]
[ 6 2816 1152 0 0 ]
[ 6 2944 896 0 0 ]
[ 6 2944 1024 0 0 ]
[ 6 2944 1152 0 0 ]
[ 6 3072 896 0 0 ]
[ 6 3072 1024 0 0 ]
[ 6 3072 1152 0 0 ]
[ 6 3200 896 0 0 ]
[ 6 3200 1024 0 0 ]
[ 6 3200 1152 0 0 ]
[ 6 3328 896 0 0 ]
[ 6 3328 1024 0 0 ]
[ 6 3328 1152 0 0 ]
[ 6 3456 896 0 0 ]
[ 6 3456 1024 0 0 ]
[ 6 3456 1152 0 0 ]
[ 6 3584 896 0 0 ]
[ 6 3584 1024 0 0 ]
[ 6 3584 1152 0 0 ]
[ 6 3712 896 0 0 ]
[ 6 3712 1024 0 0 ]
[ 6 3712 1152 0 0 ]
[ 100 1088 768 1245 ]
[ 100 2816 768 1245 ]
Electric
PLayer 514.967 639.092