Does_not_exist
Map_basic
[ 11 128 1024 270 0 ]
[ 11 128 896 270 0 ]
[ 10 1024 768 0 0 ]
[ 10 1280 768 0 0 ]
[ 11 256 1152 180 0 ]
[ 11 384 1152 180 0 ]
[ 11 640 1152 180 0 ]
[ 11 768 1152 180 0 ]
[ 11 896 1152 180 0 ]
[ 11 1152 1152 180 0 ]
[ 11 512 1408 180 0 ]
[ 11 256 1408 180 0 ]
[ 11 384 1408 180 0 ]
[ 11 640 1408 180 0 ]
[ 11 768 1408 180 0 ]
[ 11 896 1408 180 0 ]
[ 11 1024 1408 180 0 ]
[ 11 1152 1408 180 0 ]
[ 2 128 768 90 dmode 0 0 ]
[ 2 384 768 90 dmode 1 0 ]
[ 2 640 768 90 dmode 2 0 ]
[ 2 896 768 90 dmode 3 0 ]
[ 11 256 768 360 0 ]
[ 11 768 768 0 0 ]
[ 11 1279 896 90 0 ]
[ 11 1279 1024 90 0 ]
[ 10 1023 1152 90 0 ]
[ 11 512 896 270 0 ]
[ 11 512 1024 270 0 ]
[ 11 512 768 0 0 ]
[ 11 512 1152 0 0 ]
[ 15 1280 1408 0 lmode 5 1 ]
[ 15 1280 1152 0 lmode 4 1 ]
[ 3 1152 1024 0 0 ]
[ 19 640 1024 0 0 ]
[ 18 896 1024 0 0 ]
[ 11 0 1152 360 0 ]
[ 11 -128 1280 90 0 ]
[ 11 0 1408 180 0 ]
[ 10 384 127 0 0 ]
[ 10 640 127 0 0 ]
[ 10 896 127 0 0 ]
[ 15 128 384 0 barmode 0 1 ]
[ 15 384 384 0 barmode 1 1 ]
[ 15 640 384 0 barmode 2 1 ]
[ 15 896 384 0 barmode 3 1 ]
[ 10 1152 384 0 0 ]
[ 10 1152 128 0 0 ]
[ 11 1152 256 90 0 ]
[ 11 895 256 90 0 ]
[ 11 384 256 90 0 ]
[ 11 128 256 90 0 ]
[ 11 256 128 180 0 ]
[ 11 512 128 180 0 ]
[ 11 768 128 180 0 ]
[ 11 1024 128 180 0 ]
[ 11 640 256 90 0 ]
[ 2 128 128 180 dmode 5 0 ]
[ 11 1535 511 90 0 ]
[ 11 1535 640 90 0 ]
[ 11 1535 0 270 0 ]
[ 10 -128 -128 270 0 ]
[ 11 -128 639 90 0 ]
[ 11 -128 0 90 0 ]
[ 11 -128 128 90 0 ]
[ 11 -128 256 90 0 ]
[ 11 -128 384 90 0 ]
[ 11 -128 512 90 0 ]
[ 11 0 -128 180 0 ]
[ 11 128 -128 180 0 ]
[ 11 256 -128 180 0 ]
[ 11 384 -128 180 0 ]
[ 11 511 -128 180 0 ]
[ 11 640 -128 180 0 ]
[ 11 768 -128 180 0 ]
[ 11 896 -128 180 0 ]
[ 11 1024 -128 180 0 ]
[ 11 1152 -128 180 0 ]
[ 11 1280 -128 180 0 ]
[ 11 1408 -128 180 0 ]
[ 10 1535 -128 180 0 ]
[ 11 -128 896 270 0 ]
[ 11 -128 1024 270 0 ]
[ 11 1536 1280 270 0 ]
[ 11 1536 1152 270 0 ]
[ 11 1536 1024 270 0 ]
[ 11 1536 896 270 0 ]
[ 11 1536 768 270 0 ]
[ 11 1408 1408 360 0 ]
[ 10 1536 1408 0 0 ]
[ 10 -128 768 180 0 ]
[ 10 128 1408 0 0 ]
[ 10 128 1152 0 0 ]
[ 10 -128 1152 0 0 ]
[ 10 -128 1408 0 0 ]
[ 10 1536 128 90 0 ]
[ 11 1536 256 90 0 ]
[ 10 1536 384 270 0 ]
[ 17 1152 0 270 0 ]
[ 31 1408 0 0 9 ]
[ 31 1280 0 0 9 ]
Movables
[ 256 256 3 ]
[ 512 256 2 ]
[ 1024 256 1 ]
Map_floor
[ 15 1152 768 0 crystal 0 0 ]
[ 2 256 1280 90 dmode 0 0 ]
[ 2 288 1280 90 dmode 1 0 ]
[ 2 320 1280 90 dmode 2 0 ]
[ 2 352 1280 90 dmode 3 0 ]
[ 3 384 1280 90 dmode 0 1 ]
[ 3 416 1280 90 dmode 1 1 ]
[ 3 448 1280 90 dmode 2 1 ]
[ 3 480 1280 90 dmode 3 1 ]
[ 2 512 1280 90 dmode 0 0 ]
[ 2 544 1280 90 dmode 1 0 ]
[ 2 576 1280 90 dmode 2 0 ]
[ 2 608 1280 90 dmode 3 0 ]
[ 3 640 1280 90 dmode 0 1 ]
[ 3 672 1280 90 dmode 1 1 ]
[ 3 704 1280 90 dmode 2 1 ]
[ 3 736 1280 90 dmode 3 1 ]
[ 2 768 1280 90 dmode 0 0 ]
[ 2 800 1280 90 dmode 1 0 ]
[ 2 832 1280 90 dmode 2 0 ]
[ 2 864 1280 90 dmode 3 0 ]
[ 3 896 1280 90 dmode 0 1 ]
[ 3 928 1280 90 dmode 1 1 ]
[ 3 960 1280 90 dmode 2 1 ]
[ 3 992 1280 90 dmode 3 1 ]
[ 17 0 1280 90 dmode 4 0 ]
[ 14 1024 896 90 0 ]
[ 14 1024 1024 90 0 ]
[ 18 1024 896 90 11 ]
[ 18 1024 1024 90 11 ]
[ 11 768 896 90 0 ]
[ 11 640 896 90 0 ]
[ 11 768 1024 90 0 ]
[ 11 896 896 90 0 ]
[ 11 384 896 90 0 ]
[ 11 256 896 90 0 ]
[ 11 256 1024 90 0 ]
[ 11 384 1024 90 0 ]
[ 4 1152 896 90 0 ]
[ 4 1280 896 180 0 ]
[ 4 1280 1024 180 0 ]
[ 4 1152 1408 270 0 ]
[ 4 1024 1408 270 0 ]
[ 4 896 1408 270 0 ]
[ 4 768 1408 270 0 ]
[ 4 640 1408 270 0 ]
[ 4 512 1408 270 0 ]
[ 4 384 1408 270 0 ]
[ 4 256 1408 270 0 ]
[ 2 1024 1280 90 dmode 0 0 ]
[ 18 1280 1280 270 11 ]
[ 39 1024 384 90 barmode 3 1 ]
[ 39 767 384 90 barmode 2 1 ]
[ 39 511 384 90 barmode 1 1 ]
[ 39 256 384 90 barmode 0 1 ]
[ 19 256 256 450 0 ]
[ 19 512 256 90 0 ]
[ 19 768 256 90 0 ]
[ 19 1024 256 90 0 ]
[ 19 256 384 450 0 ]
[ 19 512 384 90 0 ]
[ 19 768 384 90 0 ]
[ 19 1024 384 90 0 ]
[ 3 256 384 180 dmode 5 1 ]
[ 3 512 384 180 dmode 5 1 ]
[ 3 768 384 180 dmode 5 1 ]
[ 3 1024 384 180 dmode 5 1 ]
[ 14 128 256 180 0 ]
[ 14 256 128 180 0 ]
[ 14 384 256 180 0 ]
[ 14 512 128 180 0 ]
[ 14 640 256 180 0 ]
[ 14 768 128 180 0 ]
[ 14 896 256 180 0 ]
[ 14 1024 128 180 0 ]
[ 14 1152 256 180 0 ]
[ 16 1408 384 180 crystal 12 1 ]
[ 16 1280 384 180 crystal 12 1 ]
[ 14 1536 0 270 0 ]
[ 14 1408 -128 270 0 ]
[ 14 1280 -128 270 0 ]
[ 14 1151 -128 270 0 ]
[ 14 1024 -128 270 0 ]
[ 14 896 -128 270 0 ]
[ 14 768 -128 270 0 ]
[ 14 640 -128 270 0 ]
[ 14 512 -128 270 0 ]
[ 14 384 -128 270 0 ]
[ 14 256 -128 270 0 ]
[ 14 128 -128 270 0 ]
[ 14 0 -128 270 0 ]
[ 14 -129 0 270 0 ]
[ 14 -129 128 270 0 ]
[ 14 -129 256 270 0 ]
[ 14 -129 384 270 0 ]
[ 14 -129 640 270 0 ]
[ 14 1536 640 270 0 ]
[ 14 1536 512 270 0 ]
[ 11 0 0 270 0 ]
[ 11 256 0 270 0 ]
[ 11 512 0 270 0 ]
[ 11 768 0 270 0 ]
[ 11 1024 0 270 0 ]
[ 11 0 256 270 0 ]
[ 11 0 512 270 0 ]
[ 11 128 512 270 0 ]
[ 11 256 512 270 0 ]
[ 11 384 512 270 0 ]
[ 11 512 512 270 0 ]
[ 11 640 512 270 0 ]
[ 11 768 512 270 0 ]
[ 11 1280 512 270 0 ]
[ 11 1408 512 270 0 ]
[ 11 1408 640 270 0 ]
[ 11 1280 640 270 0 ]
[ 11 1151 512 270 0 ]
[ 11 1024 512 270 0 ]
[ 11 896 512 270 0 ]
[ 11 0 640 270 0 ]
[ 11 128 640 270 0 ]
[ 11 256 640 270 0 ]
[ 11 384 640 270 0 ]
[ 11 512 640 270 0 ]
[ 11 640 640 270 0 ]
[ 11 768 640 270 0 ]
[ 11 896 640 270 0 ]
[ 11 1024 640 270 0 ]
[ 11 1151 640 270 0 ]
[ 14 -129 512 270 0 ]
[ 2 0 384 540 dmode 16 0 ]
[ 2 0 128 0 dmode 16 0 ]
[ 3 127 -1 90 dmode 5 1 ]
[ 3 383 -1 90 dmode 5 1 ]
[ 3 640 -1 90 dmode 5 1 ]
[ 3 896 -1 90 dmode 5 1 ]
[ 18 768 256 180 5 ]
[ 14 -128 1024 90 0 ]
[ 14 -128 896 90 0 ]
[ 14 -128 768 90 0 ]
[ 14 1536 768 90 0 ]
[ 14 1536 896 90 0 ]
[ 14 1536 1024 90 0 ]
[ 14 1536 1152 90 0 ]
[ 14 1536 1280 90 0 ]
[ 14 1408 1408 90 0 ]
[ 11 1408 896 90 0 ]
[ 11 1408 1024 90 0 ]
[ 11 1408 1152 90 0 ]
[ 14 0 768 180 0 ]
[ 18 0 768 180 11 ]
[ 14 1408 768 180 0 ]
[ 18 1408 768 180 11 ]
[ 11 0 896 180 0 ]
[ 11 0 1024 180 0 ]
[ 11 896 1024 180 0 ]
[ 19 1408 1280 540 0 ]
[ 11 1408 1280 270 0 ]
[ 19 1152 1152 360 0 ]
[ 14 1536 256 360 0 ]
[ 19 1280 1280 180 0 ]
[ 4 1280 1280 180 0 ]
[ 19 1152 1280 180 0 ]
[ 19 1152 1280 180 0 ]
[ 19 1152 1280 180 0 ]
[ 19 1152 1280 180 0 ]
[ 2 1056 1280 90 dmode 1 0 ]
[ 2 1088 1280 90 dmode 2 0 ]
[ 2 1120 1280 90 dmode 3 0 ]
[ 3 1152 1280 90 dmode 0 1 ]
[ 3 1184 1280 90 dmode 1 1 ]
[ 3 1216 1280 90 dmode 2 1 ]
[ 3 1248 1280 90 dmode 3 1 ]
[ 4 1280 1280 360 0 ]
[ 18 1280 1280 90 11 ]
[ 3 1280 128 180 dmode 4 1 ]
[ 3 1408 128 180 dmode 4 1 ]
[ 3 1152 0 270 dmode 4 1 ]
[ 11 1280 256 270 0 ]
[ 11 1408 256 270 0 ]
[ 6 1280 0 270 0 ]
[ 6 1408 0 270 0 ]
[ 100 720 640 937 ]
Electric
[ 46 128 1280 90 0 ]
[ 27 128 768 180 ]
[ 26 256 768 180 ]
[ 26 384 768 180 ]
[ 26 640 768 180 ]
[ 26 768 768 180 ]
[ 26 896 768 180 ]
[ 37 1024 768 2160 crystal 0 ]
[ 36 256 1152 360 dmode 4 ]
[ 34 128 896 270 dmode 4 0 ]
[ 26 128 1024 90 ]
[ 26 384 1152 180 ]
[ 33 512 1152 360 lmode 4 ]
[ 31 1024 1152 360 0 ]
[ 26 640 1152 0 ]
[ 26 512 1024 90 ]
[ 26 512 896 90 ]
[ 28 512 768 180 ]
[ 34 768 1152 0 lmode 5 0 ]
[ 36 0 1152 360 crystal 0 ]
[ 27 -128 1408 90 ]
[ 26 0 1408 180 ]
[ 26 -128 1280 270 ]
[ 27 -128 1152 540 ]
[ 25 128 1408 360 ]
[ 26 896 1152 0 ]
[ 26 128 1152 90 ]
PLayer 514.909 555.723