Does_not_exist
Map_basic
[ 13 768 128 0 0 ]
[ 13 768 1152 0 0 ]
[ 13 768 639 0 0 ]
[ 12 384 128 180 1 ]
[ 12 640 128 180 2 ]
[ 13 256 128 180 0 ]
[ 13 256 640 180 0 ]
[ 12 512 128 180 0 ]
[ 13 256 1152 180 0 ]
[ 12 384 640 180 1 ]
[ 12 640 640 180 2 ]
[ 12 512 640 180 0 ]
[ 12 384 1152 540 1 ]
[ 12 640 1152 180 2 ]
[ 12 512 1152 360 0 ]
[ 25 256 768 270 0 ]
[ 25 256 896 270 0 ]
[ 25 256 1024 630 0 ]
[ 25 256 256 90 0 ]
[ 25 256 384 90 0 ]
[ 25 256 512 90 0 ]
[ 13 1408 640 90 0 ]
[ 13 1408 1152 90 0 ]
[ 13 1920 1152 90 0 ]
[ 13 1920 128 90 0 ]
[ 12 1536 1152 180 1 ]
[ 12 1792 1152 180 2 ]
[ 12 1664 1152 180 0 ]
[ 25 1920 512 270 0 ]
[ 25 1920 256 630 0 ]
[ 25 1920 768 270 0 ]
[ 25 1920 1024 270 0 ]
[ 25 256 1280 270 0 ]
[ 25 256 1408 270 0 ]
[ 23 896 1536 0 0 ]
[ 23 1024 1536 0 0 ]
[ 23 1152 1536 0 0 ]
[ 23 1280 1536 0 0 ]
[ 23 1536 1536 0 0 ]
[ 23 1664 1536 0 0 ]
[ 23 1792 1536 0 0 ]
[ 4 1920 1536 0 3 ]
[ 4 256 1536 0 3 ]
[ 13 256 -256 0 0 ]
[ 13 1920 -256 0 0 ]
[ 25 256 0 90 0 ]
[ 25 256 -128 450 0 ]
[ 25 1920 -128 90 0 ]
[ 25 1920 0 90 0 ]
[ 12 384 -256 540 1 ]
[ 12 512 -256 180 0 ]
[ 12 640 -256 180 2 ]
[ 12 896 -256 180 1 ]
[ 12 1024 -256 180 0 ]
[ 12 1152 -256 180 0 ]
[ 12 1280 -256 180 2 ]
[ 13 767 -256 180 0 ]
[ 24 384 384 180 lmode 1 0 ]
[ 24 1792 256 270 lmode 2 0 ]
[ 24 383 512 270 lmode 3 0 ]
[ 24 1792 1024 270 lmode 4 0 ]
[ 24 384 896 90 lmode 5 0 ]
[ 24 384 1024 270 lmode 6 0 ]
[ 24 384 1280 90 lmode 8 0 ]
[ 25 1920 1408 90 0 ]
[ 25 1920 1280 90 0 ]
[ 24 384 -128 450 lmode 10 0 ]
[ 24 384 0 180 lmode 11 0 ]
[ 3 1408 -256 0 3 ]
[ 3 1408 128 0 3 ]
[ 12 1664 128 0 2 ]
[ 12 1792 128 0 1 ]
[ 12 1792 -256 0 1 ]
[ 12 1664 -256 360 2 ]
[ 13 1536 -256 90 0 ]
[ 13 1536 128 90 0 ]
[ 6 1664 -128 0 3 ]
[ 3 1792 -128 0 3 ]
[ 3 1792 0 0 3 ]
[ 6 1664 0 0 3 ]
[ 24 384 768 90 lmode 13 0 ]
[ 24 384 256 90 lmode 14 0 ]
[ 22 256 1920 90 0 ]
[ 23 256 1664 90 0 ]
[ 23 256 1791 90 0 ]
[ 23 384 1920 180 0 ]
[ 23 512 1920 180 0 ]
[ 23 640 1920 180 0 ]
[ 23 896 1920 180 0 ]
[ 23 1024 1920 180 0 ]
[ 23 1152 1920 180 0 ]
[ 23 1280 1920 180 0 ]
[ 22 1920 1920 180 0 ]
[ 23 1536 1920 180 0 ]
[ 23 1664 1920 180 0 ]
[ 23 1792 1920 180 0 ]
[ 23 1920 1792 270 0 ]
[ 23 1920 1664 270 0 ]
[ 3 1792 1792 0 0 ]
[ 3 1792 1664 0 0 ]
[ 3 768 1536 0 3 ]
[ 3 1920 896 0 3 ]
[ 13 1920 640 90 0 ]
[ 3 1920 384 0 3 ]
[ 18 768 256 0 3 ]
[ 18 768 384 0 3 ]
[ 18 768 511 0 3 ]
[ 3 768 1920 0 3 ]
[ 3 1408 1536 0 3 ]
[ 3 1408 1920 0 3 ]
Movables
Map_floor
[ 13 512 256 180 0 ]
[ 13 512 384 180 0 ]
[ 13 512 512 180 0 ]
[ 13 640 256 180 0 ]
[ 13 640 384 180 0 ]
[ 13 640 512 180 0 ]
[ 13 768 256 180 0 ]
[ 13 768 384 180 0 ]
[ 13 768 512 180 0 ]
[ 20 512 768 180 0 ]
[ 20 512 896 180 0 ]
[ 20 512 1024 180 0 ]
[ 20 640 768 180 0 ]
[ 20 640 896 180 0 ]
[ 20 640 1024 180 0 ]
[ 13 384 1280 180 0 ]
[ 13 384 1408 180 0 ]
[ 13 512 1280 180 0 ]
[ 13 512 1408 180 0 ]
[ 13 640 1280 180 0 ]
[ 13 640 1408 180 0 ]
[ 13 1536 256 180 0 ]
[ 13 1536 384 180 0 ]
[ 13 1536 512 180 0 ]
[ 13 1663 256 180 0 ]
[ 13 1663 384 180 0 ]
[ 13 1663 512 180 0 ]
[ 13 1792 384 180 0 ]
[ 13 1792 512 180 0 ]
[ 20 1536 768 180 0 ]
[ 20 1536 896 180 0 ]
[ 20 1536 1024 180 0 ]
[ 20 1663 768 180 0 ]
[ 20 1663 896 180 0 ]
[ 20 1663 1024 180 0 ]
[ 20 1792 768 180 0 ]
[ 20 1792 896 180 0 ]
[ 20 512 -128 180 0 ]
[ 20 512 0 180 0 ]
[ 20 640 -128 180 0 ]
[ 20 640 0 180 0 ]
[ 20 1792 -128 180 0 ]
[ 20 1792 0 180 0 ]
[ 23 1408 768 270 lmode 4 0 ]
[ 23 1408 896 270 lmode 4 0 ]
[ 23 1408 1024 270 lmode 4 0 ]
[ 24 768 1408 90 lmode 7 1 ]
[ 24 768 1280 90 lmode 7 1 ]
[ 10 1408 1280 360 1 ]
[ 10 1408 1408 0 1 ]
[ 6 1664 1408 0 0 ]
[ 6 1792 1408 0 0 ]
[ 6 1792 1280 0 0 ]
[ 6 1664 1280 0 0 ]
[ 6 1536 1280 180 0 ]
[ 6 1536 1408 180 0 ]
[ 24 768 1024 270 lmode 0 1 ]
[ 24 768 768 270 lmode 0 1 ]
[ 24 768 896 270 lmode 0 1 ]
[ 42 896 1280 180 0 ]
[ 42 896 1408 180 0 ]
[ 23 768 -128 270 lmode 12 0 ]
[ 23 768 0 270 lmode 12 0 ]
[ 24 1536 -128 90 lmode 13 1 ]
[ 24 1536 0 90 lmode 13 1 ]
[ 20 1664 -128 90 0 ]
[ 20 1664 0 90 0 ]
[ 24 640 1536 180 lmode 14 1 ]
[ 24 512 1536 180 lmode 14 1 ]
[ 24 384 1536 180 lmode 14 1 ]
[ 18 383 1536 360 17 ]
[ 18 511 1536 0 17 ]
[ 18 640 1536 0 17 ]
[ 42 1280 0 90 0 ]
[ 24 768 1664 90 lmode 2 1 ]
[ 24 768 1792 90 lmode 2 1 ]
[ 24 1408 1664 90 lmode 4 1 ]
[ 24 1408 1792 90 lmode 4 1 ]
[ 22 1663 1664 90 0 ]
[ 22 1536 1792 90 0 ]
[ 22 1663 1792 90 0 ]
[ 22 1536 1664 90 0 ]
[ 22 384 1664 90 0 ]
[ 22 512 1664 90 0 ]
[ 22 639 1664 90 0 ]
[ 22 384 1792 90 0 ]
[ 22 512 1792 90 0 ]
[ 22 639 1792 90 0 ]
[ 22 896 1664 90 0 ]
[ 22 1024 1664 90 0 ]
[ 22 1152 1664 90 0 ]
[ 22 1280 1664 90 0 ]
[ 22 1280 1792 90 0 ]
[ 22 1152 1792 90 0 ]
[ 22 1024 1792 90 0 ]
[ 22 896 1792 90 0 ]
[ 24 1536 640 180 lmode 15 1 ]
[ 24 1664 640 180 lmode 15 1 ]
[ 24 1792 640 180 lmode 15 1 ]
[ 23 1408 256 270 lmode 15 0 ]
[ 23 1408 384 270 lmode 15 0 ]
[ 23 1408 512 270 lmode 15 0 ]
[ 104 263 251 secret ]
[ 104 278 287 way ]
[ 100 1088 1280 937 ]
[ 100 1088 384 937 ]
[ 104 273 786 Coin ]
[ 104 888 134 + ]
[ 104 1377 135 - ]
[ 104 1430 86 - ]
Electric
[ 37 768 1152 540 lmode 0 ]
[ 27 896 1151 360 ]
[ 26 896 1024 90 ]
[ 26 896 768 90 ]
[ 33 896 384 90 lmode 1 ]
[ 26 896 640 90 ]
[ 26 896 512 90 ]
[ 26 896 256 90 ]
[ 26 512 128 180 ]
[ 26 640 128 180 ]
[ 26 768 128 180 ]
[ 30 384 128 180 1 ]
[ 34 1280 128 360 lmode 2 0 ]
[ 31 1536 128 360 0 ]
[ 35 1152 512 450 lmode 3 1 ]
[ 34 1024 512 90 lmode 3 0 ]
[ 27 1152 640 90 ]
[ 28 1024 384 180 ]
[ 27 1152 384 630 ]
[ 26 1024 640 270 ]
[ 34 1279 1024 450 lmode 4 0 ]
[ 31 1408 1152 0 0 ]
[ 27 1280 768 270 ]
[ 27 1279 1152 810 ]
[ 26 1152 768 180 ]
[ 26 1279 896 270 ]
[ 33 1024 896 450 lmode 5 ]
[ 33 1152 1024 990 lmode 6 ]
[ 27 1152 896 630 ]
[ 27 1280 1408 270 ]
[ 37 1280 1536 450 lmode 7 ]
[ 27 1024 1408 450 ]
[ 28 1152 1408 360 ]
[ 26 1152 1152 90 ]
[ 26 1024 1152 90 ]
[ 26 1024 1280 90 ]
[ 33 1152 1280 90 lmode 8 ]
[ 31 1280 1280 360 0 ]
[ 37 1408 640 360 lmode 15 ]
[ 34 1280 512 270 lmode 9 0 ]
[ 28 1280 640 360 ]
[ 26 1280 384 90 ]
[ 27 1024 256 90 ]
[ 27 1280 256 630 ]
[ 28 1152 256 360 ]
[ 28 1152 128 180 ]
[ 33 1024 0 180 lmode 10 ]
[ 33 1152 -128 180 lmode 11 ]
[ 27 1152 0 360 ]
[ 26 1024 -128 180 ]
[ 29 1024 128 180 ]
[ 27 896 0 180 ]
[ 29 896 128 180 ]
[ 27 1408 -128 270 ]
[ 26 1408 0 270 ]
[ 28 1408 128 360 ]
[ 26 1280 -128 0 ]
[ 27 896 -128 90 ]
[ 37 896 -256 270 lmode 12 ]
[ 28 1024 1024 450 ]
[ 28 1024 768 450 ]
[ 26 896 896 90 ]
PLayer 1004.47 288.633