Does_not_exist
Map_basic
[ 1 128 256 810 0 ]
[ 1 128 767 0 3 ]
[ 1 640 767 90 4 ]
[ 1 640 256 180 4 ]
[ 7 256 256 0 0 ]
[ 7 512 256 180 0 ]
[ 7 768 768 0 0 ]
[ 7 896 768 0 0 ]
[ 7 1024 768 0 0 ]
[ 7 1152 768 0 0 ]
[ 7 1279 768 0 0 ]
[ 7 1408 768 0 0 ]
[ 7 768 256 360 0 ]
[ 7 896 256 0 0 ]
[ 7 1024 256 0 0 ]
[ 7 1152 256 0 0 ]
[ 7 1279 256 0 0 ]
[ 7 1408 256 0 0 ]
[ 7 1536 256 0 0 ]
[ 7 1664 256 0 0 ]
[ 7 1792 256 0 0 ]
[ 7 1920 256 0 0 ]
[ 7 2048 256 0 0 ]
[ 7 2176 256 0 0 ]
[ 7 2304 256 0 0 ]
[ 7 2432 256 0 0 ]
[ 7 2560 256 0 0 ]
[ 7 1536 768 0 0 ]
[ 7 1664 768 0 0 ]
[ 7 1792 768 0 0 ]
[ 7 1920 768 0 0 ]
[ 7 2048 768 0 0 ]
[ 7 2176 768 0 0 ]
[ 7 2432 768 0 0 ]
[ 7 2560 768 0 0 ]
[ 7 2304 768 0 0 ]
[ 7 0 256 180 0 ]
[ 7 -128 256 180 0 ]
[ 7 -384 256 180 0 ]
[ 7 -512 256 180 0 ]
[ 7 -384 768 180 0 ]
[ 7 -128 768 180 0 ]
[ 7 0 768 180 0 ]
[ 2 384 256 270 dmode 1 0 ]
[ 1 2688 2944 0 2 ]
[ 7 6912 1024 0 0 ]
[ 7 7040 1024 0 0 ]
[ 7 7296 1024 0 0 ]
[ 7 7808 1024 0 0 ]
[ 7 1664 3968 0 0 ]
[ 7 1792 3968 0 0 ]
[ 7 1920 3968 0 0 ]
[ 7 2047 3968 0 0 ]
[ 7 2304 3968 0 0 ]
[ 7 2688 3456 90 0 ]
[ 7 2688 3328 90 0 ]
[ 7 2688 3200 90 0 ]
[ 7 2688 3072 90 0 ]
[ 7 7040 0 180 0 ]
[ 7 7168 0 180 0 ]
[ 7 1792 2944 180 0 ]
[ 7 1920 2944 180 0 ]
[ 7 2560 2944 180 0 ]
[ 7 2176 2944 180 0 ]
[ 7 2047 2944 180 0 ]
[ 7 1664 2944 180 0 ]
[ 7 7808 0 180 0 ]
[ 7 7296 0 180 0 ]
[ 7 6400 1024 0 0 ]
[ 7 6528 1024 0 0 ]
[ 7 6784 1024 0 0 ]
[ 7 6016 0 180 0 ]
[ 7 6272 0 180 0 ]
[ 7 6784 0 180 0 ]
[ 7 6656 0 180 0 ]
[ 7 6528 0 180 0 ]
[ 7 6400 0 180 0 ]
[ 7 7552 1024 0 0 ]
[ 7 7680 1024 0 0 ]
[ 7 7680 0 180 0 ]
[ 7 7552 0 180 0 ]
[ 7 256 768 180 0 ]
[ 7 384 768 180 0 ]
[ 7 512 768 180 0 ]
[ 1 -640 768 270 1 ]
[ 1 -640 256 0 1 ]
[ 7 -512 768 180 0 ]
[ 7 6272 1024 0 0 ]
[ 7 6016 1024 0 0 ]
[ 1 6144 1024 90 4 ]
[ 1 6144 0 90 3 ]
[ 1 6144 256 0 4 ]
[ 1 6144 768 180 3 ]
[ 7 6272 768 0 0 ]
[ 7 6400 768 0 0 ]
[ 7 6528 768 0 0 ]
[ 7 6144 384 90 0 ]
[ 7 6144 512 90 0 ]
[ 7 6144 640 90 0 ]
[ 1 6656 768 90 4 ]
[ 1 6656 1024 180 3 ]
[ 1 6656 256 180 1 ]
[ 1 6656 512 270 2 ]
[ 1 6912 512 90 4 ]
[ 1 6912 0 90 3 ]
[ 1 7424 0 90 0 ]
[ 1 7424 512 0 0 ]
[ 1 7424 1024 180 2 ]
[ 1 7168 1024 180 4 ]
[ 1 7168 768 0 5 ]
[ 7 7168 896 90 0 ]
[ 7 7424 640 90 0 ]
[ 7 7424 896 90 0 ]
[ 7 7424 768 90 0 ]
[ 7 7040 512 180 0 ]
[ 7 7168 512 180 0 ]
[ 7 7296 512 180 0 ]
[ 7 6656 384 270 0 ]
[ 7 6784 256 360 0 ]
[ 7 6912 128 90 0 ]
[ 1 6912 256 0 0 ]
[ 7 7936 128 90 0 ]
[ 7 7936 256 90 0 ]
[ 7 7936 384 90 0 ]
[ 7 1664 3712 180 0 ]
[ 7 1792 3712 180 0 ]
[ 1 7936 512 270 3 ]
[ 1 1920 3712 0 1 ]
[ 1 7936 0 90 4 ]
[ 1 2176 3968 180 0 ]
[ 1 2432 2944 270 1 ]
[ 7 2304 2944 180 0 ]
[ 7 2432 3072 90 0 ]
[ 7 2432 3200 90 0 ]
[ 7 2304 3328 180 0 ]
[ 1 2176 3328 180 2 ]
[ 1 2176 3584 0 1 ]
[ 1 2432 3968 90 3 ]
[ 1 2432 3584 270 1 ]
[ 1 2688 3584 180 3 ]
[ 7 2304 3584 180 0 ]
[ 7 2560 3584 180 0 ]
[ 1 2688 3968 0 2 ]
[ 7 2560 3968 360 0 ]
[ 1 2688 256 180 4 ]
[ 1 2688 768 270 0 ]
[ 1 2688 1024 90 1 ]
[ 1 2688 0 180 5 ]
[ 1 5888 0 0 2 ]
[ 7 3712 1024 0 0 ]
[ 7 3840 1024 0 0 ]
[ 7 4096 1024 0 0 ]
[ 7 4608 1024 0 0 ]
[ 7 4736 1024 0 0 ]
[ 7 4864 1024 0 0 ]
[ 7 4992 1024 0 0 ]
[ 7 5120 1024 0 0 ]
[ 7 5247 1024 0 0 ]
[ 7 5504 1024 0 0 ]
[ 7 5888 512 90 0 ]
[ 7 5888 384 90 0 ]
[ 7 5888 256 90 0 ]
[ 7 5888 128 90 0 ]
[ 7 2688 896 90 0 ]
[ 7 2688 128 90 0 ]
[ 7 3840 0 180 0 ]
[ 7 3968 0 180 0 ]
[ 7 4992 0 180 0 ]
[ 7 5120 0 180 0 ]
[ 7 5760 0 180 0 ]
[ 7 5376 0 180 0 ]
[ 7 5247 0 180 0 ]
[ 7 4864 0 180 0 ]
[ 7 4608 0 180 0 ]
[ 7 4096 0 180 0 ]
[ 7 3200 1024 0 0 ]
[ 7 3328 1024 0 0 ]
[ 7 3584 1024 0 0 ]
[ 7 2816 0 180 0 ]
[ 7 3072 0 180 0 ]
[ 7 3584 0 180 0 ]
[ 7 3456 0 180 0 ]
[ 7 3328 0 180 0 ]
[ 7 3200 0 180 0 ]
[ 7 4352 1024 0 0 ]
[ 7 4480 1024 0 0 ]
[ 7 4480 0 180 0 ]
[ 7 4352 0 180 0 ]
[ 7 3072 1024 0 0 ]
[ 7 2816 1024 0 0 ]
[ 1 2944 1024 90 4 ]
[ 1 2944 0 90 3 ]
[ 1 2944 256 0 4 ]
[ 1 2944 768 180 3 ]
[ 7 2816 768 0 0 ]
[ 7 3072 768 0 0 ]
[ 7 3200 768 0 0 ]
[ 7 3328 768 0 0 ]
[ 7 2944 384 90 0 ]
[ 7 2944 512 90 0 ]
[ 7 2944 640 90 0 ]
[ 1 3456 768 90 4 ]
[ 1 3456 1024 180 3 ]
[ 1 3456 256 180 1 ]
[ 1 3456 512 270 2 ]
[ 1 3712 512 90 4 ]
[ 1 3712 0 90 3 ]
[ 1 4224 0 90 0 ]
[ 1 4224 512 0 0 ]
[ 1 4224 1024 180 2 ]
[ 1 3968 1024 180 4 ]
[ 1 3968 768 0 5 ]
[ 7 3968 896 90 0 ]
[ 7 4224 640 90 0 ]
[ 7 4224 896 90 0 ]
[ 7 4224 768 90 0 ]
[ 7 3840 512 180 0 ]
[ 7 3968 512 180 0 ]
[ 7 4096 512 180 0 ]
[ 7 3456 384 270 0 ]
[ 7 3584 256 360 0 ]
[ 7 3712 128 90 0 ]
[ 1 3712 256 0 0 ]
[ 7 4736 128 90 0 ]
[ 7 4736 256 90 0 ]
[ 7 4736 384 90 0 ]
[ 7 4608 768 180 0 ]
[ 7 4736 768 180 0 ]
[ 7 4864 768 180 0 ]
[ 7 4992 768 180 0 ]
[ 1 4480 768 180 5 ]
[ 1 4736 512 270 3 ]
[ 1 5120 768 0 1 ]
[ 1 4736 0 90 4 ]
[ 1 5376 1024 180 0 ]
[ 1 5632 0 270 1 ]
[ 7 5504 0 180 0 ]
[ 7 5632 128 90 0 ]
[ 7 5632 256 90 0 ]
[ 7 5504 384 180 0 ]
[ 1 5376 384 180 2 ]
[ 1 5376 640 0 1 ]
[ 1 5632 1024 90 3 ]
[ 1 5632 640 270 1 ]
[ 1 5888 640 180 3 ]
[ 7 5504 640 180 0 ]
[ 7 5760 640 180 0 ]
[ 6 5376 512 0 1 ]
[ 1 5888 1024 0 2 ]
[ 7 5760 1024 360 0 ]
[ 1 5888 2944 0 2 ]
[ 7 3712 3968 0 0 ]
[ 7 3840 3968 0 0 ]
[ 7 4096 3968 0 0 ]
[ 7 4608 3968 0 0 ]
[ 7 4736 3968 0 0 ]
[ 7 4864 3968 0 0 ]
[ 7 4992 3968 0 0 ]
[ 7 5120 3968 0 0 ]
[ 7 5247 3968 0 0 ]
[ 7 5504 3968 0 0 ]
[ 7 5888 3456 90 0 ]
[ 7 5888 3328 90 0 ]
[ 7 5888 3200 90 0 ]
[ 7 5888 3072 90 0 ]
[ 7 3840 2944 180 0 ]
[ 7 3968 2944 180 0 ]
[ 7 4992 2944 180 0 ]
[ 7 5120 2944 180 0 ]
[ 7 5760 2944 180 0 ]
[ 7 5376 2944 180 0 ]
[ 7 5247 2944 180 0 ]
[ 7 4864 2944 180 0 ]
[ 7 4608 2944 180 0 ]
[ 7 4096 2944 180 0 ]
[ 7 3200 3968 0 0 ]
[ 7 3328 3968 0 0 ]
[ 7 3584 3968 0 0 ]
[ 7 2816 2944 180 0 ]
[ 7 3072 2944 180 0 ]
[ 7 3584 2944 180 0 ]
[ 7 3456 2944 180 0 ]
[ 7 3328 2944 180 0 ]
[ 7 3200 2944 180 0 ]
[ 7 4352 3968 0 0 ]
[ 7 4480 3968 0 0 ]
[ 7 4480 2944 180 0 ]
[ 7 4352 2944 540 0 ]
[ 7 3072 3968 0 0 ]
[ 7 2816 3968 0 0 ]
[ 1 2944 3968 90 4 ]
[ 1 2944 2944 90 3 ]
[ 1 2944 3200 0 4 ]
[ 1 2944 3712 180 3 ]
[ 7 3072 3712 0 0 ]
[ 7 3200 3712 0 0 ]
[ 7 3328 3712 0 0 ]
[ 7 2944 3328 90 0 ]
[ 7 2944 3456 90 0 ]
[ 7 2944 3584 90 0 ]
[ 1 3456 3712 90 4 ]
[ 1 3456 3968 180 3 ]
[ 1 3456 3200 180 1 ]
[ 1 3456 3456 270 2 ]
[ 1 3712 3456 90 4 ]
[ 1 3712 2944 90 3 ]
[ 1 4224 2944 180 0 ]
[ 1 4224 3456 0 0 ]
[ 1 4224 3968 180 2 ]
[ 1 3968 3968 180 4 ]
[ 1 3968 3712 0 5 ]
[ 7 3968 3840 90 0 ]
[ 7 4224 3584 90 0 ]
[ 7 4224 3840 90 0 ]
[ 7 4224 3712 90 0 ]
[ 7 3840 3456 180 0 ]
[ 7 3968 3456 180 0 ]
[ 7 4096 3456 180 0 ]
[ 7 3456 3328 270 0 ]
[ 7 3584 3200 360 0 ]
[ 7 3712 3072 90 0 ]
[ 1 3712 3200 0 0 ]
[ 7 4736 3072 90 0 ]
[ 7 4736 3200 90 0 ]
[ 7 4736 3328 90 0 ]
[ 7 4608 3712 180 0 ]
[ 7 4736 3712 180 0 ]
[ 7 4864 3712 180 0 ]
[ 7 4992 3712 180 0 ]
[ 1 4480 3712 180 5 ]
[ 1 4736 3456 270 3 ]
[ 1 5120 3712 0 1 ]
[ 1 4736 2944 90 4 ]
[ 1 5376 3968 180 0 ]
[ 1 5632 2944 270 1 ]
[ 7 5504 2944 180 0 ]
[ 7 5632 3072 90 0 ]
[ 7 5632 3200 90 0 ]
[ 7 5504 3328 180 0 ]
[ 1 5376 3328 180 2 ]
[ 1 5376 3584 0 1 ]
[ 1 5632 3968 90 3 ]
[ 1 5632 3584 270 1 ]
[ 1 5888 3584 180 3 ]
[ 7 5504 3584 180 0 ]
[ 7 5760 3584 180 0 ]
[ 1 5888 3968 0 2 ]
[ 7 5760 3968 360 0 ]
[ 1 9088 2944 0 2 ]
[ 7 6912 3968 0 0 ]
[ 7 7040 3968 0 0 ]
[ 7 7296 3968 0 0 ]
[ 7 7808 3968 0 0 ]
[ 7 7936 3968 0 0 ]
[ 7 8064 3968 0 0 ]
[ 7 8192 3968 0 0 ]
[ 7 8320 3968 0 0 ]
[ 7 8447 3968 0 0 ]
[ 7 8704 3968 0 0 ]
[ 7 9088 3456 90 0 ]
[ 7 9088 3328 90 0 ]
[ 7 9088 3200 90 0 ]
[ 7 9088 3072 90 0 ]
[ 7 7040 2944 180 0 ]
[ 7 7168 2944 180 0 ]
[ 7 8192 2944 180 0 ]
[ 7 8320 2944 180 0 ]
[ 7 8960 2944 180 0 ]
[ 7 8576 2944 180 0 ]
[ 7 8447 2944 180 0 ]
[ 7 8064 2944 180 0 ]
[ 7 7808 2944 180 0 ]
[ 7 7296 2944 180 0 ]
[ 7 6400 3968 0 0 ]
[ 7 6528 3968 0 0 ]
[ 7 6784 3968 0 0 ]
[ 7 6016 2944 180 0 ]
[ 7 6272 2944 180 0 ]
[ 7 6784 2944 180 0 ]
[ 7 6656 2944 180 0 ]
[ 7 6528 2944 180 0 ]
[ 7 6400 2944 180 0 ]
[ 7 7552 3968 0 0 ]
[ 7 7680 3968 0 0 ]
[ 7 7680 2944 180 0 ]
[ 7 7552 2944 180 0 ]
[ 7 6272 3968 0 0 ]
[ 7 6016 3968 0 0 ]
[ 1 6144 3968 90 4 ]
[ 1 6144 2944 90 3 ]
[ 1 6144 3200 0 4 ]
[ 1 6144 3712 180 3 ]
[ 7 6272 3712 0 0 ]
[ 7 6400 3712 0 0 ]
[ 7 6528 3712 0 0 ]
[ 7 6144 3328 90 0 ]
[ 7 6144 3456 90 0 ]
[ 7 6144 3584 90 0 ]
[ 1 6656 3712 90 4 ]
[ 1 6656 3968 180 3 ]
[ 1 6656 3200 180 1 ]
[ 1 6656 3456 270 2 ]
[ 1 6912 3456 90 4 ]
[ 1 6912 2944 90 3 ]
[ 1 7424 2944 90 0 ]
[ 1 7424 3456 0 0 ]
[ 1 7424 3968 180 2 ]
[ 1 7168 3968 180 4 ]
[ 1 7168 3712 0 5 ]
[ 7 7168 3840 90 0 ]
[ 7 7424 3584 90 0 ]
[ 7 7424 3840 90 0 ]
[ 7 7424 3712 90 0 ]
[ 7 7040 3456 180 0 ]
[ 7 7168 3456 180 0 ]
[ 7 7296 3456 180 0 ]
[ 7 6656 3328 270 0 ]
[ 7 6784 3200 360 0 ]
[ 7 6912 3072 90 0 ]
[ 1 6912 3200 0 0 ]
[ 7 7936 3072 90 0 ]
[ 7 7936 3200 90 0 ]
[ 7 7936 3328 90 0 ]
[ 7 7808 3712 180 0 ]
[ 7 7936 3712 180 0 ]
[ 7 8064 3712 180 0 ]
[ 7 8192 3712 180 0 ]
[ 1 7680 3712 180 5 ]
[ 1 7936 3456 270 3 ]
[ 1 8320 3712 0 1 ]
[ 1 7936 2944 90 4 ]
[ 1 8576 3968 180 0 ]
[ 1 8832 2944 270 1 ]
[ 7 8704 2944 180 0 ]
[ 7 8832 3072 90 0 ]
[ 7 8832 3200 90 0 ]
[ 7 8704 3328 180 0 ]
[ 1 8576 3328 180 2 ]
[ 1 8576 3584 0 1 ]
[ 1 8832 3968 90 3 ]
[ 1 8832 3584 270 1 ]
[ 1 9088 3584 180 3 ]
[ 7 8704 3584 180 0 ]
[ 7 8960 3584 180 0 ]
[ 1 9088 3968 0 2 ]
[ 7 8960 3968 360 0 ]
[ 7 512 3968 0 0 ]
[ 7 640 3968 0 0 ]
[ 7 896 3968 0 0 ]
[ 7 1408 3968 0 0 ]
[ 7 1536 3968 0 0 ]
[ 7 640 2944 180 0 ]
[ 7 768 2944 180 0 ]
[ 7 1408 2944 180 0 ]
[ 7 896 2944 180 0 ]
[ 7 0 3968 0 0 ]
[ 7 128 3968 0 0 ]
[ 7 384 3968 0 0 ]
[ 7 -384 2944 180 0 ]
[ 7 -128 2944 180 0 ]
[ 7 384 2944 180 0 ]
[ 7 256 2944 180 0 ]
[ 7 128 2944 180 0 ]
[ 7 0 2944 180 0 ]
[ 7 1152 3968 0 0 ]
[ 7 1280 3968 0 0 ]
[ 7 1280 2944 180 0 ]
[ 7 1152 2944 180 0 ]
[ 7 -128 3968 0 0 ]
[ 7 -384 3968 0 0 ]
[ 1 -256 3968 90 4 ]
[ 1 -256 2944 90 3 ]
[ 1 -256 3200 0 4 ]
[ 1 -256 3712 180 3 ]
[ 7 -128 3712 0 0 ]
[ 7 0 3712 0 0 ]
[ 7 128 3712 0 0 ]
[ 7 -256 3328 90 0 ]
[ 7 -256 3456 90 0 ]
[ 7 -256 3584 90 0 ]
[ 1 256 3712 90 4 ]
[ 1 256 3968 180 3 ]
[ 1 256 3200 180 1 ]
[ 1 256 3456 270 2 ]
[ 1 512 3456 90 4 ]
[ 1 512 2944 90 3 ]
[ 1 1024 2944 90 0 ]
[ 1 1024 3456 0 0 ]
[ 1 1024 3968 180 2 ]
[ 1 768 3968 180 4 ]
[ 1 768 3712 0 5 ]
[ 7 768 3840 90 0 ]
[ 7 1024 3584 90 0 ]
[ 7 1024 3840 90 0 ]
[ 7 1024 3712 90 0 ]
[ 7 640 3456 180 0 ]
[ 7 768 3456 180 0 ]
[ 7 896 3456 180 0 ]
[ 7 256 3328 270 0 ]
[ 7 384 3200 360 0 ]
[ 7 512 3072 90 0 ]
[ 1 512 3200 0 0 ]
[ 7 1536 3072 90 0 ]
[ 7 1536 3200 90 0 ]
[ 7 1536 3328 90 0 ]
[ 7 1408 3712 180 0 ]
[ 7 1536 3712 180 0 ]
[ 1 1280 3712 180 5 ]
[ 1 1536 3456 270 3 ]
[ 1 1536 2944 90 4 ]
[ 3 -640 384 0 1 ]
[ 3 -640 512 0 1 ]
[ 3 -640 640 0 1 ]
[ 4 8832 3328 0 1 ]
[ 4 2432 3328 0 1 ]
[ 1 7936 1024 180 4 ]
[ 7 8064 512 180 0 ]
[ 7 8192 512 180 0 ]
[ 7 8320 512 180 0 ]
[ 7 8064 1024 180 0 ]
[ 7 8192 1024 180 0 ]
[ 7 8320 1024 180 0 ]
[ 4 5632 3328 0 1 ]
[ 2 8192 768 180 dmode 0 0 ]
[ 1 8448 1024 90 1 ]
[ 1 8448 512 270 2 ]
[ 7 8448 640 270 0 ]
[ 7 8448 768 270 0 ]
[ 7 8448 896 270 0 ]
[ 3 -256 768 0 1 ]
[ 3 -256 256 0 1 ]
[ 6 5632 384 0 1 ]
Movables
[ -256 384 2 ]
[ -256 512 2 ]
[ -256 640 2 ]
Map_floor
[ 21 -640 384 180 0 ]
[ 21 -640 512 180 0 ]
[ 21 -640 640 180 0 ]
[ 21 768 384 180 0 ]
[ 21 768 512 180 0 ]
[ 21 768 640 180 0 ]
[ 21 896 384 180 0 ]
[ 21 896 512 180 0 ]
[ 21 896 640 180 0 ]
[ 21 1024 384 180 0 ]
[ 21 1024 512 180 0 ]
[ 21 1024 640 180 0 ]
[ 21 1152 384 180 0 ]
[ 21 1152 512 180 0 ]
[ 21 1152 640 180 0 ]
[ 21 1280 384 180 0 ]
[ 21 1280 512 180 0 ]
[ 21 1280 640 180 0 ]
[ 21 1408 384 180 0 ]
[ 21 1408 512 180 0 ]
[ 21 1408 640 180 0 ]
[ 21 1536 384 180 0 ]
[ 21 1536 512 180 0 ]
[ 21 1536 640 180 0 ]
[ 21 1664 384 180 0 ]
[ 21 1664 512 180 0 ]
[ 21 1664 640 180 0 ]
[ 21 1792 384 180 0 ]
[ 21 1792 512 180 0 ]
[ 21 1792 640 180 0 ]
[ 21 1920 384 180 0 ]
[ 21 1920 512 180 0 ]
[ 21 1920 640 180 0 ]
[ 21 2048 384 180 0 ]
[ 21 2048 512 180 0 ]
[ 21 2048 640 180 0 ]
[ 21 2176 384 180 0 ]
[ 21 2176 512 180 0 ]
[ 21 2176 640 180 0 ]
[ 21 2304 384 180 0 ]
[ 21 2304 512 180 0 ]
[ 21 2304 640 180 0 ]
[ 21 2432 384 180 0 ]
[ 21 2432 512 180 0 ]
[ 21 2432 640 180 0 ]
[ 21 2560 384 180 0 ]
[ 21 2560 512 180 0 ]
[ 21 2560 640 180 0 ]
[ 3 128 384 270 dmode 0 1 ]
[ 3 128 512 270 dmode 0 1 ]
[ 3 128 640 270 dmode 0 1 ]
[ 1 -513 384 0 0 ]
[ 1 -384 384 180 0 ]
[ 1 -256 384 180 0 ]
[ 1 -128 384 0 0 ]
[ 1 0 384 90 0 ]
[ 1 0 512 90 0 ]
[ 1 -128 512 180 0 ]
[ 1 -256 512 0 0 ]
[ 1 -513 512 180 0 ]
[ 1 -384 512 180 0 ]
[ 1 0 640 270 0 ]
[ 1 -128 640 270 0 ]
[ 1 -256 640 0 0 ]
[ 1 -384 640 0 0 ]
[ 1 -513 640 270 0 ]
[ 1 6016 128 180 0 ]
[ 1 6016 256 270 0 ]
[ 1 6016 384 270 0 ]
[ 1 6016 512 180 0 ]
[ 1 6016 640 270 0 ]
[ 1 6016 768 0 0 ]
[ 1 6016 896 270 0 ]
[ 1 6144 128 270 0 ]
[ 1 6144 256 270 0 ]
[ 1 6144 384 270 0 ]
[ 1 6144 512 0 0 ]
[ 1 6144 640 0 0 ]
[ 1 6144 768 90 0 ]
[ 1 6144 896 0 0 ]
[ 1 6272 128 90 0 ]
[ 1 6272 256 180 0 ]
[ 1 6272 384 270 0 ]
[ 1 6272 512 180 0 ]
[ 1 6272 640 180 0 ]
[ 1 6272 768 90 0 ]
[ 1 6272 896 180 0 ]
[ 1 6400 128 0 0 ]
[ 1 6400 256 270 0 ]
[ 1 6400 384 0 0 ]
[ 1 6400 512 270 0 ]
[ 1 6400 640 0 0 ]
[ 1 6400 768 90 0 ]
[ 1 6400 896 270 0 ]
[ 1 6528 128 270 0 ]
[ 1 6528 256 180 0 ]
[ 1 6528 384 270 0 ]
[ 1 6528 512 0 0 ]
[ 1 6528 640 90 0 ]
[ 1 6528 768 270 0 ]
[ 1 6528 896 270 0 ]
[ 1 6656 128 90 0 ]
[ 1 6656 256 0 0 ]
[ 1 6656 384 270 0 ]
[ 1 6656 512 0 0 ]
[ 1 6656 640 90 0 ]
[ 1 6656 768 0 0 ]
[ 1 6656 896 270 0 ]
[ 1 6784 128 270 0 ]
[ 1 6784 256 0 0 ]
[ 1 6784 384 90 0 ]
[ 1 6784 512 270 0 ]
[ 1 6784 640 90 0 ]
[ 1 6784 768 270 0 ]
[ 1 6784 896 270 0 ]
[ 1 6912 128 270 0 ]
[ 1 6912 256 270 0 ]
[ 1 6912 384 270 0 ]
[ 1 6912 512 180 0 ]
[ 1 6912 640 0 0 ]
[ 1 6912 768 270 0 ]
[ 1 6912 896 180 0 ]
[ 1 7040 128 180 0 ]
[ 1 7040 256 180 0 ]
[ 1 7040 384 270 0 ]
[ 1 7040 512 90 0 ]
[ 1 7040 640 270 0 ]
[ 1 7040 768 0 0 ]
[ 1 7040 896 270 0 ]
[ 1 7168 128 270 0 ]
[ 1 7168 256 90 0 ]
[ 1 7168 384 270 0 ]
[ 1 7168 512 0 0 ]
[ 1 7168 640 90 0 ]
[ 1 7168 768 180 0 ]
[ 1 7168 896 180 0 ]
[ 1 7296 128 90 0 ]
[ 1 7296 256 90 0 ]
[ 1 7296 384 180 0 ]
[ 1 7296 512 90 0 ]
[ 1 7296 640 90 0 ]
[ 1 7296 768 90 0 ]
[ 1 7296 896 0 0 ]
[ 1 7424 128 90 0 ]
[ 1 7424 256 270 0 ]
[ 1 7424 384 180 0 ]
[ 1 7424 512 0 0 ]
[ 1 7424 640 0 0 ]
[ 1 7424 768 90 0 ]
[ 1 7424 896 0 0 ]
[ 1 7552 128 0 0 ]
[ 1 7552 256 90 0 ]
[ 1 7552 384 90 0 ]
[ 1 7552 512 270 0 ]
[ 1 7552 640 270 0 ]
[ 1 7552 768 180 0 ]
[ 1 7552 896 270 0 ]
[ 1 7680 128 180 0 ]
[ 1 7680 256 180 0 ]
[ 1 7680 384 0 0 ]
[ 1 7680 512 180 0 ]
[ 1 7680 640 0 0 ]
[ 1 7680 768 90 0 ]
[ 1 7680 896 270 0 ]
[ 1 7808 128 90 0 ]
[ 1 7808 256 0 0 ]
[ 1 7808 384 180 0 ]
[ 1 7808 512 270 0 ]
[ 1 7808 640 90 0 ]
[ 1 7808 768 90 0 ]
[ 1 7808 896 270 0 ]
[ 1 1664 3072 0 0 ]
[ 1 1664 3200 90 0 ]
[ 1 1664 3328 0 0 ]
[ 1 1664 3456 270 0 ]
[ 1 1664 3584 270 0 ]
[ 1 1664 3712 270 0 ]
[ 1 1664 3840 0 0 ]
[ 1 1792 3072 0 0 ]
[ 1 1792 3200 90 0 ]
[ 1 1792 3328 0 0 ]
[ 1 1792 3456 180 0 ]
[ 1 1792 3584 0 0 ]
[ 1 1792 3712 90 0 ]
[ 1 1792 3840 270 0 ]
[ 1 1920 3072 90 0 ]
[ 1 1920 3200 90 0 ]
[ 1 1920 3328 0 0 ]
[ 1 1920 3456 180 0 ]
[ 1 1920 3584 270 0 ]
[ 1 1920 3712 180 0 ]
[ 1 1920 3840 180 0 ]
[ 1 2048 3072 0 0 ]
[ 1 2048 3200 180 0 ]
[ 1 2048 3328 0 0 ]
[ 1 2048 3456 180 0 ]
[ 1 2048 3584 270 0 ]
[ 1 2048 3712 90 0 ]
[ 1 2048 3840 270 0 ]
[ 1 2176 3072 270 0 ]
[ 1 2176 3200 180 0 ]
[ 1 2176 3328 270 0 ]
[ 1 2176 3584 90 0 ]
[ 1 2304 3072 90 0 ]
[ 1 2304 3200 270 0 ]
[ 1 2304 3328 180 0 ]
[ 1 2304 3456 90 0 ]
[ 1 2304 3584 0 0 ]
[ 1 2304 3712 180 0 ]
[ 1 2304 3840 0 0 ]
[ 1 2432 3072 270 0 ]
[ 1 2432 3200 270 0 ]
[ 1 2432 3328 180 0 ]
[ 1 2432 3456 90 0 ]
[ 1 2432 3584 0 0 ]
[ 1 2560 3072 180 0 ]
[ 1 2560 3200 90 0 ]
[ 1 2560 3328 90 0 ]
[ 1 2560 3456 0 0 ]
[ 1 2560 3584 180 0 ]
[ 1 2560 3712 90 0 ]
[ 1 2560 3840 270 0 ]
[ 4 2688 384 0 0 ]
[ 4 2688 512 0 0 ]
[ 4 2688 640 0 0 ]
[ 1 2816 128 180 0 ]
[ 1 2816 256 270 0 ]
[ 1 2816 384 270 0 ]
[ 1 2816 512 180 0 ]
[ 1 2816 640 270 0 ]
[ 1 2816 768 0 0 ]
[ 1 2816 896 270 0 ]
[ 1 2944 128 270 0 ]
[ 1 2944 256 270 0 ]
[ 1 2944 384 270 0 ]
[ 1 2944 512 0 0 ]
[ 1 2944 640 0 0 ]
[ 1 2944 768 90 0 ]
[ 1 2944 896 0 0 ]
[ 1 3072 128 90 0 ]
[ 1 3072 256 180 0 ]
[ 1 3072 384 270 0 ]
[ 1 3072 512 180 0 ]
[ 1 3072 640 180 0 ]
[ 1 3072 768 90 0 ]
[ 1 3072 896 180 0 ]
[ 1 3200 128 0 0 ]
[ 1 3200 256 270 0 ]
[ 1 3200 384 0 0 ]
[ 1 3200 512 270 0 ]
[ 1 3200 640 0 0 ]
[ 1 3200 768 90 0 ]
[ 1 3200 896 270 0 ]
[ 1 3328 128 270 0 ]
[ 1 3328 256 180 0 ]
[ 1 3328 384 270 0 ]
[ 1 3328 512 0 0 ]
[ 1 3328 640 90 0 ]
[ 1 3328 768 270 0 ]
[ 1 3328 896 270 0 ]
[ 1 3456 128 90 0 ]
[ 1 3456 256 0 0 ]
[ 1 3456 384 270 0 ]
[ 1 3456 512 0 0 ]
[ 1 3456 640 90 0 ]
[ 1 3456 768 0 0 ]
[ 1 3456 896 270 0 ]
[ 1 3584 128 270 0 ]
[ 1 3584 256 0 0 ]
[ 1 3584 384 90 0 ]
[ 1 3584 512 270 0 ]
[ 1 3584 640 90 0 ]
[ 1 3584 768 270 0 ]
[ 1 3584 896 270 0 ]
[ 1 3712 128 270 0 ]
[ 1 3712 256 270 0 ]
[ 1 3712 384 270 0 ]
[ 1 3712 512 180 0 ]
[ 1 3712 640 0 0 ]
[ 1 3712 768 270 0 ]
[ 1 3712 896 180 0 ]
[ 1 3840 128 180 0 ]
[ 1 3840 256 180 0 ]
[ 1 3840 384 270 0 ]
[ 1 3840 512 90 0 ]
[ 1 3840 640 270 0 ]
[ 1 3840 768 0 0 ]
[ 1 3840 896 270 0 ]
[ 1 3968 128 270 0 ]
[ 1 3968 256 90 0 ]
[ 1 3968 384 270 0 ]
[ 1 3968 512 0 0 ]
[ 1 3968 640 90 0 ]
[ 1 3968 768 180 0 ]
[ 1 3968 896 180 0 ]
[ 1 4096 128 90 0 ]
[ 1 4096 256 90 0 ]
[ 1 4096 384 180 0 ]
[ 1 4096 512 90 0 ]
[ 1 4096 640 90 0 ]
[ 1 4096 768 90 0 ]
[ 1 4096 896 0 0 ]
[ 1 4224 128 90 0 ]
[ 1 4224 256 270 0 ]
[ 1 4224 384 180 0 ]
[ 1 4224 512 0 0 ]
[ 1 4224 640 0 0 ]
[ 1 4224 768 90 0 ]
[ 1 4224 896 0 0 ]
[ 1 4352 128 0 0 ]
[ 1 4352 256 90 0 ]
[ 1 4352 384 90 0 ]
[ 1 4352 512 270 0 ]
[ 1 4352 640 270 0 ]
[ 1 4352 768 180 0 ]
[ 1 4352 896 270 0 ]
[ 1 4480 128 180 0 ]
[ 1 4480 256 180 0 ]
[ 1 4480 384 0 0 ]
[ 1 4480 512 180 0 ]
[ 1 4480 640 0 0 ]
[ 1 4480 768 90 0 ]
[ 1 4480 896 270 0 ]
[ 1 4608 128 90 0 ]
[ 1 4608 256 0 0 ]
[ 1 4608 384 180 0 ]
[ 1 4608 512 270 0 ]
[ 1 4608 640 90 0 ]
[ 1 4608 768 90 0 ]
[ 1 4608 896 270 0 ]
[ 1 4736 128 90 0 ]
[ 1 4736 256 180 0 ]
[ 1 4736 384 180 0 ]
[ 1 4736 512 180 0 ]
[ 1 4736 640 180 0 ]
[ 1 4736 768 90 0 ]
[ 1 4736 896 180 0 ]
[ 1 4864 128 0 0 ]
[ 1 4864 256 90 0 ]
[ 1 4864 384 0 0 ]
[ 1 4864 512 270 0 ]
[ 1 4864 640 270 0 ]
[ 1 4864 768 270 0 ]
[ 1 4864 896 0 0 ]
[ 1 4992 128 0 0 ]
[ 1 4992 256 90 0 ]
[ 1 4992 384 0 0 ]
[ 1 4992 512 180 0 ]
[ 1 4992 640 0 0 ]
[ 1 4992 768 90 0 ]
[ 1 4992 896 270 0 ]
[ 1 5120 128 90 0 ]
[ 1 5120 256 90 0 ]
[ 1 5120 384 0 0 ]
[ 1 5120 512 180 0 ]
[ 1 5120 640 270 0 ]
[ 1 5120 768 180 0 ]
[ 1 5120 896 180 0 ]
[ 1 5248 128 0 0 ]
[ 1 5248 256 180 0 ]
[ 1 5248 384 0 0 ]
[ 1 5248 512 180 0 ]
[ 1 5248 640 270 0 ]
[ 1 5248 768 90 0 ]
[ 1 5248 896 270 0 ]
[ 1 5376 128 270 0 ]
[ 1 5376 256 180 0 ]
[ 1 5376 640 90 0 ]
[ 1 5504 128 90 0 ]
[ 1 5504 256 270 0 ]
[ 1 5504 512 90 0 ]
[ 1 5504 640 0 0 ]
[ 1 5504 768 180 0 ]
[ 1 5504 896 0 0 ]
[ 1 5632 512 90 0 ]
[ 1 5632 640 0 0 ]
[ 1 5760 512 0 0 ]
[ 1 5760 640 180 0 ]
[ 1 5760 768 90 0 ]
[ 1 5760 896 270 0 ]
[ 18 2176 3712 90 7 ]
[ 18 2176 3840 90 7 ]
[ 18 2432 3712 90 7 ]
[ 18 2432 3840 90 7 ]
[ 18 2688 3712 90 7 ]
[ 18 2688 3840 90 7 ]
[ 1 2816 3072 180 0 ]
[ 1 2816 3200 270 0 ]
[ 1 2816 3328 270 0 ]
[ 1 2816 3456 180 0 ]
[ 1 2816 3584 270 0 ]
[ 1 2816 3712 0 0 ]
[ 1 2816 3840 270 0 ]
[ 1 2944 3072 270 0 ]
[ 1 2944 3200 270 0 ]
[ 1 2944 3328 270 0 ]
[ 1 2944 3456 0 0 ]
[ 1 2944 3584 0 0 ]
[ 1 2944 3712 90 0 ]
[ 1 2944 3840 0 0 ]
[ 1 3072 3072 90 0 ]
[ 1 3072 3200 180 0 ]
[ 1 3072 3328 270 0 ]
[ 1 3072 3456 180 0 ]
[ 1 3072 3584 180 0 ]
[ 1 3072 3712 90 0 ]
[ 1 3072 3840 180 0 ]
[ 1 3200 3072 0 0 ]
[ 1 3200 3200 270 0 ]
[ 1 3200 3328 0 0 ]
[ 1 3200 3456 270 0 ]
[ 1 3200 3584 0 0 ]
[ 1 3200 3712 90 0 ]
[ 1 3200 3840 270 0 ]
[ 1 3328 3072 270 0 ]
[ 1 3328 3200 180 0 ]
[ 1 3328 3328 270 0 ]
[ 1 3328 3456 0 0 ]
[ 1 3328 3584 90 0 ]
[ 1 3328 3712 270 0 ]
[ 1 3328 3840 270 0 ]
[ 1 3456 3072 90 0 ]
[ 1 3456 3200 0 0 ]
[ 1 3456 3328 270 0 ]
[ 1 3456 3456 0 0 ]
[ 1 3456 3584 90 0 ]
[ 1 3456 3712 0 0 ]
[ 1 3456 3840 270 0 ]
[ 1 3584 3072 270 0 ]
[ 1 3584 3200 0 0 ]
[ 1 3584 3328 90 0 ]
[ 1 3584 3456 270 0 ]
[ 1 3584 3584 90 0 ]
[ 1 3584 3712 270 0 ]
[ 1 3584 3840 270 0 ]
[ 1 3712 3072 270 0 ]
[ 1 3712 3200 270 0 ]
[ 1 3712 3328 270 0 ]
[ 1 3712 3456 180 0 ]
[ 1 3712 3584 0 0 ]
[ 1 3712 3712 270 0 ]
[ 1 3712 3840 180 0 ]
[ 1 3840 3072 180 0 ]
[ 1 3840 3200 180 0 ]
[ 1 3840 3328 270 0 ]
[ 1 3840 3456 90 0 ]
[ 1 3840 3584 270 0 ]
[ 1 3840 3712 0 0 ]
[ 1 3840 3840 270 0 ]
[ 1 3968 3072 270 0 ]
[ 1 3968 3200 90 0 ]
[ 1 3968 3328 270 0 ]
[ 1 3968 3456 0 0 ]
[ 1 3968 3584 90 0 ]
[ 1 3968 3712 180 0 ]
[ 1 3968 3840 180 0 ]
[ 1 4096 3072 90 0 ]
[ 1 4096 3200 90 0 ]
[ 1 4096 3328 180 0 ]
[ 1 4096 3456 90 0 ]
[ 1 4096 3584 90 0 ]
[ 1 4096 3712 90 0 ]
[ 1 4096 3840 0 0 ]
[ 1 4224 3072 90 0 ]
[ 1 4224 3200 270 0 ]
[ 1 4224 3328 180 0 ]
[ 1 4224 3456 0 0 ]
[ 1 4224 3584 0 0 ]
[ 1 4224 3712 90 0 ]
[ 1 4224 3840 0 0 ]
[ 1 4352 3072 0 0 ]
[ 1 4352 3200 90 0 ]
[ 1 4352 3328 90 0 ]
[ 1 4352 3456 270 0 ]
[ 1 4352 3584 270 0 ]
[ 1 4352 3712 180 0 ]
[ 1 4352 3840 270 0 ]
[ 1 4480 3072 180 0 ]
[ 1 4480 3200 180 0 ]
[ 1 4480 3328 0 0 ]
[ 1 4480 3456 180 0 ]
[ 1 4480 3584 0 0 ]
[ 1 4480 3712 90 0 ]
[ 1 4480 3840 270 0 ]
[ 1 4608 3072 90 0 ]
[ 1 4608 3200 0 0 ]
[ 1 4608 3328 180 0 ]
[ 1 4608 3456 270 0 ]
[ 1 4608 3584 90 0 ]
[ 1 4608 3712 90 0 ]
[ 1 4608 3840 270 0 ]
[ 1 4736 3072 90 0 ]
[ 1 4736 3200 180 0 ]
[ 1 4736 3328 180 0 ]
[ 1 4736 3456 180 0 ]
[ 1 4736 3584 180 0 ]
[ 1 4736 3712 90 0 ]
[ 1 4736 3840 180 0 ]
[ 1 4864 3072 0 0 ]
[ 1 4864 3200 90 0 ]
[ 1 4864 3328 0 0 ]
[ 1 4864 3456 270 0 ]
[ 1 4864 3584 270 0 ]
[ 1 4864 3712 270 0 ]
[ 1 4864 3840 0 0 ]
[ 1 4992 3072 0 0 ]
[ 1 4992 3200 90 0 ]
[ 1 4992 3328 0 0 ]
[ 1 4992 3456 180 0 ]
[ 1 4992 3584 0 0 ]
[ 1 4992 3712 90 0 ]
[ 1 4992 3840 270 0 ]
[ 1 5120 3072 90 0 ]
[ 1 5120 3200 90 0 ]
[ 1 5120 3328 0 0 ]
[ 1 5120 3456 180 0 ]
[ 1 5120 3584 270 0 ]
[ 1 5120 3712 180 0 ]
[ 1 5120 3840 180 0 ]
[ 1 5248 3072 0 0 ]
[ 1 5248 3200 180 0 ]
[ 1 5248 3328 0 0 ]
[ 1 5248 3456 180 0 ]
[ 1 5248 3584 270 0 ]
[ 1 5248 3712 90 0 ]
[ 1 5248 3840 270 0 ]
[ 1 5376 3072 270 0 ]
[ 1 5376 3200 180 0 ]
[ 1 5376 3328 270 0 ]
[ 1 5376 3584 90 0 ]
[ 1 5504 3072 90 0 ]
[ 1 5504 3200 270 0 ]
[ 1 5504 3328 180 0 ]
[ 1 5504 3456 90 0 ]
[ 1 5504 3584 0 0 ]
[ 1 5504 3712 180 0 ]
[ 1 5504 3840 0 0 ]
[ 1 5632 3072 270 0 ]
[ 1 5632 3200 270 0 ]
[ 1 5632 3328 180 0 ]
[ 1 5632 3456 90 0 ]
[ 1 5632 3584 0 0 ]
[ 1 5760 3072 180 0 ]
[ 1 5760 3200 90 0 ]
[ 1 5760 3328 90 0 ]
[ 1 5760 3456 0 0 ]
[ 1 5760 3584 180 0 ]
[ 1 5760 3712 90 0 ]
[ 1 5760 3840 270 0 ]
[ 1 6016 3072 180 0 ]
[ 1 6016 3200 270 0 ]
[ 1 6016 3328 270 0 ]
[ 1 6016 3456 180 0 ]
[ 1 6016 3584 270 0 ]
[ 1 6016 3712 0 0 ]
[ 1 6016 3840 270 0 ]
[ 1 6144 3072 270 0 ]
[ 1 6144 3200 270 0 ]
[ 1 6144 3328 270 0 ]
[ 1 6144 3456 0 0 ]
[ 1 6144 3584 0 0 ]
[ 1 6144 3712 90 0 ]
[ 1 6144 3840 0 0 ]
[ 1 6272 3072 90 0 ]
[ 1 6272 3200 180 0 ]
[ 1 6272 3328 270 0 ]
[ 1 6272 3456 180 0 ]
[ 1 6272 3584 180 0 ]
[ 1 6272 3712 90 0 ]
[ 1 6272 3840 180 0 ]
[ 1 6400 3072 0 0 ]
[ 1 6400 3200 270 0 ]
[ 1 6400 3328 0 0 ]
[ 1 6400 3456 270 0 ]
[ 1 6400 3584 0 0 ]
[ 1 6400 3712 90 0 ]
[ 1 6400 3840 270 0 ]
[ 1 6528 3072 270 0 ]
[ 1 6528 3200 180 0 ]
[ 1 6528 3328 270 0 ]
[ 1 6528 3456 0 0 ]
[ 1 6528 3584 90 0 ]
[ 1 6528 3712 270 0 ]
[ 1 6528 3840 270 0 ]
[ 1 6656 3072 90 0 ]
[ 1 6656 3200 0 0 ]
[ 1 6656 3328 270 0 ]
[ 1 6656 3456 0 0 ]
[ 1 6656 3584 90 0 ]
[ 1 6656 3712 0 0 ]
[ 1 6656 3840 270 0 ]
[ 1 6784 3072 270 0 ]
[ 1 6784 3200 0 0 ]
[ 1 6784 3328 90 0 ]
[ 1 6784 3456 270 0 ]
[ 1 6784 3584 90 0 ]
[ 1 6784 3712 270 0 ]
[ 1 6784 3840 270 0 ]
[ 1 6912 3072 270 0 ]
[ 1 6912 3200 270 0 ]
[ 1 6912 3328 270 0 ]
[ 1 6912 3456 180 0 ]
[ 1 6912 3584 0 0 ]
[ 1 6912 3712 270 0 ]
[ 1 6912 3840 180 0 ]
[ 1 7040 3072 180 0 ]
[ 1 7040 3200 180 0 ]
[ 1 7040 3328 270 0 ]
[ 1 7040 3456 90 0 ]
[ 1 7040 3584 270 0 ]
[ 1 7040 3712 0 0 ]
[ 1 7040 3840 270 0 ]
[ 1 7168 3072 270 0 ]
[ 1 7168 3200 90 0 ]
[ 1 7168 3328 270 0 ]
[ 1 7168 3456 0 0 ]
[ 1 7168 3584 90 0 ]
[ 1 7168 3712 180 0 ]
[ 1 7168 3840 180 0 ]
[ 1 7296 3072 90 0 ]
[ 1 7296 3200 90 0 ]
[ 1 7296 3328 180 0 ]
[ 1 7296 3456 90 0 ]
[ 1 7296 3584 90 0 ]
[ 1 7296 3712 90 0 ]
[ 1 7296 3840 0 0 ]
[ 1 7424 3072 90 0 ]
[ 1 7424 3200 270 0 ]
[ 1 7424 3328 180 0 ]
[ 1 7424 3456 0 0 ]
[ 1 7424 3584 0 0 ]
[ 1 7424 3712 90 0 ]
[ 1 7424 3840 0 0 ]
[ 1 7552 3072 0 0 ]
[ 1 7552 3200 90 0 ]
[ 1 7552 3328 90 0 ]
[ 1 7552 3456 270 0 ]
[ 1 7552 3584 270 0 ]
[ 1 7552 3712 180 0 ]
[ 1 7552 3840 270 0 ]
[ 1 7680 3072 180 0 ]
[ 1 7680 3200 180 0 ]
[ 1 7680 3328 0 0 ]
[ 1 7680 3456 180 0 ]
[ 1 7680 3584 0 0 ]
[ 1 7680 3712 90 0 ]
[ 1 7680 3840 270 0 ]
[ 1 7808 3072 90 0 ]
[ 1 7808 3200 0 0 ]
[ 1 7808 3328 180 0 ]
[ 1 7808 3456 270 0 ]
[ 1 7808 3584 90 0 ]
[ 1 7808 3712 90 0 ]
[ 1 7808 3840 270 0 ]
[ 1 7936 3072 90 0 ]
[ 1 7936 3200 180 0 ]
[ 1 7936 3328 180 0 ]
[ 1 7936 3456 180 0 ]
[ 1 7936 3584 180 0 ]
[ 1 7936 3712 90 0 ]
[ 1 7936 3840 180 0 ]
[ 1 8064 3072 0 0 ]
[ 1 8064 3200 90 0 ]
[ 1 8064 3328 0 0 ]
[ 1 8064 3456 270 0 ]
[ 1 8064 3584 270 0 ]
[ 1 8064 3712 270 0 ]
[ 1 8064 3840 0 0 ]
[ 1 8192 3072 0 0 ]
[ 1 8192 3200 90 0 ]
[ 1 8192 3328 0 0 ]
[ 1 8192 3456 180 0 ]
[ 1 8192 3584 0 0 ]
[ 1 8192 3712 90 0 ]
[ 1 8192 3840 270 0 ]
[ 1 8320 3072 90 0 ]
[ 1 8320 3200 90 0 ]
[ 1 8320 3328 0 0 ]
[ 1 8320 3456 180 0 ]
[ 1 8320 3584 270 0 ]
[ 1 8320 3712 180 0 ]
[ 1 8320 3840 180 0 ]
[ 1 8448 3072 0 0 ]
[ 1 8448 3200 180 0 ]
[ 1 8448 3328 0 0 ]
[ 1 8448 3456 180 0 ]
[ 1 8448 3584 270 0 ]
[ 1 8448 3712 90 0 ]
[ 1 8448 3840 270 0 ]
[ 1 8576 3072 270 0 ]
[ 1 8576 3200 180 0 ]
[ 1 8576 3328 270 0 ]
[ 1 8576 3584 90 0 ]
[ 1 8704 3072 90 0 ]
[ 1 8704 3200 270 0 ]
[ 1 8704 3328 180 0 ]
[ 1 8704 3456 90 0 ]
[ 1 8704 3584 0 0 ]
[ 1 8704 3712 180 0 ]
[ 1 8704 3840 0 0 ]
[ 1 8832 3072 270 0 ]
[ 1 8832 3200 270 0 ]
[ 1 8832 3328 180 0 ]
[ 1 8832 3456 90 0 ]
[ 1 8832 3584 0 0 ]
[ 1 8960 3072 180 0 ]
[ 1 8960 3200 90 0 ]
[ 1 8960 3328 90 0 ]
[ 1 8960 3456 0 0 ]
[ 1 8960 3584 180 0 ]
[ 1 8960 3712 90 0 ]
[ 1 8960 3840 270 0 ]
[ 18 8576 3712 90 0 ]
[ 18 8576 3840 90 0 ]
[ 18 8832 3712 90 0 ]
[ 18 8832 3840 90 0 ]
[ 18 9088 3712 90 0 ]
[ 18 9088 3840 90 0 ]
[ 18 5376 3712 270 7 ]
[ 18 5376 3840 270 7 ]
[ 18 5632 3712 270 7 ]
[ 18 5632 3840 270 7 ]
[ 18 5888 3712 270 7 ]
[ 18 5888 3840 270 7 ]
[ 1 -384 3072 180 0 ]
[ 1 -384 3200 270 0 ]
[ 1 -384 3328 270 0 ]
[ 1 -384 3456 180 0 ]
[ 1 -384 3584 270 0 ]
[ 1 -384 3712 0 0 ]
[ 1 -384 3840 270 0 ]
[ 1 -256 3072 270 0 ]
[ 1 -256 3200 270 0 ]
[ 1 -256 3328 270 0 ]
[ 1 -256 3456 0 0 ]
[ 1 -256 3584 0 0 ]
[ 1 -256 3712 90 0 ]
[ 1 -256 3840 0 0 ]
[ 1 -128 3072 90 0 ]
[ 1 -128 3200 180 0 ]
[ 1 -128 3328 270 0 ]
[ 1 -128 3456 180 0 ]
[ 1 -128 3584 180 0 ]
[ 1 -128 3712 90 0 ]
[ 1 -128 3840 180 0 ]
[ 1 0 3072 0 0 ]
[ 1 0 3200 270 0 ]
[ 1 0 3328 0 0 ]
[ 1 0 3456 270 0 ]
[ 1 0 3584 0 0 ]
[ 1 0 3712 90 0 ]
[ 1 0 3840 270 0 ]
[ 1 128 3072 270 0 ]
[ 1 128 3200 180 0 ]
[ 1 128 3328 270 0 ]
[ 1 128 3456 0 0 ]
[ 1 128 3584 90 0 ]
[ 1 128 3712 270 0 ]
[ 1 128 3840 270 0 ]
[ 1 256 3072 90 0 ]
[ 1 256 3200 0 0 ]
[ 1 256 3328 270 0 ]
[ 1 256 3456 0 0 ]
[ 1 256 3584 90 0 ]
[ 1 256 3712 0 0 ]
[ 1 256 3840 270 0 ]
[ 1 384 3072 270 0 ]
[ 1 384 3200 0 0 ]
[ 1 384 3328 90 0 ]
[ 1 384 3456 270 0 ]
[ 1 384 3584 90 0 ]
[ 1 384 3712 270 0 ]
[ 1 384 3840 270 0 ]
[ 1 512 3072 270 0 ]
[ 1 512 3200 270 0 ]
[ 1 512 3328 270 0 ]
[ 1 512 3456 180 0 ]
[ 1 512 3584 0 0 ]
[ 1 512 3712 270 0 ]
[ 1 512 3840 180 0 ]
[ 1 640 3072 180 0 ]
[ 1 640 3200 180 0 ]
[ 1 640 3328 270 0 ]
[ 1 640 3456 90 0 ]
[ 1 640 3584 270 0 ]
[ 1 640 3712 0 0 ]
[ 1 640 3840 270 0 ]
[ 1 768 3072 270 0 ]
[ 1 768 3200 90 0 ]
[ 1 768 3328 270 0 ]
[ 1 768 3456 0 0 ]
[ 1 768 3584 90 0 ]
[ 1 768 3712 180 0 ]
[ 1 768 3840 180 0 ]
[ 1 896 3072 90 0 ]
[ 1 896 3200 90 0 ]
[ 1 896 3328 180 0 ]
[ 1 896 3456 90 0 ]
[ 1 896 3584 90 0 ]
[ 1 896 3712 90 0 ]
[ 1 896 3840 0 0 ]
[ 1 1024 3072 90 0 ]
[ 1 1024 3200 270 0 ]
[ 1 1024 3328 180 0 ]
[ 1 1024 3456 0 0 ]
[ 1 1024 3584 0 0 ]
[ 1 1024 3712 90 0 ]
[ 1 1024 3840 0 0 ]
[ 1 1152 3072 0 0 ]
[ 1 1152 3200 90 0 ]
[ 1 1152 3328 90 0 ]
[ 1 1152 3456 270 0 ]
[ 1 1152 3584 270 0 ]
[ 1 1152 3712 180 0 ]
[ 1 1152 3840 270 0 ]
[ 1 1280 3072 180 0 ]
[ 1 1280 3200 180 0 ]
[ 1 1280 3328 0 0 ]
[ 1 1280 3456 180 0 ]
[ 1 1280 3584 0 0 ]
[ 1 1280 3712 90 0 ]
[ 1 1280 3840 270 0 ]
[ 1 1408 3072 90 0 ]
[ 1 1408 3200 0 0 ]
[ 1 1408 3328 180 0 ]
[ 1 1408 3456 270 0 ]
[ 1 1408 3584 90 0 ]
[ 1 1408 3712 90 0 ]
[ 1 1408 3840 270 0 ]
[ 1 1536 3072 90 0 ]
[ 1 1536 3200 180 0 ]
[ 1 1536 3328 180 0 ]
[ 1 1536 3456 180 0 ]
[ 1 1536 3584 180 0 ]
[ 1 1536 3712 90 0 ]
[ 1 1536 3840 180 0 ]
[ 6 512 384 270 0 ]
[ 6 384 384 270 0 ]
[ 6 256 384 270 0 ]
[ 6 384 640 270 0 ]
[ 6 512 640 270 0 ]
[ 6 512 512 270 0 ]
[ 6 384 512 270 0 ]
[ 6 256 512 270 1 ]
[ 6 256 640 270 0 ]
[ 19 2176 3456 180 0 ]
[ 19 5376 3456 180 0 ]
[ 19 8576 3456 180 0 ]
[ 19 5376 512 540 0 ]
[ 18 5888 768 90 7 ]
[ 18 5888 896 90 7 ]
[ 18 5632 768 90 7 ]
[ 18 5632 896 90 7 ]
[ 18 5376 768 90 7 ]
[ 18 5376 896 90 7 ]
[ 4 7936 640 180 0 ]
[ 4 7936 896 180 0 ]
[ 4 7936 768 180 0 ]
[ 21 8064 640 270 0 ]
[ 21 8192 640 270 0 ]
[ 21 8320 640 270 0 ]
[ 21 8320 768 270 0 ]
[ 21 8320 896 270 0 ]
[ 21 8192 896 270 0 ]
[ 21 8064 896 270 0 ]
[ 21 8064 768 270 0 ]
[ 1 5760 384 90 0 ]
[ 1 5760 256 90 0 ]
[ 1 5760 128 180 0 ]
[ 3 640 383 270 dmode 1 1 ]
[ 3 640 512 270 dmode 1 1 ]
[ 3 640 640 270 dmode 1 1 ]
[ 44 5632 384 360 6 ]
[ 103 1023 511 384 1.2 ]
[ 100 4992 511 796 ]
[ 102 5632 384 42 0 2944 ]
[ 102 6016 3840 217 -3200 0 ]
[ 102 2176 3840 217 3200 0 ]
[ 100 3327 3456 598 ]
[ 100 4992 3456 598 ]
[ 103 5632 3456 145 0.910791 ]
[ 104 5642 456 He-he ]
Electric
PLayer 385.758 500.318