Does_not_exist
Map_basic
[ 13 1024 -768 0 0 ]
[ 13 768 -1024 0 0 ]
[ 13 768 -896 0 0 ]
[ 13 1152 -1024 0 0 ]
[ 13 1152 -896 0 0 ]
[ 13 1280 -1152 0 0 ]
[ 13 1408 -1280 0 0 ]
[ 13 640 -1152 0 0 ]
[ 13 512 -1280 0 0 ]
[ 13 1536 -1408 0 0 ]
[ 13 1664 -1536 0 0 ]
[ 13 1792 -1536 0 0 ]
[ 13 2304 -1792 0 0 ]
[ 13 2432 -1792 0 0 ]
[ 13 2560 -1792 0 0 ]
[ 13 2688 -1792 0 0 ]
[ 13 384 -1408 0 0 ]
[ 13 256 -1536 0 0 ]
[ 13 128 -1536 0 0 ]
[ 13 0 -1664 0 0 ]
[ 13 -128 -1664 0 0 ]
[ 13 -256 -1664 90 0 ]
[ 13 -384 -1792 0 0 ]
[ 13 -640 -1792 0 0 ]
[ 13 -512 -1792 0 0 ]
[ 13 -768 -1792 0 0 ]
[ 13 3200 -1536 0 0 ]
[ 13 3328 -1408 0 0 ]
[ 13 3456 -1280 0 0 ]
[ 13 3584 -1152 0 0 ]
[ 13 3584 -1024 0 0 ]
[ 13 3712 -896 0 0 ]
[ 13 3840 -768 0 0 ]
[ 13 3840 -640 0 0 ]
[ 13 3840 -512 0 0 ]
[ 13 3840 -384 0 0 ]
[ 13 3840 255 0 0 ]
[ 13 3840 128 0 0 ]
[ 13 3840 0 0 0 ]
[ 13 3840 -128 0 0 ]
[ 13 3840 -256 0 0 ]
[ 13 3712 896 0 0 ]
[ 13 3584 1024 0 0 ]
[ 13 3584 1152 0 0 ]
[ 13 3584 1280 0 0 ]
[ 13 3456 1408 0 0 ]
[ 13 3328 1536 0 0 ]
[ 13 3200 1664 0 0 ]
[ 13 3072 1792 0 0 ]
[ 13 3072 1920 0 0 ]
[ 13 2944 2048 0 0 ]
[ 13 2816 2176 0 0 ]
[ 13 2688 2304 0 0 ]
[ 13 2560 2432 0 0 ]
[ 13 2432 2432 0 0 ]
[ 13 2304 2560 0 0 ]
[ 13 2176 2688 0 0 ]
[ 13 2048 2816 0 0 ]
[ 13 1920 2816 0 0 ]
[ 13 1792 2944 0 0 ]
[ 13 1664 3072 0 0 ]
[ 13 1280 3328 0 0 ]
[ 13 1152 3456 0 0 ]
[ 13 1024 3456 0 0 ]
[ 13 896 3456 0 0 ]
[ 13 768 3456 0 0 ]
[ 13 896 -768 0 0 ]
[ 13 3840 384 0 0 ]
[ 13 3840 512 0 0 ]
[ 13 3840 640 0 0 ]
[ 13 3712 768 0 0 ]
[ 13 640 3327 0 0 ]
[ 13 384 3200 0 0 ]
[ 13 512 3200 0 0 ]
[ 13 256 3072 0 0 ]
[ 13 128 2944 0 0 ]
[ 13 0 2816 0 0 ]
[ 13 -128 2816 0 0 ]
[ 13 -256 2688 0 0 ]
[ 13 -384 2560 0 0 ]
[ 13 -512 2432 0 0 ]
[ 13 -640 2432 0 0 ]
[ 13 -768 2304 0 0 ]
[ 13 -896 2176 0 0 ]
[ 13 -1024 2048 0 0 ]
[ 13 -1152 1920 0 0 ]
[ 13 -1152 1792 0 0 ]
[ 13 -1280 1664 0 0 ]
[ 13 -1409 1536 0 0 ]
[ 13 -1536 1408 0 0 ]
[ 13 -1664 1280 0 0 ]
[ 13 -1664 1152 0 0 ]
[ 13 -1664 1024 0 0 ]
[ 13 -1793 896 0 0 ]
[ 13 -1793 768 0 0 ]
[ 13 -1920 512 0 0 ]
[ 13 -1920 640 0 0 ]
[ 13 -1920 384 0 0 ]
[ 13 -1920 128 0 0 ]
[ 13 -1920 -128 0 0 ]
[ 13 -1920 256 0 0 ]
[ 13 -1920 0 0 0 ]
[ 13 -896 -1664 0 0 ]
[ 13 -1024 -1664 0 0 ]
[ 13 -1152 -1664 0 0 ]
[ 13 -1280 -1536 0 0 ]
[ 13 -1408 -1408 0 0 ]
[ 13 -1536 -1280 0 0 ]
[ 13 -1664 -1152 0 0 ]
[ 13 -1664 -1024 0 0 ]
[ 13 -1793 -896 0 0 ]
[ 13 -1920 -768 0 0 ]
[ 13 -1920 -640 0 0 ]
[ 13 -1920 -512 0 0 ]
[ 13 -1920 -384 0 0 ]
[ 13 -1920 -256 0 0 ]
[ 13 -1792 -768 0 0 ]
[ 13 -1792 -512 0 0 ]
[ 13 -1792 -384 0 0 ]
[ 13 -1792 -256 0 0 ]
[ 13 -1792 -128 0 0 ]
[ 13 -1792 0 0 0 ]
[ 13 -1792 128 0 0 ]
[ 13 -1792 256 0 0 ]
[ 13 -1792 384 0 0 ]
[ 13 -1792 512 0 0 ]
[ 13 -1664 -896 0 0 ]
[ 13 -1664 -768 0 0 ]
[ 13 -1536 -1152 0 0 ]
[ 13 -1536 -1024 0 0 ]
[ 13 -1408 -1280 0 0 ]
[ 13 -1408 -1152 0 0 ]
[ 13 -1280 -1408 0 0 ]
[ 13 -1280 -1280 0 0 ]
[ 13 -1153 -1536 0 0 ]
[ 13 -1153 -1408 0 0 ]
[ 13 -1024 -1536 0 0 ]
[ 13 -896 -1536 0 0 ]
[ 13 -768 -1536 0 0 ]
[ 13 -768 -1664 0 0 ]
[ 13 -640 -1664 0 0 ]
[ 13 -512 -1664 0 0 ]
[ 13 -384 -1664 0 0 ]
[ 13 -256 -1536 90 0 ]
[ 13 0 -1536 0 0 ]
[ 13 1920 -1536 0 0 ]
[ 13 2048 -1536 0 0 ]
[ 13 2176 -1536 0 0 ]
[ 13 2688 -1536 0 0 ]
[ 13 2816 -1536 0 0 ]
[ 13 2944 -1536 0 0 ]
[ 13 3072 -1536 0 0 ]
[ 13 256 -1408 0 0 ]
[ 13 384 -1280 0 0 ]
[ 13 128 -1408 0 0 ]
[ 13 512 -1152 0 0 ]
[ 13 0 -1408 0 0 ]
[ 13 256 -1280 0 0 ]
[ 13 384 -1152 0 0 ]
[ 13 640 -1024 0 0 ]
[ 13 512 -1024 0 0 ]
[ 13 640 -896 0 0 ]
[ 13 768 -768 0 0 ]
[ 13 896 -640 0 0 ]
[ 13 1024 -640 0 0 ]
[ 13 1152 -768 0 0 ]
[ 13 1280 -1024 0 0 ]
[ 13 1408 -1152 0 0 ]
[ 13 1536 -1280 0 0 ]
[ 13 1664 -1408 0 0 ]
[ 13 1664 -1280 0 0 ]
[ 13 1536 -1152 0 0 ]
[ 13 1408 -1024 0 0 ]
[ 13 1280 -896 0 0 ]
[ 13 767 -640 0 0 ]
[ 13 1152 -640 0 0 ]
[ 13 896 -512 0 0 ]
[ 13 1024 -512 0 0 ]
[ 13 640 -768 0 0 ]
[ 13 1280 -768 0 0 ]
[ 13 1408 -896 0 0 ]
[ 13 512 -896 0 0 ]
[ 13 -384 -1536 90 0 ]
[ 13 2304 -1536 0 0 ]
[ 13 2431 -1536 0 0 ]
[ 13 -512 -1536 0 0 ]
[ 13 -640 -1536 0 0 ]
[ 13 2560 -1536 0 0 ]
[ 13 3200 -1408 0 0 ]
[ 13 3328 -1280 0 0 ]
[ 13 3456 -1153 0 0 ]
[ 13 3584 -896 0 0 ]
[ 13 3712 -768 0 0 ]
[ 13 3712 -640 0 0 ]
[ 13 3712 -512 0 0 ]
[ 13 3712 -128 0 0 ]
[ 13 3712 0 0 0 ]
[ 13 3712 128 0 0 ]
[ 13 3712 256 0 0 ]
[ 13 3712 384 0 0 ]
[ 13 3712 640 0 0 ]
[ 13 -1664 896 0 0 ]
[ 13 -1664 768 0 0 ]
[ 13 3584 768 0 0 ]
[ 13 3584 896 0 0 ]
[ 13 3584 640 0 0 ]
[ 13 3712 512 0 0 ]
[ 13 -1792 640 0 0 ]
[ 13 -1664 640 0 0 ]
[ 13 -1792 -640 0 0 ]
[ 13 -1664 -640 0 0 ]
[ 13 3584 -768 0 0 ]
[ 13 3584 -640 0 0 ]
[ 13 3455 -1024 0 0 ]
[ 13 -1536 -896 0 0 ]
[ 13 3455 -896 0 0 ]
[ 13 3327 -1152 0 0 ]
[ 13 3200 -1280 0 0 ]
[ 13 3072 -1408 0 0 ]
[ 13 -1536 1024 0 0 ]
[ 13 -1536 1152 0 0 ]
[ 13 -1536 1279 0 0 ]
[ 13 3455 1024 0 0 ]
[ 13 3455 1152 0 0 ]
[ 13 3455 1279 0 0 ]
[ 13 3327 1279 0 0 ]
[ 13 3327 1408 0 0 ]
[ 13 -1408 1279 0 0 ]
[ 13 -1408 1408 0 0 ]
[ 13 -1280 1408 0 0 ]
[ 13 -1280 1536 0 0 ]
[ 13 -1152 1664 0 0 ]
[ 13 -1152 1536 0 0 ]
[ 13 3200 1408 0 0 ]
[ 13 3200 1536 0 0 ]
[ 13 3072 1536 0 0 ]
[ 13 3072 1664 0 0 ]
[ 13 2944 1792 0 0 ]
[ 13 2944 1920 0 0 ]
[ 13 -1024 1792 0 0 ]
[ 13 -1024 1920 0 0 ]
[ 13 -896 1920 0 0 ]
[ 13 -896 2048 0 0 ]
[ 13 -768 2048 0 0 ]
[ 13 -768 2176 0 0 ]
[ 13 -640 2304 0 0 ]
[ 13 -512 2304 0 0 ]
[ 13 -640 2176 0 0 ]
[ 13 2816 1920 0 0 ]
[ 13 2816 2048 0 0 ]
[ 13 2688 2048 0 0 ]
[ 13 2688 2176 0 0 ]
[ 13 2560 2176 0 0 ]
[ 13 2432 2304 0 0 ]
[ 13 2560 2304 0 0 ]
[ 13 -384 2432 0 0 ]
[ 13 -257 2560 0 0 ]
[ 13 2304 2432 0 0 ]
[ 13 2176 2560 0 0 ]
[ 13 -128 2688 0 0 ]
[ 13 0 2688 0 0 ]
[ 13 1920 2688 0 0 ]
[ 13 2048 2688 0 0 ]
[ 13 1792 2816 0 0 ]
[ 13 128 2816 0 0 ]
[ 13 256 2944 0 0 ]
[ 13 384 3071 0 0 ]
[ 13 1536 3071 0 0 ]
[ 13 512 3071 0 0 ]
[ 13 640 3200 0 0 ]
[ 13 1408 3071 0 0 ]
[ 13 1152 3328 0 0 ]
[ 13 1024 3328 0 0 ]
[ 13 896 3328 0 0 ]
[ 13 767 3328 0 0 ]
[ 13 896 3584 0 0 ]
[ 13 1024 3584 0 0 ]
[ 13 -128 -1536 270 0 ]
[ 18 -512 -1280 0 3 ]
[ 18 -640 -1152 0 3 ]
[ 18 -384 -1152 0 3 ]
[ 18 -512 -1024 0 3 ]
[ 18 -256 -1024 0 3 ]
[ 18 -384 -896 0 3 ]
[ 18 -128 -896 0 3 ]
[ 18 -256 -768 0 3 ]
[ 18 -256 0 0 3 ]
[ 18 -384 128 0 3 ]
[ 18 -128 128 0 3 ]
[ 18 -256 256 0 3 ]
[ 6 -128 -640 0 3 ]
[ 6 0 -512 0 3 ]
[ 6 -128 -384 0 3 ]
[ 6 -256 -512 0 3 ]
[ 6 128 -640 0 3 ]
[ 6 128 -384 0 3 ]
[ 6 -384 -640 0 3 ]
[ 6 -384 -384 0 3 ]
[ 18 255 -512 0 3 ]
[ 18 -512 -512 0 3 ]
[ 6 256 256 0 3 ]
[ 6 384 384 0 3 ]
[ 6 256 512 0 3 ]
[ 6 128 384 0 3 ]
[ 6 512 256 0 3 ]
[ 6 512 512 0 3 ]
[ 6 0 256 0 3 ]
[ 6 0 512 0 3 ]
[ 18 639 384 0 3 ]
[ 18 -128 384 0 3 ]
[ 6 -384 640 0 3 ]
[ 6 -256 768 0 3 ]
[ 6 -384 896 0 3 ]
[ 6 -512 768 0 3 ]
[ 6 -128 640 0 3 ]
[ 6 -128 896 0 3 ]
[ 6 -640 640 0 3 ]
[ 6 -640 896 0 3 ]
[ 18 -1 768 0 3 ]
[ 18 -768 768 0 3 ]
[ 6 -896 -896 0 3 ]
[ 6 -1024 -768 0 3 ]
[ 6 -768 -768 0 3 ]
[ 6 -1152 -640 0 3 ]
[ 6 -1024 -512 0 3 ]
[ 6 -896 -384 0 3 ]
[ 6 -768 -512 0 3 ]
[ 6 -640 -640 0 3 ]
[ 18 -896 -640 0 3 ]
[ 18 -640 -896 0 3 ]
[ 18 -1152 -896 0 3 ]
[ 18 -1152 -384 0 3 ]
[ 18 -640 -384 0 3 ]
[ 6 -1280 -256 0 3 ]
[ 6 -1408 -128 0 3 ]
[ 6 -1152 -128 0 3 ]
[ 6 -1536 0 0 3 ]
[ 6 -1408 128 0 3 ]
[ 6 -1280 256 0 3 ]
[ 6 -1152 128 0 3 ]
[ 6 -1024 0 0 3 ]
[ 18 -1280 0 0 3 ]
[ 18 -1024 -256 0 3 ]
[ 18 -1536 -256 0 3 ]
[ 18 -1536 256 0 3 ]
[ 18 -1024 256 0 3 ]
[ 6 128 1152 0 3 ]
[ 6 384 1152 0 3 ]
[ 6 0 1280 0 3 ]
[ 6 128 1408 0 3 ]
[ 6 256 1536 0 3 ]
[ 6 384 1408 0 3 ]
[ 6 512 1280 0 3 ]
[ 18 256 1280 0 3 ]
[ 18 512 1024 0 3 ]
[ 18 0 1024 0 3 ]
[ 18 0 1536 0 3 ]
[ 18 512 1536 0 3 ]
[ 6 384 1664 0 3 ]
[ 6 256 1792 0 3 ]
[ 6 512 1792 0 3 ]
[ 6 128 1920 0 3 ]
[ 6 256 2048 0 3 ]
[ 6 384 2176 0 3 ]
[ 6 512 2048 0 3 ]
[ 6 640 1920 0 3 ]
[ 18 384 1920 0 3 ]
[ 18 640 1664 0 3 ]
[ 18 128 1664 0 3 ]
[ 18 128 2176 0 3 ]
[ 18 640 2176 0 3 ]
[ 6 640 -384 0 3 ]
[ 6 512 -256 0 3 ]
[ 6 768 -256 0 3 ]
[ 6 384 -128 0 3 ]
[ 6 512 0 0 3 ]
[ 6 640 128 0 3 ]
[ 6 768 0 0 3 ]
[ 18 640 -128 0 3 ]
[ 18 384 -384 0 3 ]
[ 18 384 128 0 3 ]
[ 18 512 -768 0 3 ]
[ 18 383 -640 0 3 ]
[ 18 640 -640 0 3 ]
[ 18 256 -1024 0 3 ]
[ 18 127 -896 0 3 ]
[ 18 384 -896 0 3 ]
[ 18 256 -768 0 3 ]
[ 18 0 -1280 0 3 ]
[ 18 -129 -1152 0 3 ]
[ 18 128 -1152 0 3 ]
[ 18 0 -1024 0 3 ]
[ 18 -896 -1408 0 3 ]
[ 18 -1025 -1280 0 3 ]
[ 18 -768 -1280 0 3 ]
[ 18 -896 -1152 0 3 ]
[ 18 -1408 -640 0 3 ]
[ 18 -1537 -512 0 3 ]
[ 18 -1280 -512 0 3 ]
[ 18 -1408 -384 0 3 ]
[ 18 -512 -256 0 3 ]
[ 18 -641 -128 0 3 ]
[ 18 -384 -128 0 3 ]
[ 18 -512 0 0 3 ]
[ 6 -768 0 0 3 ]
[ 6 -768 256 0 3 ]
[ 6 -897 128 0 3 ]
[ 6 -640 128 0 3 ]
[ 6 -512 256 0 3 ]
[ 6 -512 512 0 3 ]
[ 6 -641 384 0 3 ]
[ 6 -384 384 0 3 ]
[ 6 640 640 0 3 ]
[ 6 640 896 0 3 ]
[ 6 511 768 0 3 ]
[ 6 768 768 0 3 ]
[ 6 -256 1024 0 3 ]
[ 6 -256 1280 0 3 ]
[ 6 -385 1152 0 3 ]
[ 6 -128 1152 0 3 ]
[ 18 128 640 0 3 ]
[ 18 128 896 0 3 ]
[ 18 256 1024 0 3 ]
[ 18 384 896 0 3 ]
[ 18 384 640 0 3 ]
[ 18 256 768 0 3 ]
[ 18 -256 -256 0 3 ]
[ 18 -128 -128 0 3 ]
[ 18 0 -256 0 3 ]
[ 18 128 -128 0 3 ]
[ 18 256 -256 0 3 ]
[ 18 256 0 0 3 ]
[ 18 0 0 0 3 ]
[ 18 128 128 0 3 ]
[ 6 -256 -1280 0 3 ]
[ 6 -384 -1408 0 3 ]
[ 6 -640 -1408 0 3 ]
[ 6 -768 -1024 0 3 ]
[ 6 -1024 -1024 0 3 ]
[ 6 -1152 -1152 0 3 ]
[ 6 -1280 -1024 0 3 ]
[ 6 -1408 -896 0 3 ]
[ 6 -1536 -768 0 3 ]
[ 6 -1664 -384 0 3 ]
[ 6 -1664 -128 0 3 ]
[ 6 -1664 128 0 3 ]
[ 6 -1664 384 0 3 ]
[ 6 -1536 512 0 3 ]
[ 6 -1408 640 0 3 ]
[ 6 -1408 384 0 3 ]
[ 6 -1280 512 0 3 ]
[ 6 -1152 384 0 3 ]
[ 6 -896 384 0 3 ]
[ 6 -768 512 0 3 ]
[ 6 -896 640 0 3 ]
[ 6 -1024 512 0 3 ]
[ 6 -1152 640 0 3 ]
[ 6 -1024 768 0 3 ]
[ 6 -896 896 0 3 ]
[ 6 -768 1024 0 3 ]
[ 6 -512 1024 0 3 ]
[ 6 -640 1152 0 3 ]
[ 6 -512 1280 0 3 ]
[ 6 -384 1408 0 3 ]
[ 6 -128 1408 0 3 ]
[ 6 -256 1536 0 3 ]
[ 6 -128 1664 0 3 ]
[ 6 0 1792 0 3 ]
[ 6 768 -512 0 3 ]
[ 6 768 256 0 3 ]
[ 6 768 512 0 3 ]
[ 18 768 1024 0 3 ]
[ 18 640 1152 0 3 ]
[ 18 768 1280 0 3 ]
[ 18 640 1408 0 3 ]
[ 18 768 1536 0 3 ]
[ 18 768 1792 0 3 ]
[ 18 768 2048 0 3 ]
[ 18 768 2304 0 3 ]
[ 18 -1536 768 0 3 ]
[ 18 -1408 896 0 3 ]
[ 18 -1280 1024 0 3 ]
[ 18 -1280 1280 0 3 ]
[ 18 -1152 1152 0 3 ]
[ 18 -1024 1280 0 3 ]
[ 18 -896 1408 0 3 ]
[ 18 -768 1536 0 3 ]
[ 18 -640 1664 0 3 ]
[ 18 -512 1792 0 3 ]
[ 18 -256 2048 0 3 ]
[ 18 -128 2176 0 3 ]
[ 18 0 2304 0 3 ]
[ 18 128 2432 0 3 ]
[ 18 256 2560 0 3 ]
[ 18 384 2688 0 3 ]
[ 18 512 2816 0 3 ]
[ 18 640 2944 0 3 ]
[ 18 768 3072 0 3 ]
[ 18 640 2688 0 3 ]
[ 18 512 2560 0 3 ]
[ 18 256 2304 0 3 ]
[ 18 384 2432 0 3 ]
[ 18 512 2304 0 3 ]
[ 18 640 2432 0 3 ]
[ 18 768 2560 0 3 ]
[ 6 -1152 1408 0 3 ]
[ 6 -1024 1536 0 3 ]
[ 6 -896 1664 0 3 ]
[ 6 -768 1792 0 3 ]
[ 6 -640 1920 0 3 ]
[ 6 -512 2048 0 3 ]
[ 6 -384 2176 0 3 ]
[ 6 -256 2304 0 3 ]
[ 6 -128 2432 0 3 ]
[ 6 0 2560 0 3 ]
[ 6 128 2688 0 3 ]
[ 6 256 2816 0 3 ]
[ 6 384 2944 0 3 ]
[ 6 -1280 768 0 3 ]
[ 18 -1152 896 0 3 ]
[ 18 -1024 1024 0 3 ]
[ 18 -896 1152 0 3 ]
[ 18 -768 1280 0 3 ]
[ 18 -640 1408 0 3 ]
[ 18 -512 1536 0 3 ]
[ 18 -384 1664 0 3 ]
[ 18 -256 1792 0 3 ]
[ 18 -128 1920 0 3 ]
[ 18 0 2048 0 3 ]
[ 18 -512 -768 0 3 ]
[ 6 -896 -128 0 3 ]
[ 6 -768 -256 0 3 ]
[ 3 -256 512 0 0 ]
[ 3 -384 1920 0 0 ]
[ 3 768 2816 0 0 ]
[ 3 -1281 -768 0 0 ]
[ 3 -128 -1408 0 0 ]
[ 3 511 -512 0 0 ]
[ 3 -1408 1152 0 0 ]
[ 19 639 3072 0 0 ]
[ 1 384 7040 0 2 ]
[ 1 128 6912 180 2 ]
[ 1 256 6912 90 2 ]
[ 1 0 6912 90 0 ]
[ 1 -128 6912 90 1 ]
[ 1 768 7040 270 3 ]
[ 1 896 6912 180 5 ]
[ 1 1024 6912 270 0 ]
[ 1 1152 6912 0 0 ]
[ 1 -256 7040 0 2 ]
[ 1 -384 7168 180 2 ]
[ 1 1280 7040 0 2 ]
[ 1 1408 7168 90 2 ]
[ 1 -512 7296 0 3 ]
[ 1 1536 7296 90 4 ]
[ 1 -512 7424 270 0 ]
[ 1 -512 7552 180 5 ]
[ 1 1536 7424 270 4 ]
[ 1 1536 7552 90 0 ]
[ 1 -512 7680 270 2 ]
[ 1 1536 7680 270 1 ]
[ 1 1408 7936 0 5 ]
[ 1 1536 7808 270 1 ]
[ 1 -512 7808 270 3 ]
[ 1 -384 7936 0 5 ]
[ 1 -256 8064 90 5 ]
[ 1 -256 8192 270 4 ]
[ 1 1280 8064 270 2 ]
[ 1 1280 8192 0 2 ]
[ 1 -128 8320 90 5 ]
[ 1 0 8448 0 5 ]
[ 1 1152 8320 180 4 ]
[ 1 1024 8448 90 4 ]
[ 1 896 8576 180 4 ]
[ 1 896 8704 180 2 ]
[ 1 128 8576 270 5 ]
[ 1 128 8704 0 3 ]
[ 1 256 8832 180 1 ]
[ 1 768 8832 270 5 ]
[ 1 640 8960 270 1 ]
[ 1 384 8960 270 1 ]
[ 1 512 9088 180 1 ]
[ 1 640 7040 0 1 ]
[ 1 256 7040 180 2 ]
[ 1 -128 7040 90 5 ]
[ 1 128 7040 270 3 ]
[ 1 0 7040 0 4 ]
[ 1 -256 7168 270 0 ]
[ 1 -384 7296 0 5 ]
[ 1 -384 7424 0 5 ]
[ 1 -384 7552 0 1 ]
[ 1 -384 7680 0 5 ]
[ 1 -384 7808 0 1 ]
[ 1 896 7040 180 1 ]
[ 1 1024 7040 180 4 ]
[ 1 1152 7040 180 0 ]
[ 1 1280 7168 90 4 ]
[ 1 1408 7296 0 5 ]
[ 1 1408 7424 180 0 ]
[ 1 1408 7552 90 3 ]
[ 1 1408 7680 270 1 ]
[ 1 1408 7808 90 2 ]
[ 1 1280 7936 0 4 ]
[ 1 256 7168 0 0 ]
[ 1 384 7168 180 4 ]
[ 1 768 7168 270 5 ]
[ 1 768 6912 180 4 ]
[ 1 -256 7936 90 5 ]
[ 1 -128 8192 180 3 ]
[ 1 0 8320 90 0 ]
[ 1 128 8448 270 1 ]
[ 1 256 8704 270 2 ]
[ 1 384 8832 180 0 ]
[ 1 512 8960 0 1 ]
[ 1 640 8832 0 1 ]
[ 1 768 8704 270 3 ]
[ 1 896 8448 270 5 ]
[ 1 1024 8320 180 3 ]
[ 1 1152 8192 270 3 ]
[ 1 -128 8064 90 5 ]
[ 1 1152 8064 180 0 ]
[ 1 1280 7808 270 2 ]
[ 1 -256 7808 180 5 ]
[ 1 -256 7296 0 0 ]
[ 1 1280 7296 180 5 ]
[ 1 1152 7168 90 1 ]
[ 1 -128 7168 180 3 ]
[ 3 -256 7552 0 1 ]
[ 3 -256 7424 0 1 ]
[ 3 -256 7680 0 1 ]
[ 3 -128 7296 0 1 ]
[ 3 0 7168 0 1 ]
[ 3 128 7168 0 1 ]
[ 3 1024 7168 0 1 ]
[ 3 896 7168 0 1 ]
[ 3 1152 7296 0 1 ]
[ 3 1279 7424 0 1 ]
[ 3 1279 7680 0 1 ]
[ 3 1279 7552 0 1 ]
[ 3 -128 7808 0 1 ]
[ 3 -128 7936 0 1 ]
[ 3 1152 7808 0 1 ]
[ 3 1152 7936 0 1 ]
[ 3 0 8064 0 1 ]
[ 3 0 8192 0 1 ]
[ 3 1024 8064 0 1 ]
[ 3 1024 8192 0 1 ]
[ 3 128 8320 0 1 ]
[ 3 896 8320 0 1 ]
[ 3 768 8448 0 1 ]
[ 3 768 8576 0 1 ]
[ 3 256 8448 0 1 ]
[ 3 256 8576 0 1 ]
[ 3 384 8704 0 1 ]
[ 3 640 8704 0 1 ]
[ 3 512 8832 0 1 ]
[ 3 256 7296 0 1 ]
[ 3 768 7296 0 1 ]
[ 1 384 7296 0 1 ]
[ 1 512 7168 0 2 ]
[ 1 640 7168 0 0 ]
[ 1 640 7296 0 4 ]
[ 1 512 7296 90 3 ]
[ 31 640 8448 0 5 ]
[ 31 512 8576 0 5 ]
[ 24 1664 2944 270 lmode 0 0 ]
[ 29 384 7424 0 0 ]
[ 29 512 7424 0 0 ]
[ 29 640 7424 0 0 ]
[ 29 512 7552 0 0 ]
[ 13 1408 2560 90 0 ]
[ 13 1408 2432 90 0 ]
[ 13 1408 2304 90 0 ]
[ 13 1408 2176 90 0 ]
[ 13 1408 2048 90 0 ]
[ 13 1536 2048 90 0 ]
[ 13 1664 2048 90 0 ]
[ 13 1792 2048 90 0 ]
[ 13 1920 2048 90 0 ]
[ 13 2048 2048 90 0 ]
[ 13 1664 2176 90 0 ]
[ 13 1664 2304 90 0 ]
[ 13 1664 2432 90 0 ]
[ 13 1664 2560 90 0 ]
[ 13 1408 2816 90 0 ]
[ 13 1280 2816 90 0 ]
[ 13 1152 2304 90 0 ]
[ 13 1152 1792 90 0 ]
[ 13 1280 1792 90 0 ]
[ 13 1408 1792 90 0 ]
[ 13 1536 1792 90 0 ]
[ 13 1536 1664 90 0 ]
[ 13 1536 1408 90 0 ]
[ 13 1536 1280 90 0 ]
[ 13 1536 1152 90 0 ]
[ 13 1408 896 90 0 ]
[ 13 1536 896 90 0 ]
[ 13 1536 768 90 0 ]
[ 13 1536 512 90 0 ]
[ 13 1408 512 90 0 ]
[ 13 1408 1152 90 0 ]
[ 13 1408 1024 90 0 ]
[ 13 1536 384 90 0 ]
[ 13 1536 256 90 0 ]
[ 13 1664 256 90 0 ]
[ 13 1792 256 90 0 ]
[ 13 1920 1408 90 0 ]
[ 13 1920 1280 90 0 ]
[ 13 1920 1152 90 0 ]
[ 13 1920 1024 90 0 ]
[ 13 2304 1280 90 0 ]
[ 13 2432 1408 90 0 ]
[ 13 2432 1280 90 0 ]
[ 13 2304 1152 90 0 ]
[ 13 2304 1024 90 0 ]
[ 13 2304 768 90 0 ]
[ 13 2304 640 90 0 ]
[ 13 2304 512 90 0 ]
[ 13 2304 896 90 0 ]
[ 13 2432 896 90 0 ]
[ 13 2688 896 90 0 ]
[ 13 2816 896 90 0 ]
[ 13 2816 1024 90 0 ]
[ 13 2816 1152 90 0 ]
[ 13 2816 1280 90 0 ]
[ 13 2816 1408 90 0 ]
[ 13 2816 1536 90 0 ]
[ 13 2304 1920 90 0 ]
[ 13 2304 2048 90 0 ]
[ 13 2560 896 90 0 ]
[ 13 2560 768 90 0 ]
[ 13 2560 640 90 0 ]
[ 13 2560 512 90 0 ]
[ 13 2688 256 90 0 ]
[ 13 2688 128 90 0 ]
[ 13 2688 0 90 0 ]
[ 13 2688 -129 90 0 ]
[ 13 2816 0 90 0 ]
[ 13 2944 0 90 0 ]
[ 13 3072 0 90 0 ]
[ 13 3200 0 90 0 ]
[ 13 3328 0 90 0 ]
[ 13 3328 128 90 0 ]
[ 13 3328 256 90 0 ]
[ 13 3328 384 90 0 ]
[ 13 2944 384 90 0 ]
[ 13 2944 256 90 0 ]
[ 13 3072 256 90 0 ]
[ 13 2048 -1280 90 0 ]
[ 13 2048 -1152 90 0 ]
[ 13 2048 -1024 90 0 ]
[ 13 2048 -896 90 0 ]
[ 13 2048 -768 90 0 ]
[ 13 2048 -640 90 0 ]
[ 13 2048 -512 90 0 ]
[ 13 1279 -256 90 0 ]
[ 13 2048 -256 90 0 ]
[ 13 1536 -384 90 0 ]
[ 13 1536 -512 90 0 ]
[ 13 1536 -640 90 0 ]
[ 13 2560 -768 90 0 ]
[ 13 2560 -896 90 0 ]
[ 13 2304 -1024 90 0 ]
[ 13 2432 -1024 90 0 ]
[ 13 2944 -896 90 0 ]
[ 13 2944 -768 90 0 ]
[ 13 2944 -640 90 0 ]
[ 13 2944 -512 90 0 ]
[ 13 2944 -384 90 0 ]
[ 13 2944 -256 90 0 ]
[ 13 2944 -128 90 0 ]
[ 13 2304 -384 90 0 ]
[ 13 2304 -512 90 0 ]
[ 13 2304 -640 90 0 ]
[ 13 2304 -768 90 0 ]
[ 13 2560 -384 90 0 ]
[ 13 2560 -512 90 0 ]
[ 13 2688 -512 90 0 ]
[ 13 1279 0 90 0 ]
[ 13 1408 0 90 0 ]
[ 13 1536 0 90 0 ]
[ 13 1664 0 90 0 ]
[ 13 1792 0 90 0 ]
[ 13 1920 0 90 0 ]
[ 13 2048 0 90 0 ]
[ 13 2176 0 90 0 ]
[ 13 2304 0 90 0 ]
[ 13 2432 0 90 0 ]
[ 13 2432 128 90 0 ]
[ 13 2048 384 90 0 ]
[ 13 2048 512 90 0 ]
[ 13 2048 640 90 0 ]
[ 13 2048 768 90 0 ]
[ 13 1279 256 90 0 ]
[ 13 1279 384 90 0 ]
[ 13 1279 512 90 0 ]
[ 13 1792 512 90 0 ]
[ 13 1279 1408 90 0 ]
[ 13 1279 1536 90 0 ]
[ 3 2944 -1408 0 0 ]
[ 13 1920 2432 270 0 ]
[ 13 2304 2176 270 0 ]
[ 13 3200 -384 270 0 ]
[ 13 3200 -512 270 0 ]
[ 13 3200 -640 270 0 ]
[ 13 3200 -768 270 0 ]
[ 13 3456 -256 270 0 ]
[ 13 2688 -1408 270 0 ]
[ 13 2304 -1152 270 0 ]
[ 13 2304 -1280 270 0 ]
[ 12 1536 3200 360 1 ]
[ 12 1408 3200 360 2 ]
[ 12 1664 -640 0 0 ]
[ 12 1792 -640 0 1 ]
[ 12 2816 -1024 0 0 ]
[ 12 2688 -1024 0 0 ]
[ 12 2944 -1024 0 1 ]
[ 13 2560 -1152 0 0 ]
[ 12 2560 -1024 0 2 ]
[ 12 3072 512 0 0 ]
[ 12 3200 512 0 0 ]
[ 12 3328 512 0 1 ]
[ 12 2944 512 0 2 ]
[ 12 3072 896 0 0 ]
[ 12 2944 896 0 2 ]
[ 12 3200 896 0 0 ]
[ 12 3328 896 0 0 ]
[ 12 3456 896 0 1 ]
[ 12 2176 256 0 0 ]
[ 12 2304 256 0 1 ]
[ 12 2048 256 0 2 ]
[ 12 2560 384 0 2 ]
[ 12 2688 384 0 1 ]
[ 12 1792 1792 0 2 ]
[ 12 1920 1792 0 0 ]
[ 12 2048 1792 0 0 ]
[ 12 2176 1792 0 0 ]
[ 12 2304 1792 0 0 ]
[ 12 2432 1792 0 0 ]
[ 12 2560 1792 0 1 ]
[ 12 2432 -256 0 0 ]
[ 12 2560 -256 0 0 ]
[ 12 2688 -256 0 1 ]
[ 12 2304 -256 0 2 ]
[ 12 3328 -384 0 2 ]
[ 12 3456 -384 0 0 ]
[ 12 3712 -384 0 1 ]
[ 12 3584 -384 360 0 ]
[ 13 3712 -256 180 0 ]
[ 12 1664 640 0 0 ]
[ 12 1792 640 0 1 ]
[ 12 1536 640 0 2 ]
[ 12 1792 -1408 0 2 ]
[ 12 1920 -1408 0 0 ]
[ 12 2048 -1408 0 1 ]
[ 12 1536 1536 0 2 ]
[ 12 1664 1536 0 0 ]
[ 12 1792 1536 0 0 ]
[ 12 1920 1536 0 0 ]
[ 12 2048 1536 0 1 ]
[ 12 1408 -256 0 2 ]
[ 12 1536 -256 0 0 ]
[ 12 1920 -256 0 1 ]
[ 12 1664 -256 0 0 ]
[ 12 1792 -256 0 0 ]
[ 12 1920 2304 0 2 ]
[ 12 2048 2304 0 1 ]
[ 12 1920 -1664 0 2 ]
[ 12 2048 -1664 0 0 ]
[ 12 2176 -1664 0 0 ]
[ 12 2304 -1664 0 0 ]
[ 12 2432 -1664 0 0 ]
[ 12 2560 -1664 0 0 ]
[ 12 2688 -1664 0 0 ]
[ 12 2816 -1664 0 0 ]
[ 12 2944 -1664 0 0 ]
[ 12 3072 -1664 0 1 ]
Movables
Map_floor
[ 13 -384 -896 0 0 ]
[ 13 -384 -769 0 0 ]
[ 13 -384 -641 0 0 ]
[ 13 -384 -513 0 0 ]
[ 13 -384 -385 0 0 ]
[ 13 -384 -257 0 0 ]
[ 13 -384 -129 0 0 ]
[ 13 -384 -1 90 0 ]
[ 13 -256 -896 0 0 ]
[ 13 -256 -769 0 0 ]
[ 13 -256 -641 0 0 ]
[ 13 -256 -513 0 0 ]
[ 13 -256 -385 0 0 ]
[ 13 -256 -257 0 0 ]
[ 13 -256 -129 0 0 ]
[ 13 -256 -1 0 0 ]
[ 13 256 127 0 0 ]
[ 13 384 127 0 0 ]
[ 13 1152 -641 0 0 ]
[ 13 1152 -513 0 0 ]
[ 13 1152 -385 0 0 ]
[ 13 1152 -257 0 0 ]
[ 13 1152 -129 0 0 ]
[ 13 1152 -1 0 0 ]
[ 13 1152 127 0 0 ]
[ 13 1152 255 0 0 ]
[ 13 1152 383 0 0 ]
[ 13 1152 1024 0 0 ]
[ 13 1152 1152 0 0 ]
[ 13 1152 1280 0 0 ]
[ 13 1152 1408 0 0 ]
[ 13 1280 -641 0 0 ]
[ 13 1280 -513 0 0 ]
[ 13 1280 -385 0 0 ]
[ 13 1280 -129 0 0 ]
[ 13 1280 127 0 0 ]
[ 13 1280 639 0 0 ]
[ 13 1280 768 0 0 ]
[ 13 1280 896 0 0 ]
[ 13 1280 1024 0 0 ]
[ 13 1280 1152 0 0 ]
[ 13 1280 1280 0 0 ]
[ 13 1408 -641 0 0 ]
[ 13 1408 -513 0 0 ]
[ 13 1408 -385 0 0 ]
[ 13 1408 -129 0 0 ]
[ 13 1408 127 0 0 ]
[ 13 1408 639 0 0 ]
[ 13 1408 768 0 0 ]
[ 13 1408 1280 0 0 ]
[ 13 1408 1408 0 0 ]
[ 13 1536 -129 0 0 ]
[ 13 1536 127 0 0 ]
[ 13 1536 1024 0 0 ]
[ 13 1664 -513 0 0 ]
[ 13 1664 -385 0 0 ]
[ 13 1664 -129 0 0 ]
[ 13 1664 127 0 0 ]
[ 13 1664 383 0 0 ]
[ 13 1664 511 0 0 ]
[ 13 1664 896 0 0 ]
[ 13 1664 1024 0 0 ]
[ 13 1664 1152 0 0 ]
[ 13 1664 1280 0 0 ]
[ 13 1664 1408 0 0 ]
[ 13 1792 -513 0 0 ]
[ 13 1792 -385 0 0 ]
[ 13 1792 -129 0 0 ]
[ 13 1792 127 0 0 ]
[ 13 1792 383 0 0 ]
[ 13 1792 768 0 0 ]
[ 13 1792 896 0 0 ]
[ 13 1792 1024 0 0 ]
[ 13 1792 1152 0 0 ]
[ 13 1792 1280 0 0 ]
[ 13 1792 1408 0 0 ]
[ 13 1920 -641 0 0 ]
[ 13 1920 -513 0 0 ]
[ 13 1920 -385 0 0 ]
[ 13 1920 -129 0 0 ]
[ 13 1920 127 0 0 ]
[ 13 1920 255 0 0 ]
[ 13 1920 383 0 0 ]
[ 13 1920 511 0 0 ]
[ 13 1920 639 0 0 ]
[ 13 1920 768 0 0 ]
[ 13 1920 896 0 0 ]
[ 13 2048 -385 0 0 ]
[ 13 2048 -129 0 0 ]
[ 13 2048 127 0 0 ]
[ 13 2048 896 0 0 ]
[ 13 2048 1024 0 0 ]
[ 13 2048 1152 0 0 ]
[ 13 2048 1280 0 0 ]
[ 13 2048 1408 0 0 ]
[ 13 2176 -641 0 0 ]
[ 13 2176 -513 0 0 ]
[ 13 2176 -385 0 0 ]
[ 13 2176 -257 0 0 ]
[ 13 2176 -129 0 0 ]
[ 13 2176 127 0 0 ]
[ 13 2176 383 0 0 ]
[ 13 2176 511 0 0 ]
[ 13 2176 639 0 0 ]
[ 13 2176 768 0 0 ]
[ 13 2176 896 0 0 ]
[ 13 2176 1024 0 0 ]
[ 13 2176 1152 0 0 ]
[ 13 2176 1280 0 0 ]
[ 13 2176 1408 0 0 ]
[ 13 2304 -129 0 0 ]
[ 13 2304 383 0 0 ]
[ 13 2304 1408 0 0 ]
[ 13 2432 -641 0 0 ]
[ 13 2432 -513 0 0 ]
[ 13 2432 -385 0 0 ]
[ 13 2432 -129 0 0 ]
[ 13 2432 255 0 0 ]
[ 13 2432 383 0 0 ]
[ 13 2432 511 0 0 ]
[ 13 2432 639 0 0 ]
[ 13 2432 768 0 0 ]
[ 13 2432 1024 0 0 ]
[ 13 2432 1152 0 0 ]
[ 13 2560 -641 0 0 ]
[ 13 2560 -129 0 0 ]
[ 13 2560 -1 0 0 ]
[ 13 2560 127 0 0 ]
[ 13 2560 255 0 0 ]
[ 13 2560 1024 0 0 ]
[ 13 2560 1152 0 0 ]
[ 13 2560 1280 0 0 ]
[ 13 2560 1408 0 0 ]
[ 13 2688 -641 0 0 ]
[ 13 2688 -385 0 0 ]
[ 13 2688 511 0 0 ]
[ 13 2688 639 0 0 ]
[ 13 2688 1024 0 0 ]
[ 13 2688 1152 0 0 ]
[ 13 2688 1280 0 0 ]
[ 13 2688 1408 0 0 ]
[ 13 2816 -641 0 0 ]
[ 13 2816 -513 0 0 ]
[ 13 2816 -385 0 0 ]
[ 13 2816 -257 0 0 ]
[ 13 2816 -129 0 0 ]
[ 13 2816 127 0 0 ]
[ 13 2816 255 0 0 ]
[ 13 2816 383 0 0 ]
[ 13 2816 511 0 0 ]
[ 13 2816 639 0 0 ]
[ 13 2816 768 0 0 ]
[ 13 2944 127 0 0 ]
[ 13 2944 639 0 0 ]
[ 13 2944 768 0 0 ]
[ 13 2944 1024 0 0 ]
[ 13 2944 1152 0 0 ]
[ 13 2944 1280 0 0 ]
[ 13 2944 1408 0 0 ]
[ 13 3072 -641 0 0 ]
[ 13 3072 -513 0 0 ]
[ 13 3072 -385 0 0 ]
[ 13 3072 -257 0 0 ]
[ 13 3072 127 0 0 ]
[ 13 3072 383 0 0 ]
[ 13 3072 639 0 0 ]
[ 13 3072 768 0 0 ]
[ 13 3072 1024 0 0 ]
[ 13 3072 1152 0 0 ]
[ 13 3072 1280 0 0 ]
[ 13 3072 1408 0 0 ]
[ 13 3200 -641 0 0 ]
[ 13 3200 -513 0 0 ]
[ 13 3200 -385 0 0 ]
[ 13 3200 -257 0 0 ]
[ 13 3200 -129 0 0 ]
[ 13 3200 127 0 0 ]
[ 13 3200 255 0 0 ]
[ 13 3200 383 0 0 ]
[ 13 3200 639 0 0 ]
[ 13 3200 768 0 0 ]
[ 13 3200 1024 0 0 ]
[ 13 3200 1152 0 0 ]
[ 13 3200 1280 0 0 ]
[ 13 3328 -641 0 0 ]
[ 13 3328 -513 0 0 ]
[ 13 3328 -385 0 0 ]
[ 13 3328 -257 0 0 ]
[ 13 3328 -129 0 0 ]
[ 13 3328 639 0 0 ]
[ 13 3328 768 0 0 ]
[ 13 3328 1024 0 0 ]
[ 13 3328 1152 0 0 ]
[ 13 768 -768 0 0 ]
[ 13 1408 -768 0 0 ]
[ 13 1536 -768 0 0 ]
[ 13 1664 -768 0 0 ]
[ 13 1792 -768 0 0 ]
[ 13 1919 -768 0 0 ]
[ 13 2176 -768 0 0 ]
[ 13 2432 -768 0 0 ]
[ 13 3072 -768 0 0 ]
[ 13 3200 -768 0 0 ]
[ 13 3328 -768 0 0 ]
[ 13 3456 -768 0 0 ]
[ 13 1536 -896 0 0 ]
[ 13 1664 -896 0 0 ]
[ 13 1792 -896 0 0 ]
[ 13 1919 -896 0 0 ]
[ 13 2176 -896 0 0 ]
[ 13 2304 -896 0 0 ]
[ 13 2432 -896 0 0 ]
[ 13 3072 -896 0 0 ]
[ 13 3200 -896 0 0 ]
[ 13 3328 -896 0 0 ]
[ 13 1536 -1024 0 0 ]
[ 13 1664 -1024 0 0 ]
[ 13 1792 -1024 0 0 ]
[ 13 1919 -1024 0 0 ]
[ 13 2176 -1024 0 0 ]
[ 13 3072 -1024 0 0 ]
[ 13 3200 -1024 0 0 ]
[ 13 3328 -1024 0 0 ]
[ 13 1664 -1152 0 0 ]
[ 13 1792 -1152 0 0 ]
[ 13 1919 -1152 0 0 ]
[ 13 2176 -1152 0 0 ]
[ 13 2304 -1152 0 0 ]
[ 13 2432 -1152 0 0 ]
[ 13 2688 -1152 0 0 ]
[ 13 2816 -1152 0 0 ]
[ 13 2944 -1152 0 0 ]
[ 13 3072 -1152 0 0 ]
[ 13 3200 -1152 0 0 ]
[ 13 1792 -1280 0 0 ]
[ 13 1919 -1280 0 0 ]
[ 13 2176 -1280 0 0 ]
[ 13 2304 -1280 0 0 ]
[ 13 2432 -1280 0 0 ]
[ 13 2560 -1280 0 0 ]
[ 13 2688 -1280 0 0 ]
[ 13 2816 -1280 0 0 ]
[ 13 2944 -1280 0 0 ]
[ 13 3072 -1280 0 0 ]
[ 13 2176 -1408 0 0 ]
[ 13 2304 -1408 0 0 ]
[ 13 2432 -1408 0 0 ]
[ 13 2560 -1408 0 0 ]
[ 13 2688 -1408 0 0 ]
[ 13 2816 -1408 0 0 ]
[ 13 2944 -1408 0 0 ]
[ 13 3456 -640 0 0 ]
[ 13 3456 -512 0 0 ]
[ 13 3456 -384 0 0 ]
[ 13 3456 -256 0 0 ]
[ 13 3456 -128 0 0 ]
[ 13 3456 0 0 0 ]
[ 13 3456 512 0 0 ]
[ 13 3456 640 0 0 ]
[ 13 3584 -512 0 0 ]
[ 13 3584 -384 0 0 ]
[ 13 3584 -256 0 0 ]
[ 13 3584 -128 0 0 ]
[ 13 3584 0 0 0 ]
[ 13 3584 128 0 0 ]
[ 13 3584 256 0 0 ]
[ 13 3584 384 0 0 ]
[ 13 3584 512 0 0 ]
[ 13 3456 768 0 0 ]
[ 13 -1280 1536 0 0 ]
[ 13 -1152 1536 0 0 ]
[ 13 -1024 1536 0 0 ]
[ 13 -896 1536 0 0 ]
[ 13 -768 1536 0 0 ]
[ 13 -641 128 0 0 ]
[ 13 -641 256 0 0 ]
[ 13 -641 1024 0 0 ]
[ 13 -641 1152 0 0 ]
[ 13 -641 1280 0 0 ]
[ 13 -641 1407 0 0 ]
[ 13 -641 1536 0 0 ]
[ 13 -512 128 0 0 ]
[ 13 -512 256 0 0 ]
[ 13 -512 1024 0 0 ]
[ 13 -512 1152 0 0 ]
[ 13 -512 1280 0 0 ]
[ 13 -512 1407 0 0 ]
[ 13 -512 1536 0 0 ]
[ 13 -384 128 0 0 ]
[ 13 -384 256 0 0 ]
[ 13 -384 384 0 0 ]
[ 13 -384 512 0 0 ]
[ 13 -384 640 0 0 ]
[ 13 -384 768 0 0 ]
[ 13 -384 896 0 0 ]
[ 13 -384 1024 0 0 ]
[ 13 -384 1152 0 0 ]
[ 13 -384 1280 0 0 ]
[ 13 -384 1407 0 0 ]
[ 13 -384 1536 0 0 ]
[ 13 -256 128 0 0 ]
[ 13 -256 256 0 0 ]
[ 13 -256 384 0 0 ]
[ 13 -256 512 0 0 ]
[ 13 -256 640 0 0 ]
[ 13 -256 768 0 0 ]
[ 13 -256 896 0 0 ]
[ 13 -256 1024 0 0 ]
[ 13 -256 1152 0 0 ]
[ 13 -256 1280 0 0 ]
[ 13 -256 1407 0 0 ]
[ 13 -256 1536 0 0 ]
[ 13 -128 128 0 0 ]
[ 13 -128 256 0 0 ]
[ 13 -128 384 0 0 ]
[ 13 -128 512 0 0 ]
[ 13 -128 640 0 0 ]
[ 13 -128 768 0 0 ]
[ 13 -128 896 0 0 ]
[ 13 -128 1024 0 0 ]
[ 13 -128 1152 0 0 ]
[ 13 -128 1280 0 0 ]
[ 13 -128 1407 0 0 ]
[ 13 -128 1536 0 0 ]
[ 13 0 128 0 0 ]
[ 13 0 256 0 0 ]
[ 13 0 384 0 0 ]
[ 13 0 512 0 0 ]
[ 13 0 640 0 0 ]
[ 13 0 768 0 0 ]
[ 13 0 896 0 0 ]
[ 13 0 1024 0 0 ]
[ 13 0 1152 0 0 ]
[ 13 0 1280 0 0 ]
[ 13 0 1407 0 0 ]
[ 13 0 1536 0 0 ]
[ 13 128 128 0 0 ]
[ 13 128 256 0 0 ]
[ 13 128 384 0 0 ]
[ 13 128 512 0 0 ]
[ 13 128 640 0 0 ]
[ 13 128 896 0 0 ]
[ 13 128 1024 0 0 ]
[ 13 128 1152 0 0 ]
[ 13 128 1280 0 0 ]
[ 13 128 1407 0 0 ]
[ 13 128 1536 0 0 ]
[ 13 256 128 0 0 ]
[ 13 256 256 0 0 ]
[ 13 384 128 0 0 ]
[ 13 384 256 0 0 ]
[ 13 1152 128 0 0 ]
[ 13 1152 256 0 0 ]
[ 13 1152 384 0 0 ]
[ 13 1152 1024 0 0 ]
[ 13 1152 1152 0 0 ]
[ 13 1152 1280 0 0 ]
[ 13 1152 1407 0 0 ]
[ 13 1152 1536 0 0 ]
[ 13 1279 128 0 0 ]
[ 13 1279 640 0 0 ]
[ 13 1279 768 0 0 ]
[ 13 1279 896 0 0 ]
[ 13 1279 1024 0 0 ]
[ 13 1279 1152 0 0 ]
[ 13 1279 1280 0 0 ]
[ 13 1408 128 0 0 ]
[ 13 1408 640 0 0 ]
[ 13 1408 768 0 0 ]
[ 13 1408 1280 0 0 ]
[ 13 1408 1407 0 0 ]
[ 13 1408 1536 0 0 ]
[ 13 1536 128 0 0 ]
[ 13 1536 1024 0 0 ]
[ 13 1664 128 0 0 ]
[ 13 1664 384 0 0 ]
[ 13 1664 512 0 0 ]
[ 13 1664 896 0 0 ]
[ 13 1664 1024 0 0 ]
[ 13 1664 1152 0 0 ]
[ 13 1664 1280 0 0 ]
[ 13 1664 1407 0 0 ]
[ 13 1792 128 0 0 ]
[ 13 1792 384 0 0 ]
[ 13 1792 768 0 0 ]
[ 13 1792 896 0 0 ]
[ 13 1792 1024 0 0 ]
[ 13 1792 1152 0 0 ]
[ 13 1792 1280 0 0 ]
[ 13 1792 1407 0 0 ]
[ 13 1919 128 0 0 ]
[ 13 1919 256 0 0 ]
[ 13 1919 384 0 0 ]
[ 13 1919 512 0 0 ]
[ 13 1919 640 0 0 ]
[ 13 1919 768 0 0 ]
[ 13 1919 896 0 0 ]
[ 13 2048 128 0 0 ]
[ 13 2048 896 0 0 ]
[ 13 2048 1024 0 0 ]
[ 13 2048 1152 0 0 ]
[ 13 2048 1280 0 0 ]
[ 13 2048 1407 0 0 ]
[ 13 2176 128 0 0 ]
[ 13 2176 384 0 0 ]
[ 13 2176 512 0 0 ]
[ 13 2176 640 0 0 ]
[ 13 2176 768 0 0 ]
[ 13 2176 896 0 0 ]
[ 13 2176 1024 0 0 ]
[ 13 2176 1152 0 0 ]
[ 13 2176 1280 0 0 ]
[ 13 2176 1407 0 0 ]
[ 13 2176 1536 0 0 ]
[ 13 2304 384 0 0 ]
[ 13 2304 1407 0 0 ]
[ 13 2304 1536 0 0 ]
[ 13 2432 256 0 0 ]
[ 13 2432 384 0 0 ]
[ 13 2432 512 0 0 ]
[ 13 2432 640 0 0 ]
[ 13 2432 768 0 0 ]
[ 13 2432 1024 0 0 ]
[ 13 2432 1152 0 0 ]
[ 13 2560 128 0 0 ]
[ 13 2560 256 0 0 ]
[ 13 2560 1024 0 0 ]
[ 13 2560 1152 0 0 ]
[ 13 2560 1280 0 0 ]
[ 13 2560 1407 0 0 ]
[ 13 2560 1536 0 0 ]
[ 13 2688 512 0 0 ]
[ 13 2688 640 0 0 ]
[ 13 2688 1024 0 0 ]
[ 13 2688 1152 0 0 ]
[ 13 2688 1280 0 0 ]
[ 13 2688 1407 0 0 ]
[ 13 2688 1536 0 0 ]
[ 13 2816 128 0 0 ]
[ 13 2816 256 0 0 ]
[ 13 2816 384 0 0 ]
[ 13 2816 512 0 0 ]
[ 13 2816 640 0 0 ]
[ 13 2816 768 0 0 ]
[ 13 2944 128 0 0 ]
[ 13 2944 640 0 0 ]
[ 13 2944 768 0 0 ]
[ 13 2944 1024 0 0 ]
[ 13 2944 1152 0 0 ]
[ 13 2944 1280 0 0 ]
[ 13 2944 1407 0 0 ]
[ 13 2944 1536 0 0 ]
[ 13 3072 128 0 0 ]
[ 13 3072 384 0 0 ]
[ 13 3072 640 0 0 ]
[ 13 3072 768 0 0 ]
[ 13 3072 1024 0 0 ]
[ 13 3072 1152 0 0 ]
[ 13 3072 1280 0 0 ]
[ 13 3072 1407 0 0 ]
[ 13 3200 128 0 0 ]
[ 13 3200 256 0 0 ]
[ 13 3200 384 0 0 ]
[ 13 3200 640 0 0 ]
[ 13 3200 768 0 0 ]
[ 13 3200 1024 0 0 ]
[ 13 3200 1152 0 0 ]
[ 13 3200 1280 0 0 ]
[ 13 -1408 -896 0 0 ]
[ 13 -1408 -768 0 0 ]
[ 13 -1408 -640 0 0 ]
[ 13 -1408 -512 0 0 ]
[ 13 -1408 -384 0 0 ]
[ 13 -1408 -256 0 0 ]
[ 13 -1408 -128 0 0 ]
[ 13 -1408 0 0 0 ]
[ 13 -1408 128 0 0 ]
[ 13 -1408 256 0 0 ]
[ 13 -1408 384 0 0 ]
[ 13 -1408 512 0 0 ]
[ 13 -1408 640 0 0 ]
[ 13 -1408 768 0 0 ]
[ 13 -1408 896 0 0 ]
[ 13 -1408 1023 0 0 ]
[ 13 -1408 1152 0 0 ]
[ 13 -1408 1280 0 0 ]
[ 13 -1408 1408 0 0 ]
[ 13 -1281 -896 0 0 ]
[ 13 -1281 -768 0 0 ]
[ 13 -1281 -640 0 0 ]
[ 13 -1281 -512 0 0 ]
[ 13 -1281 -384 0 0 ]
[ 13 -1281 -256 0 0 ]
[ 13 -1281 -128 0 0 ]
[ 13 -1281 0 0 0 ]
[ 13 -1281 128 0 0 ]
[ 13 -1281 256 0 0 ]
[ 13 -1281 384 0 0 ]
[ 13 -1281 512 0 0 ]
[ 13 -1281 640 0 0 ]
[ 13 -1281 768 0 0 ]
[ 13 -1281 896 0 0 ]
[ 13 -1281 1023 0 0 ]
[ 13 -1281 1152 0 0 ]
[ 13 -1281 1280 0 0 ]
[ 13 -1281 1408 0 0 ]
[ 13 -1152 -896 0 0 ]
[ 13 -1152 -768 0 0 ]
[ 13 -1152 -640 0 0 ]
[ 13 -1152 -512 0 0 ]
[ 13 -1152 -384 0 0 ]
[ 13 -1152 -256 0 0 ]
[ 13 -1152 -128 0 0 ]
[ 13 -1152 0 0 0 ]
[ 13 -1152 128 0 0 ]
[ 13 -1152 256 0 0 ]
[ 13 -1152 1023 0 0 ]
[ 13 -1152 1152 0 0 ]
[ 13 -1152 1280 0 0 ]
[ 13 -1152 1408 0 0 ]
[ 13 -1024 -896 0 0 ]
[ 13 -1024 -768 0 0 ]
[ 13 -1024 -640 0 0 ]
[ 13 -1024 -512 0 0 ]
[ 13 -1024 -384 0 0 ]
[ 13 -1024 -256 0 0 ]
[ 13 -1024 -128 0 0 ]
[ 13 -1024 0 0 0 ]
[ 13 -1024 128 0 0 ]
[ 13 -1024 256 0 0 ]
[ 13 -1024 1023 0 0 ]
[ 13 -1024 1152 0 0 ]
[ 13 -1024 1280 0 0 ]
[ 13 -1024 1408 0 0 ]
[ 13 -896 -896 0 0 ]
[ 13 -896 -768 0 0 ]
[ 13 -896 -640 0 0 ]
[ 13 -896 -512 0 0 ]
[ 13 -896 -384 0 0 ]
[ 13 -896 -256 0 0 ]
[ 13 -896 -128 0 0 ]
[ 13 -896 0 0 0 ]
[ 13 -896 128 0 0 ]
[ 13 -896 256 0 0 ]
[ 13 -896 1023 0 0 ]
[ 13 -896 1152 0 0 ]
[ 13 -896 1280 0 0 ]
[ 13 -896 1408 0 0 ]
[ 13 -768 -896 0 0 ]
[ 13 -768 -768 0 0 ]
[ 13 -768 -640 0 0 ]
[ 13 -768 -512 0 0 ]
[ 13 -768 -384 0 0 ]
[ 13 -768 -256 0 0 ]
[ 13 -768 -128 0 0 ]
[ 13 -768 0 0 0 ]
[ 13 -768 128 0 0 ]
[ 13 -768 256 0 0 ]
[ 13 -768 1023 0 0 ]
[ 13 -768 1152 0 0 ]
[ 13 -768 1280 0 0 ]
[ 13 -768 1408 0 0 ]
[ 13 -640 -896 0 0 ]
[ 13 -640 -768 0 0 ]
[ 13 -640 -640 0 0 ]
[ 13 -640 -512 0 0 ]
[ 13 -640 -384 0 0 ]
[ 13 -640 -256 0 0 ]
[ 13 -640 -128 0 0 ]
[ 13 -640 0 0 0 ]
[ 13 -640 128 0 0 ]
[ 13 -640 256 0 0 ]
[ 13 -640 1023 0 0 ]
[ 13 -640 1152 0 0 ]
[ 13 -640 1280 0 0 ]
[ 13 -640 1408 0 0 ]
[ 13 -512 -896 0 0 ]
[ 13 -512 -768 0 0 ]
[ 13 -512 -640 0 0 ]
[ 13 -512 -512 0 0 ]
[ 13 -512 -384 0 0 ]
[ 13 -512 -256 0 0 ]
[ 13 -512 -128 0 0 ]
[ 13 -512 0 90 0 ]
[ 13 -512 128 0 0 ]
[ 13 -512 256 0 0 ]
[ 13 -512 1023 0 0 ]
[ 13 -512 1152 0 0 ]
[ 13 -512 1280 0 0 ]
[ 13 -512 1408 0 0 ]
[ 13 -384 -896 0 0 ]
[ 13 -384 -768 0 0 ]
[ 13 -384 -640 0 0 ]
[ 13 -384 -512 0 0 ]
[ 13 -384 -384 0 0 ]
[ 13 -384 -256 0 0 ]
[ 13 -384 -128 0 0 ]
[ 13 -384 0 90 0 ]
[ 13 -384 128 0 0 ]
[ 13 -384 256 0 0 ]
[ 13 -384 384 0 0 ]
[ 13 -384 512 0 0 ]
[ 13 -384 640 0 0 ]
[ 13 -384 768 0 0 ]
[ 13 -384 896 0 0 ]
[ 13 -384 1023 0 0 ]
[ 13 -384 1152 0 0 ]
[ 13 -384 1280 0 0 ]
[ 13 -384 1408 0 0 ]
[ 13 -256 -896 0 0 ]
[ 13 -256 -768 0 0 ]
[ 13 -256 -640 0 0 ]
[ 13 -256 -512 0 0 ]
[ 13 -256 -384 0 0 ]
[ 13 -256 -256 0 0 ]
[ 13 -256 -128 0 0 ]
[ 13 -256 0 0 0 ]
[ 13 -256 128 0 0 ]
[ 13 -256 256 0 0 ]
[ 13 -256 384 0 0 ]
[ 13 -256 512 0 0 ]
[ 13 -256 640 0 0 ]
[ 13 -256 768 0 0 ]
[ 13 -256 896 0 0 ]
[ 13 -256 1023 0 0 ]
[ 13 -256 1152 0 0 ]
[ 13 -256 1280 0 0 ]
[ 13 -256 1408 0 0 ]
[ 13 -128 128 0 0 ]
[ 13 -128 256 0 0 ]
[ 13 -128 384 0 0 ]
[ 13 -128 512 0 0 ]
[ 13 -128 640 0 0 ]
[ 13 -128 768 0 0 ]
[ 13 -128 896 0 0 ]
[ 13 -128 1023 0 0 ]
[ 13 -128 1152 0 0 ]
[ 13 -128 1280 0 0 ]
[ 13 -128 1408 0 0 ]
[ 13 0 128 0 0 ]
[ 13 0 256 0 0 ]
[ 13 0 384 0 0 ]
[ 13 0 512 0 0 ]
[ 13 0 640 0 0 ]
[ 13 0 768 0 0 ]
[ 13 0 896 0 0 ]
[ 13 0 1023 0 0 ]
[ 13 0 1152 0 0 ]
[ 13 0 1280 0 0 ]
[ 13 0 1408 0 0 ]
[ 13 128 128 0 0 ]
[ 13 128 256 0 0 ]
[ 13 128 384 0 0 ]
[ 13 128 512 0 0 ]
[ 13 128 640 0 0 ]
[ 13 128 896 0 0 ]
[ 13 128 1023 0 0 ]
[ 13 128 1152 0 0 ]
[ 13 128 1280 0 0 ]
[ 13 128 1408 0 0 ]
[ 13 256 128 0 0 ]
[ 13 256 256 0 0 ]
[ 13 384 128 0 0 ]
[ 13 384 256 0 0 ]
[ 13 -1536 -1152 0 0 ]
[ 13 -1536 -1024 0 0 ]
[ 13 -1536 768 0 0 ]
[ 13 -1536 896 0 0 ]
[ 13 -1536 1023 0 0 ]
[ 13 -1536 1152 0 0 ]
[ 13 -1536 1280 0 0 ]
[ 13 -1664 896 0 0 ]
[ 13 -1664 -640 0 0 ]
[ 13 -1664 -512 0 0 ]
[ 13 -1664 -384 0 0 ]
[ 13 -1664 -256 0 0 ]
[ 13 -1664 -128 0 0 ]
[ 13 -1664 0 0 0 ]
[ 13 -1664 128 0 0 ]
[ 13 -1664 256 0 0 ]
[ 13 -1664 384 0 0 ]
[ 13 -1664 512 0 0 ]
[ 13 -1536 -640 0 0 ]
[ 13 -1536 -512 0 0 ]
[ 13 -1536 -384 0 0 ]
[ 13 -1536 -256 0 0 ]
[ 13 -1536 -128 0 0 ]
[ 13 -1536 0 0 0 ]
[ 13 -1536 128 0 0 ]
[ 13 -1536 256 0 0 ]
[ 13 -1536 384 0 0 ]
[ 13 -1536 512 0 0 ]
[ 13 -1536 640 0 0 ]
[ 13 -1664 -896 0 0 ]
[ 13 -1664 -768 0 0 ]
[ 13 -1536 -896 0 0 ]
[ 13 -1536 -768 0 0 ]
[ 13 -1409 -1280 0 0 ]
[ 13 -1409 -1152 0 0 ]
[ 13 -1409 -1024 0 0 ]
[ 13 -1280 -1280 0 0 ]
[ 13 -1280 -1152 0 0 ]
[ 13 -1280 -1024 0 0 ]
[ 13 -1152 -1280 0 0 ]
[ 13 -1152 -1152 0 0 ]
[ 13 -1152 -1024 0 0 ]
[ 13 -1024 -1280 0 0 ]
[ 13 -1024 -1152 0 0 ]
[ 13 -1024 -1024 0 0 ]
[ 13 -896 -1280 0 0 ]
[ 13 -896 -1152 0 0 ]
[ 13 -896 -1024 0 0 ]
[ 13 -768 -1280 0 0 ]
[ 13 -768 -1152 0 0 ]
[ 13 -768 -1024 0 0 ]
[ 13 -640 -1280 0 0 ]
[ 13 -640 -1152 0 0 ]
[ 13 -640 -1024 0 0 ]
[ 13 -512 -1280 0 0 ]
[ 13 -512 -1152 0 0 ]
[ 13 -512 -1024 0 0 ]
[ 13 -384 -1280 0 0 ]
[ 13 -384 -1152 0 0 ]
[ 13 -384 -1024 0 0 ]
[ 13 -256 -1280 0 0 ]
[ 13 -256 -1152 0 0 ]
[ 13 -256 -1024 0 0 ]
[ 13 0 -1280 0 0 ]
[ 13 0 -1152 0 0 ]
[ 13 128 -1280 0 0 ]
[ 13 128 -1152 0 0 ]
[ 13 256 -1280 0 0 ]
[ 13 256 -1152 0 0 ]
[ 13 384 -1280 0 0 ]
[ 13 384 -1152 0 0 ]
[ 13 512 -1152 0 0 ]
[ 13 -1280 -1408 0 0 ]
[ 13 -1152 -1408 0 0 ]
[ 13 -1024 -1408 0 0 ]
[ 13 -896 -1408 0 0 ]
[ 13 -768 -1408 0 0 ]
[ 13 -640 -1408 0 0 ]
[ 13 -512 -1408 0 0 ]
[ 13 -384 -1408 0 0 ]
[ 13 -256 -1408 0 0 ]
[ 13 0 -1408 0 0 ]
[ 13 128 -1408 0 0 ]
[ 13 256 -1408 0 0 ]
[ 13 -1152 -1536 0 0 ]
[ 13 -1024 -1536 0 0 ]
[ 13 -896 -1536 0 0 ]
[ 13 -768 -1536 0 0 ]
[ 13 -640 -1536 0 0 ]
[ 13 -512 -1536 0 0 ]
[ 13 -384 -1536 0 0 ]
[ 13 -256 -1536 0 0 ]
[ 13 0 -1536 0 0 ]
[ 13 -768 -1664 0 0 ]
[ 13 -640 -1664 0 0 ]
[ 13 -512 -1664 0 0 ]
[ 13 -384 -1664 0 0 ]
[ 13 -1152 1664 0 0 ]
[ 13 -1024 1664 0 0 ]
[ 13 -896 1664 0 0 ]
[ 13 -768 1664 0 0 ]
[ 13 -640 1664 0 0 ]
[ 13 -513 1664 0 0 ]
[ 13 -384 1664 0 0 ]
[ 13 -256 1664 0 0 ]
[ 13 -128 1664 0 0 ]
[ 13 0 1664 0 0 ]
[ 13 128 1664 0 0 ]
[ 13 1152 1664 0 0 ]
[ 13 1280 1664 0 0 ]
[ 13 1408 1664 0 0 ]
[ 13 1792 1664 0 0 ]
[ 13 1920 1664 0 0 ]
[ 13 2048 1664 0 0 ]
[ 13 2176 1664 0 0 ]
[ 13 2304 1664 0 0 ]
[ 13 2432 1664 0 0 ]
[ 13 2560 1664 0 0 ]
[ 13 2688 1664 0 0 ]
[ 13 2816 1664 0 0 ]
[ 13 2944 1664 0 0 ]
[ 13 -896 1792 0 0 ]
[ 13 -768 1792 0 0 ]
[ 13 -640 1792 0 0 ]
[ 13 -513 1792 0 0 ]
[ 13 -384 1792 0 0 ]
[ 13 -256 1792 0 0 ]
[ 13 -128 1792 0 0 ]
[ 13 0 1792 0 0 ]
[ 13 128 1792 0 0 ]
[ 13 1664 1792 0 0 ]
[ 13 2688 1792 0 0 ]
[ 13 2816 1792 0 0 ]
[ 13 -768 1920 0 0 ]
[ 13 -640 1920 90 0 ]
[ 13 -513 1920 90 0 ]
[ 13 -384 1920 0 0 ]
[ 13 -256 1920 0 0 ]
[ 13 -128 1920 0 0 ]
[ 13 0 1920 0 0 ]
[ 13 128 1920 0 0 ]
[ 13 1152 1920 0 0 ]
[ 13 1280 1920 0 0 ]
[ 13 1408 1920 0 0 ]
[ 13 1536 1920 0 0 ]
[ 13 1664 1920 0 0 ]
[ 13 1792 1920 0 0 ]
[ 13 1920 1920 0 0 ]
[ 13 2048 1920 0 0 ]
[ 13 2176 1920 0 0 ]
[ 13 2432 1920 0 0 ]
[ 13 2560 1920 0 0 ]
[ 13 2688 1920 0 0 ]
[ 13 -640 2048 0 0 ]
[ 13 -513 2048 0 0 ]
[ 13 -384 2048 0 0 ]
[ 13 -256 2048 0 0 ]
[ 13 -128 2048 0 0 ]
[ 13 0 2048 0 0 ]
[ 13 128 2048 0 0 ]
[ 13 1152 2048 0 0 ]
[ 13 1280 2048 0 0 ]
[ 13 2176 2048 0 0 ]
[ 13 2432 2048 0 0 ]
[ 13 2560 2048 0 0 ]
[ 13 -640 2176 0 0 ]
[ 13 -513 2176 0 0 ]
[ 13 -384 2176 0 0 ]
[ 13 -384 2304 0 0 ]
[ 13 -256 2176 0 0 ]
[ 13 -256 2304 0 0 ]
[ 13 -128 2176 0 0 ]
[ 13 -128 2304 0 0 ]
[ 13 0 2176 0 0 ]
[ 13 0 2304 0 0 ]
[ 13 128 2176 0 0 ]
[ 13 128 2304 0 0 ]
[ 13 1152 2176 0 0 ]
[ 13 1280 2176 0 0 ]
[ 13 1280 2304 0 0 ]
[ 13 1536 2304 0 0 ]
[ 13 1792 2176 0 0 ]
[ 13 1792 2304 0 0 ]
[ 13 1920 2176 0 0 ]
[ 13 1920 2304 0 0 ]
[ 13 2048 2176 0 0 ]
[ 13 2048 2304 0 0 ]
[ 13 2176 2176 0 0 ]
[ 13 2176 2304 0 0 ]
[ 13 2304 2304 0 0 ]
[ 13 2432 2176 0 0 ]
[ 13 -256 2432 0 0 ]
[ 13 -128 2432 0 0 ]
[ 13 0 2432 0 0 ]
[ 13 0 2560 0 0 ]
[ 13 128 2432 0 0 ]
[ 13 128 2560 0 0 ]
[ 13 1152 2432 0 0 ]
[ 13 1152 2560 0 0 ]
[ 13 1280 2432 0 0 ]
[ 13 1280 2560 0 0 ]
[ 13 1536 2432 0 0 ]
[ 13 1536 2560 0 0 ]
[ 13 1792 2432 0 0 ]
[ 13 1792 2560 0 0 ]
[ 13 1920 2432 0 0 ]
[ 13 1920 2560 0 0 ]
[ 13 2048 2432 0 0 ]
[ 13 2176 2432 0 0 ]
[ 13 128 2688 0 0 ]
[ 13 1152 2688 0 0 ]
[ 13 1152 2815 0 0 ]
[ 13 1280 2688 0 0 ]
[ 13 1408 2688 0 0 ]
[ 13 1536 2688 0 0 ]
[ 13 1536 2815 0 0 ]
[ 13 1664 2688 0 0 ]
[ 13 1664 2815 0 0 ]
[ 13 1792 2688 0 0 ]
[ 13 1152 2944 0 0 ]
[ 13 1152 3072 0 0 ]
[ 13 1280 2944 0 0 ]
[ 13 1280 3072 0 0 ]
[ 13 1408 2944 0 0 ]
[ 13 1152 3200 0 0 ]
[ 13 1152 3328 0 0 ]
[ 13 -128 2560 0 0 ]
[ 13 1536 2944 0 0 ]
[ 13 1664 2944 0 0 ]
[ 13 -1664 640 0 0 ]
[ 13 -1664 768 0 0 ]
[ 24 896 -384 90 lmode 0 1 ]
[ 24 1024 -384 90 lmode 0 1 ]
[ 24 896 -256 90 lmode 0 1 ]
[ 24 1024 -256 90 lmode 0 1 ]
[ 24 1024 -128 90 lmode 0 1 ]
[ 24 1024 0 90 lmode 0 1 ]
[ 24 1024 768 90 lmode 0 1 ]
[ 24 1024 640 90 lmode 0 1 ]
[ 24 1024 512 90 lmode 0 1 ]
[ 24 896 256 90 lmode 0 1 ]
[ 24 896 -128 90 lmode 0 1 ]
[ 24 896 0 90 lmode 0 1 ]
[ 24 896 128 90 lmode 0 1 ]
[ 24 1024 128 90 lmode 0 1 ]
[ 24 1024 256 90 lmode 0 1 ]
[ 24 1024 384 90 lmode 0 1 ]
[ 24 896 384 90 lmode 0 1 ]
[ 24 896 512 90 lmode 0 1 ]
[ 24 896 640 90 lmode 0 1 ]
[ 24 896 768 90 lmode 0 1 ]
[ 13 1152 512 90 0 ]
[ 13 1152 640 90 0 ]
[ 13 1152 768 90 0 ]
[ 13 1152 896 90 0 ]
[ 24 896 896 90 lmode 0 1 ]
[ 24 1024 896 90 lmode 0 1 ]
[ 24 1024 1024 90 lmode 0 1 ]
[ 24 896 1408 90 lmode 0 1 ]
[ 24 896 1536 90 lmode 0 1 ]
[ 24 896 1664 90 lmode 0 1 ]
[ 24 896 1792 90 lmode 0 1 ]
[ 24 1024 1152 90 lmode 0 1 ]
[ 24 896 1024 90 lmode 0 1 ]
[ 24 896 1152 90 lmode 0 1 ]
[ 24 896 1280 90 lmode 0 1 ]
[ 24 1024 1280 90 lmode 0 1 ]
[ 24 1024 1408 90 lmode 0 1 ]
[ 24 1024 1536 90 lmode 0 1 ]
[ 24 1024 1664 90 lmode 0 1 ]
[ 24 1024 1792 90 lmode 0 1 ]
[ 24 1024 1920 90 lmode 0 1 ]
[ 24 1024 2048 90 lmode 0 1 ]
[ 24 1024 2176 90 lmode 0 1 ]
[ 24 896 1920 90 lmode 0 1 ]
[ 24 896 2048 90 lmode 0 1 ]
[ 24 896 2176 90 lmode 0 1 ]
[ 24 896 2304 90 lmode 0 1 ]
[ 24 896 2432 90 lmode 0 1 ]
[ 24 896 2560 90 lmode 0 1 ]
[ 24 896 2688 90 lmode 0 1 ]
[ 24 896 2816 90 lmode 0 1 ]
[ 24 896 2944 90 lmode 0 1 ]
[ 24 896 3072 90 lmode 0 1 ]
[ 24 896 3200 90 lmode 0 1 ]
[ 24 896 3328 90 lmode 0 1 ]
[ 24 1024 3328 90 lmode 0 1 ]
[ 24 1024 3200 90 lmode 0 1 ]
[ 24 1024 3072 90 lmode 0 1 ]
[ 24 1024 2944 90 lmode 0 1 ]
[ 24 1024 2816 90 lmode 0 1 ]
[ 24 1024 2688 90 lmode 0 1 ]
[ 24 1024 2560 90 lmode 0 1 ]
[ 24 1024 2432 90 lmode 0 1 ]
[ 24 1024 2304 90 lmode 0 1 ]
[ 13 -128 -1408 270 0 ]
[ 13 -128 -1280 270 0 ]
[ 13 -128 -1152 270 0 ]
[ 13 512 128 270 0 ]
[ 13 512 256 270 0 ]
[ 13 128 768 270 0 ]
[ 13 -128 -1024 270 0 ]
[ 13 -128 -896 270 0 ]
[ 13 -128 -769 270 0 ]
[ 13 -128 -640 270 0 ]
[ 13 -128 -512 270 0 ]
[ 13 -128 -384 270 0 ]
[ 13 -128 -256 270 0 ]
[ 13 -128 -128 270 0 ]
[ 13 -128 0 270 0 ]
[ 13 0 -1024 270 0 ]
[ 13 0 -896 270 0 ]
[ 13 0 -769 270 0 ]
[ 13 0 -640 270 0 ]
[ 13 0 -512 270 0 ]
[ 13 0 -384 270 0 ]
[ 13 0 -256 270 0 ]
[ 13 0 -128 270 0 ]
[ 13 0 0 270 0 ]
[ 13 128 -1024 270 0 ]
[ 13 128 -896 270 0 ]
[ 13 128 -769 270 0 ]
[ 13 128 -640 270 0 ]
[ 13 128 -512 270 0 ]
[ 13 128 -384 270 0 ]
[ 13 128 -256 270 0 ]
[ 13 128 -128 270 0 ]
[ 13 128 0 270 0 ]
[ 13 256 -1024 270 0 ]
[ 13 256 -896 270 0 ]
[ 13 256 -769 270 0 ]
[ 13 256 -640 270 0 ]
[ 13 256 -512 270 0 ]
[ 13 256 -384 270 0 ]
[ 13 256 -256 270 0 ]
[ 13 256 -128 270 0 ]
[ 13 256 0 270 0 ]
[ 13 384 -1024 270 0 ]
[ 13 384 -896 270 0 ]
[ 13 384 -769 270 0 ]
[ 13 384 -640 270 0 ]
[ 13 384 -512 270 0 ]
[ 13 384 -384 270 0 ]
[ 13 384 -256 270 0 ]
[ 13 384 -128 270 0 ]
[ 13 384 0 270 0 ]
[ 13 512 -1024 270 0 ]
[ 13 512 -896 270 0 ]
[ 13 512 -769 270 0 ]
[ 13 512 -640 270 0 ]
[ 13 512 -512 270 0 ]
[ 13 512 -384 270 0 ]
[ 13 512 -256 270 0 ]
[ 13 512 -128 270 0 ]
[ 13 512 0 270 0 ]
[ 13 640 -1024 270 0 ]
[ 13 640 -896 270 0 ]
[ 13 640 -769 270 0 ]
[ 13 640 -640 270 0 ]
[ 13 640 -512 270 0 ]
[ 13 640 -384 270 0 ]
[ 13 640 -256 270 0 ]
[ 13 640 -128 270 0 ]
[ 13 640 0 270 0 ]
[ 13 640 128 270 0 ]
[ 13 640 256 270 0 ]
[ 13 768 -640 270 0 ]
[ 13 768 -512 270 0 ]
[ 13 768 -384 270 0 ]
[ 13 768 -256 270 0 ]
[ 13 768 -128 270 0 ]
[ 13 768 0 270 0 ]
[ 13 768 128 270 0 ]
[ 13 768 256 270 0 ]
[ 13 -1152 384 270 0 ]
[ 13 -1152 512 270 0 ]
[ 13 -1152 640 270 0 ]
[ 13 -1152 768 270 0 ]
[ 13 -1152 896 270 0 ]
[ 13 -1024 384 270 0 ]
[ 13 -1024 512 270 0 ]
[ 13 -1024 640 270 0 ]
[ 13 -1024 768 270 0 ]
[ 13 -1024 896 270 0 ]
[ 13 -896 384 270 0 ]
[ 13 -896 512 270 0 ]
[ 13 -896 640 270 0 ]
[ 13 -896 768 270 0 ]
[ 13 -896 896 270 0 ]
[ 13 -768 384 270 0 ]
[ 13 -768 512 270 0 ]
[ 13 -768 640 270 0 ]
[ 13 -768 768 270 0 ]
[ 13 -768 896 270 0 ]
[ 13 -640 384 270 0 ]
[ 13 -640 512 270 0 ]
[ 13 -640 640 270 0 ]
[ 13 -640 768 270 0 ]
[ 13 -640 896 270 0 ]
[ 13 -512 384 270 0 ]
[ 13 -512 512 270 0 ]
[ 13 -512 640 270 0 ]
[ 13 -512 768 270 0 ]
[ 13 -512 896 270 0 ]
[ 13 256 384 270 0 ]
[ 13 256 512 270 0 ]
[ 13 256 640 270 0 ]
[ 13 256 768 270 0 ]
[ 13 256 896 270 0 ]
[ 13 256 1024 270 0 ]
[ 13 256 1152 270 0 ]
[ 13 256 1280 270 0 ]
[ 13 256 1408 270 0 ]
[ 13 256 1536 270 0 ]
[ 13 256 1664 270 0 ]
[ 13 256 1792 270 0 ]
[ 13 256 1920 360 0 ]
[ 13 256 2048 360 0 ]
[ 13 256 2176 270 0 ]
[ 13 256 2303 270 0 ]
[ 13 256 2432 270 0 ]
[ 13 256 2560 270 0 ]
[ 13 256 2688 270 0 ]
[ 13 256 2816 270 0 ]
[ 13 384 384 270 0 ]
[ 13 384 512 270 0 ]
[ 13 384 640 270 0 ]
[ 13 384 768 270 0 ]
[ 13 384 896 270 0 ]
[ 13 384 1024 270 0 ]
[ 13 384 1152 270 0 ]
[ 13 384 1280 270 0 ]
[ 13 384 1408 270 0 ]
[ 13 384 1536 270 0 ]
[ 13 384 1664 270 0 ]
[ 13 384 1792 270 0 ]
[ 13 384 1920 360 0 ]
[ 13 384 2048 360 0 ]
[ 13 384 2176 270 0 ]
[ 13 384 2303 270 0 ]
[ 13 384 2432 270 0 ]
[ 13 384 2560 270 0 ]
[ 13 384 2688 270 0 ]
[ 13 384 2816 270 0 ]
[ 13 384 2944 270 0 ]
[ 13 512 384 270 0 ]
[ 13 512 512 270 0 ]
[ 13 512 640 270 0 ]
[ 13 512 768 270 0 ]
[ 13 512 896 270 0 ]
[ 13 512 1024 270 0 ]
[ 13 512 1152 270 0 ]
[ 13 512 1280 270 0 ]
[ 13 512 1408 270 0 ]
[ 13 512 1536 270 0 ]
[ 13 512 1664 270 0 ]
[ 13 512 1792 270 0 ]
[ 13 512 1920 270 0 ]
[ 13 512 2048 270 0 ]
[ 13 512 2176 270 0 ]
[ 13 512 2303 270 0 ]
[ 13 512 2432 270 0 ]
[ 13 512 2560 270 0 ]
[ 13 512 2688 270 0 ]
[ 13 512 2816 270 0 ]
[ 13 512 2944 270 0 ]
[ 13 512 3072 270 0 ]
[ 13 640 384 270 0 ]
[ 13 640 512 270 0 ]
[ 13 640 640 270 0 ]
[ 13 640 768 270 0 ]
[ 13 640 896 270 0 ]
[ 13 640 1024 270 0 ]
[ 13 640 1152 270 0 ]
[ 13 640 1280 270 0 ]
[ 13 640 1408 270 0 ]
[ 13 640 1536 270 0 ]
[ 13 640 1664 270 0 ]
[ 13 640 1792 270 0 ]
[ 13 640 1920 270 0 ]
[ 13 640 2048 270 0 ]
[ 13 640 2176 270 0 ]
[ 13 640 2303 270 0 ]
[ 13 640 2432 270 0 ]
[ 13 640 2560 270 0 ]
[ 13 640 2688 270 0 ]
[ 13 640 2816 270 0 ]
[ 13 640 2944 270 0 ]
[ 13 640 3072 270 0 ]
[ 13 768 384 270 0 ]
[ 13 768 512 270 0 ]
[ 13 768 640 270 0 ]
[ 13 768 768 270 0 ]
[ 13 768 896 270 0 ]
[ 13 768 1024 270 0 ]
[ 13 768 1152 270 0 ]
[ 13 768 1280 270 0 ]
[ 13 768 1408 270 0 ]
[ 13 768 1536 270 0 ]
[ 13 768 1664 270 0 ]
[ 13 768 1792 270 0 ]
[ 13 768 1920 270 0 ]
[ 13 768 2048 270 0 ]
[ 13 768 2176 270 0 ]
[ 13 768 2303 270 0 ]
[ 13 768 2432 270 0 ]
[ 13 768 2560 270 0 ]
[ 13 768 2688 270 0 ]
[ 13 768 2816 270 0 ]
[ 13 768 2944 270 0 ]
[ 13 768 3072 270 0 ]
[ 13 768 3200 270 0 ]
[ 21 0 7168 0 0 ]
[ 21 128 7168 0 0 ]
[ 21 128 7424 0 0 ]
[ 21 256 7808 0 0 ]
[ 21 384 7296 0 0 ]
[ 21 512 7296 0 0 ]
[ 21 640 7296 0 0 ]
[ 21 1152 7552 0 0 ]
[ 21 1279 7552 0 0 ]
[ 21 1279 7424 0 0 ]
[ 21 1152 7424 0 0 ]
[ 21 1152 7296 0 0 ]
[ 21 1024 7296 0 0 ]
[ 21 1024 7168 0 0 ]
[ 21 896 7168 0 0 ]
[ 21 896 7296 0 0 ]
[ 21 768 7296 0 0 ]
[ 21 768 7424 0 0 ]
[ 21 640 7424 0 0 ]
[ 21 384 7424 0 0 ]
[ 21 256 7424 0 0 ]
[ 21 256 7296 0 0 ]
[ 21 128 7296 0 0 ]
[ 21 0 7296 0 0 ]
[ 21 0 7424 0 0 ]
[ 21 -128 7296 0 0 ]
[ 21 -128 7424 0 0 ]
[ 21 -256 7680 0 0 ]
[ 21 -256 7552 0 0 ]
[ 21 -256 7424 0 0 ]
[ 21 0 7808 0 0 ]
[ 21 256 8192 0 0 ]
[ 21 384 8192 0 0 ]
[ 21 384 8320 0 0 ]
[ 21 384 8448 0 0 ]
[ 21 512 8576 0 0 ]
[ 21 512 8832 0 0 ]
[ 21 512 8704 0 0 ]
[ 21 640 8704 0 0 ]
[ 21 640 8576 0 0 ]
[ 21 768 8576 0 0 ]
[ 21 768 8448 0 0 ]
[ 21 896 8320 0 0 ]
[ 21 896 8192 0 0 ]
[ 21 1024 7936 0 0 ]
[ 21 1152 7808 0 0 ]
[ 21 1279 7680 0 0 ]
[ 21 1024 8192 0 0 ]
[ 21 1024 8064 0 0 ]
[ 21 1152 7936 0 0 ]
[ 21 1152 7680 0 0 ]
[ 21 1024 7552 0 0 ]
[ 21 768 7552 0 0 ]
[ 21 384 7552 0 0 ]
[ 21 256 7552 0 0 ]
[ 21 128 7552 0 0 ]
[ 21 0 7552 0 0 ]
[ 21 -128 7552 0 0 ]
[ 21 -128 7680 0 0 ]
[ 21 -128 7808 0 0 ]
[ 21 -128 7936 0 0 ]
[ 21 0 7936 0 0 ]
[ 21 128 8064 0 0 ]
[ 21 256 8320 0 0 ]
[ 21 384 8704 0 0 ]
[ 21 384 8576 0 0 ]
[ 21 256 8576 0 0 ]
[ 21 256 8448 0 0 ]
[ 21 128 8320 0 0 ]
[ 21 128 8192 0 0 ]
[ 21 0 8192 0 0 ]
[ 21 0 8064 0 0 ]
[ 21 0 7680 0 0 ]
[ 21 128 7680 0 0 ]
[ 21 128 7808 0 0 ]
[ 21 128 7936 0 0 ]
[ 21 256 7936 0 0 ]
[ 21 256 8064 0 0 ]
[ 21 512 8192 0 0 ]
[ 21 640 8192 0 0 ]
[ 21 640 8448 0 0 ]
[ 21 512 8448 0 0 ]
[ 21 512 8320 0 0 ]
[ 21 640 8320 0 0 ]
[ 21 768 8320 0 0 ]
[ 21 768 8192 0 0 ]
[ 21 896 8064 0 0 ]
[ 21 896 7680 0 0 ]
[ 21 896 7552 0 0 ]
[ 21 896 7424 0 0 ]
[ 21 1024 7424 0 0 ]
[ 21 1024 7680 0 0 ]
[ 21 1024 7808 0 0 ]
[ 21 896 7808 0 0 ]
[ 21 896 7936 0 0 ]
[ 21 640 7936 0 0 ]
[ 21 384 8064 0 0 ]
[ 21 384 7936 0 0 ]
[ 21 512 7552 0 0 ]
[ 21 640 7552 0 0 ]
[ 21 768 7936 0 0 ]
[ 21 768 8064 0 0 ]
[ 21 640 8064 0 0 ]
[ 21 512 8064 0 0 ]
[ 21 512 7936 0 0 ]
[ 21 768 7680 0 0 ]
[ 21 768 7808 0 0 ]
[ 21 640 7680 0 0 ]
[ 21 512 7680 0 0 ]
[ 21 256 7680 0 0 ]
[ 21 384 7680 0 0 ]
[ 21 384 7808 0 0 ]
[ 21 512 7808 0 0 ]
[ 21 640 7808 0 0 ]
[ 18 1280 3200 270 13 ]
[ 6 2816 -896 90 0 ]
[ 6 2688 -896 90 0 ]
[ 10 2688 -768 270 1 ]
[ 10 2816 -768 270 1 ]
[ 13 3072 -128 270 0 ]
[ 13 3456 384 270 0 ]
[ 13 3456 256 270 0 ]
[ 13 3456 128 270 0 ]
[ 13 2304 128 270 0 ]
[ 13 1408 384 270 0 ]
[ 13 1408 256 270 0 ]
[ 13 1664 768 270 0 ]
[ 13 1664 1664 270 0 ]
[ 13 2688 768 270 0 ]
[ 13 2432 1536 270 0 ]
[ 13 1536 2176 270 0 ]
[ 13 2048 2560 270 0 ]
[ 102 640 3072 96 0 5504 ]
[ 102 496 7424 157 656 -4352 ]
[ 104 2564 -995 Collect_all_non-rose_mystery_blocks! ]
[ 104 1456 3231 Bad_joke... ]
[ 104 1679 -633 Are_you_still ]
[ 104 1719 -596 there? ]
[ 104 3043 539 In_my_heart_forever ]
[ 104 2957 923 Isn't_hard_to_love..._I_must_finish_this_game ]
[ 104 2075 262 Paths_to_this_heart_are ]
[ 104 2052 304 complicated,_but_available ]
[ 104 2584 412 For_everyone ]
[ 104 1798 1795 Loveship,_friendship..._No,_just__a_game._These_texts_don't_mean ]
[ 104 1828 1835 anything._I'm_just_bored._But_if_you_like_making_theories... ]
[ 104 2341 -251 Computer,_visual_studio_and ]
[ 104 2338 -216 YouTube_-_recept_of_hapiness ]
[ 104 3351 -358 Okay,_why_are_you_reading_this? ]
[ 104 1566 648 Something_deep_and ]
[ 104 1651 688 emotional ]
[ 104 1863 -1382 I_have_no_ideas ]
[ 104 1574 1545 You're_not_a_human,_you're_just_a_Cubic. ]
[ 104 1617 1585 Behave_like_a_Cubic._No_romantic ]
[ 104 1427 -252 No,_I_haven't_fell_in_love._I_just_want_to_add ]
[ 104 1505 -211 some_philosophy_to__his_game) ]
[ 104 1926 2308 Welcome_to_the ]
[ 104 1962 2345 heart_zone ]
[ 104 1775 -211 t ]
[ 104 1965 -1657 Text_block_was_a_really_good_idea,_isn't_it?_You've_read_everything..._Yeah..._That_was ]
[ 104 2002 -1619 interesting..._But_why_it_was_interesting?_It's_just_a_text_about_some_things,_LOL ]
Electric
PLayer -520.073 -1167.95