Does_not_exist
Map_basic
[ 9 384 1280 360 0 ]
[ 9 639 1280 0 0 ]
[ 9 768 1280 0 0 ]
[ 9 896 1280 0 0 ]
[ 9 1024 1280 0 0 ]
[ 9 1152 1280 0 0 ]
[ 9 1280 1280 0 0 ]
[ 9 1408 1280 0 0 ]
[ 9 1536 1280 0 0 ]
[ 9 1664 1280 0 0 ]
[ 9 1792 1280 0 0 ]
[ 9 1920 1280 0 0 ]
[ 9 2176 1280 0 0 ]
[ 9 2304 1152 90 0 ]
[ 9 2304 896 90 0 ]
[ 9 2304 768 90 0 ]
[ 9 2304 640 90 0 ]
[ 9 2304 384 90 0 ]
[ 9 256 384 90 0 ]
[ 9 256 640 90 0 ]
[ 9 256 768 90 0 ]
[ 9 256 896 90 0 ]
[ 9 256 1152 90 0 ]
[ 9 384 256 180 0 ]
[ 9 639 256 180 0 ]
[ 9 768 256 180 0 ]
[ 9 896 256 180 0 ]
[ 9 1024 256 180 0 ]
[ 9 1152 256 180 0 ]
[ 9 1280 256 180 0 ]
[ 9 1408 256 180 0 ]
[ 9 1536 256 180 0 ]
[ 9 1664 256 180 0 ]
[ 9 1792 256 180 0 ]
[ 9 1920 256 180 0 ]
[ 9 2176 256 180 0 ]
[ 8 512 512 180 0 ]
[ 8 512 1024 180 0 ]
[ 9 639 1024 180 0 ]
[ 9 768 1024 180 0 ]
[ 9 896 1024 180 0 ]
[ 9 1024 1024 180 0 ]
[ 9 1152 1024 180 0 ]
[ 9 1280 1024 180 0 ]
[ 9 1408 1024 180 0 ]
[ 9 1664 1024 180 0 ]
[ 9 1920 1024 180 0 ]
[ 8 2048 1024 180 0 ]
[ 8 2048 512 180 0 ]
[ 9 2048 640 270 0 ]
[ 9 2048 768 270 0 ]
[ 9 2048 896 270 0 ]
[ 9 1920 512 0 0 ]
[ 9 1664 512 0 0 ]
[ 9 1280 512 0 0 ]
[ 9 1152 512 0 0 ]
[ 9 1024 512 0 0 ]
[ 9 896 512 0 0 ]
[ 9 768 512 0 0 ]
[ 9 639 512 0 0 ]
[ 16 256 256 270 1 ]
[ 16 2304 256 270 1 ]
[ 16 2304 1280 270 1 ]
[ 16 256 1280 270 1 ]
[ 3 2304 1023 0 0 ]
[ 3 2304 512 0 0 ]
[ 9 1408 512 0 0 ]
[ 8 1792 1024 0 0 ]
[ 8 1792 512 0 0 ]
[ 9 1535 512 0 0 ]
[ 9 1535 1024 180 0 ]
[ 3 256 512 0 0 ]
[ 3 256 1024 0 0 ]
[ 3 512 256 0 0 ]
[ 3 2048 256 0 0 ]
[ 3 2048 1280 0 0 ]
[ 3 512 1280 0 0 ]
Movables
[ 383 512 2 ]
[ 383 1024 2 ]
Map_floor
[ 19 384 384 0 0 ]
[ 19 512 384 0 0 ]
[ 19 640 384 0 0 ]
[ 19 768 384 0 0 ]
[ 19 896 384 0 0 ]
[ 19 1024 384 0 0 ]
[ 19 1152 384 0 0 ]
[ 19 1280 384 0 0 ]
[ 19 1408 384 0 0 ]
[ 19 1536 384 0 0 ]
[ 19 1664 384 0 0 ]
[ 19 1792 384 0 0 ]
[ 19 1920 384 0 0 ]
[ 19 2048 384 0 0 ]
[ 19 2176 384 90 0 ]
[ 19 2176 512 90 0 ]
[ 19 2176 640 90 0 ]
[ 19 2176 768 90 0 ]
[ 19 2176 896 90 0 ]
[ 19 2176 1024 90 0 ]
[ 19 2176 1152 180 0 ]
[ 19 2048 1152 180 0 ]
[ 19 1920 1152 180 0 ]
[ 19 1792 1152 180 0 ]
[ 19 1664 1152 180 0 ]
[ 19 1536 1152 180 0 ]
[ 19 1408 1152 180 0 ]
[ 19 1280 1152 180 0 ]
[ 19 1152 1152 180 0 ]
[ 19 1024 1152 180 0 ]
[ 19 896 1152 180 0 ]
[ 19 768 1152 180 0 ]
[ 19 640 1152 180 0 ]
[ 19 512 1152 180 0 ]
[ 19 384 1152 270 0 ]
[ 19 384 1024 270 0 ]
[ 19 384 896 270 0 ]
[ 19 384 768 270 0 ]
[ 19 384 640 270 0 ]
[ 19 384 512 270 0 ]
[ 19 384 384 630 0 ]
[ 19 2176 384 360 0 ]
[ 19 2176 1152 450 0 ]
[ 19 384 1152 270 0 ]
[ 12 1792 640 0 5 ]
[ 12 1792 896 0 5 ]
[ 12 1792 768 0 5 ]
[ 6 1920 640 180 0 ]
[ 6 1920 768 180 0 ]
[ 6 1920 896 180 0 ]
[ 22 640 896 180 0 ]
[ 22 768 896 180 0 ]
[ 22 896 896 180 0 ]
[ 22 1024 896 180 0 ]
[ 22 1152 896 180 0 ]
[ 22 1664 896 180 0 ]
[ 22 1536 896 180 0 ]
[ 22 1408 896 180 0 ]
[ 22 1280 896 180 0 ]
[ 22 1664 768 180 0 ]
[ 22 1664 640 180 0 ]
[ 22 1536 640 180 0 ]
[ 22 1408 640 180 0 ]
[ 22 1280 640 180 0 ]
[ 22 1152 640 180 0 ]
[ 22 1024 640 180 0 ]
[ 22 896 640 180 0 ]
[ 22 768 640 180 0 ]
[ 22 640 640 180 0 ]
[ 22 640 768 180 0 ]
[ 22 768 768 180 0 ]
[ 22 896 768 180 0 ]
[ 22 1024 768 180 0 ]
[ 22 1152 768 180 0 ]
[ 22 1280 768 180 0 ]
[ 22 1408 768 180 0 ]
[ 22 1536 768 180 0 ]
[ 4 512 640 180 0 ]
[ 4 512 768 180 0 ]
[ 4 512 896 180 0 ]
[ 100 1280 768 1171 ]
[ 103 384 768 441 0.708412 ]
Electric
PLayer 372.886 765.67