Does_not_exist
Map_basic
[ 1 128 256 180 3 ]
[ 1 1152 256 180 4 ]
[ 1 128 767 90 0 ]
[ 1 1152 767 180 4 ]
[ 1 1664 767 0 1 ]
[ 1 128 1280 270 5 ]
[ 1 640 1280 90 5 ]
[ 1 1664 1280 270 0 ]
[ 1 2176 256 0 5 ]
[ 1 2176 768 270 1 ]
[ 1 2176 1280 0 0 ]
[ 1 2688 256 90 0 ]
[ 1 2688 1280 0 5 ]
[ 1 2688 768 270 0 ]
[ 7 384 1280 0 0 ]
[ 7 256 1280 0 0 ]
[ 7 512 1280 0 0 ]
[ 7 768 1280 0 0 ]
[ 7 896 1280 0 0 ]
[ 7 1024 1280 0 0 ]
[ 7 1280 1280 0 0 ]
[ 7 1408 1280 0 0 ]
[ 7 1536 1280 0 0 ]
[ 7 1792 1280 0 0 ]
[ 7 1920 1280 0 0 ]
[ 7 2048 1280 0 0 ]
[ 7 2304 1280 0 0 ]
[ 7 2432 1280 0 0 ]
[ 7 2560 1280 0 0 ]
[ 7 2688 1152 90 0 ]
[ 7 2688 1024 90 0 ]
[ 7 2688 896 90 0 ]
[ 7 2688 640 90 0 ]
[ 7 2688 512 90 0 ]
[ 7 2688 384 90 0 ]
[ 7 128 384 90 0 ]
[ 7 128 512 90 0 ]
[ 7 128 640 90 0 ]
[ 7 128 896 90 0 ]
[ 7 128 1024 90 0 ]
[ 7 128 1152 90 0 ]
[ 7 256 256 360 0 ]
[ 7 384 256 180 0 ]
[ 7 512 256 180 0 ]
[ 7 768 256 180 0 ]
[ 7 896 256 180 0 ]
[ 7 1024 256 180 0 ]
[ 7 1280 256 180 0 ]
[ 7 1408 256 180 0 ]
[ 7 1536 256 180 0 ]
[ 7 1792 256 180 0 ]
[ 7 1920 256 180 0 ]
[ 7 2048 256 180 0 ]
[ 7 2304 256 180 0 ]
[ 7 2432 256 180 0 ]
[ 7 2560 256 180 0 ]
[ 7 640 896 90 0 ]
[ 7 640 1024 90 0 ]
[ 7 640 1152 90 0 ]
[ 7 640 256 540 0 ]
[ 7 1792 768 180 0 ]
[ 7 1920 768 180 0 ]
[ 7 2048 768 180 0 ]
[ 7 2560 768 180 0 ]
[ 7 2432 768 180 0 ]
[ 7 2304 768 180 0 ]
[ 3 2432 1024 0 1 ]
[ 6 1408 1024 0 1 ]
[ 18 1920 512 0 1 ]
[ 3 2432 512 0 1 ]
[ 3 640 768 0 1 ]
[ 19 1663 256 0 1 ]
[ 3 1152 1280 0 1 ]
Movables
[ 384 1024 3 ]
[ 896 1024 3 ]
Map_floor
[ 2 512 768 0 dmode 0 0 ]
[ 2 384 768 0 dmode 0 0 ]
[ 2 256 768 0 dmode 0 0 ]
[ 2 768 768 180 dmode 0 0 ]
[ 2 896 768 180 dmode 0 0 ]
[ 2 1024 768 180 dmode 0 0 ]
[ 17 384 512 180 dmode 0 0 ]
[ 3 1152 640 270 dmode 0 1 ]
[ 3 1152 512 270 dmode 0 1 ]
[ 3 1152 384 270 dmode 0 1 ]
[ 17 896 512 180 dmode 1 0 ]
[ 3 1280 768 360 dmode 1 1 ]
[ 3 1408 768 0 dmode 1 1 ]
[ 3 1536 768 0 dmode 1 1 ]
[ 3 2175 896 270 dmode 2 1 ]
[ 3 2175 1024 270 dmode 2 1 ]
[ 3 2175 1152 270 dmode 2 1 ]
[ 2 1664 896 270 dmode 2 0 ]
[ 2 1664 1024 270 dmode 2 0 ]
[ 2 1664 1152 270 dmode 2 0 ]
[ 17 1920 1024 270 dmode 2 0 ]
[ 3 2175 384 270 dmode 3 1 ]
[ 3 2175 512 270 dmode 3 1 ]
[ 3 2175 640 270 dmode 3 1 ]
[ 17 1408 384 270 dmode 3 0 ]
[ 2 1664 384 270 dmode 3 0 ]
[ 2 1664 512 270 dmode 3 0 ]
[ 2 1664 640 270 dmode 3 0 ]
[ 6 2304 384 270 0 ]
[ 6 2432 384 270 0 ]
[ 6 2560 384 270 0 ]
[ 6 2560 512 270 0 ]
[ 6 2560 640 270 0 ]
[ 6 2432 640 270 0 ]
[ 6 2304 640 270 0 ]
[ 6 2304 512 270 0 ]
[ 21 640 640 270 0 ]
[ 21 512 640 270 0 ]
[ 21 384 640 270 0 ]
[ 21 256 640 270 0 ]
[ 21 256 512 270 0 ]
[ 21 256 384 270 0 ]
[ 21 384 384 270 0 ]
[ 21 512 384 270 0 ]
[ 21 512 512 270 0 ]
[ 21 640 512 270 0 ]
[ 21 640 384 270 0 ]
[ 21 768 384 270 0 ]
[ 21 896 384 270 0 ]
[ 21 1023 384 270 0 ]
[ 21 1023 512 270 0 ]
[ 21 1023 640 270 0 ]
[ 21 896 640 270 0 ]
[ 21 768 640 270 0 ]
[ 21 768 512 270 0 ]
[ 21 2048 896 270 0 ]
[ 21 2048 1024 270 0 ]
[ 21 2048 1152 270 0 ]
[ 21 1920 1152 270 0 ]
[ 21 1792 1152 270 0 ]
[ 21 1792 1024 270 0 ]
[ 21 1792 896 270 0 ]
[ 21 1920 896 270 0 ]
[ 1 512 1152 0 0 ]
[ 1 512 1024 0 0 ]
[ 1 512 896 0 0 ]
[ 1 384 896 180 0 ]
[ 1 256 896 270 0 ]
[ 1 384 1152 0 0 ]
[ 1 384 1024 270 0 ]
[ 1 256 1024 180 0 ]
[ 1 256 1152 0 0 ]
[ 1 896 1024 0 0 ]
[ 1 768 1024 90 0 ]
[ 1 768 1152 90 0 ]
[ 1 896 1152 180 0 ]
[ 1 1023 1152 0 0 ]
[ 1 1023 1024 90 0 ]
[ 1 1023 896 180 0 ]
[ 1 896 896 270 0 ]
[ 1 768 896 180 0 ]
[ 1 1408 1024 0 0 ]
[ 1 1280 1152 90 0 ]
[ 1 1280 1024 90 0 ]
[ 1 1280 896 180 0 ]
[ 1 1408 896 0 0 ]
[ 1 1536 896 0 0 ]
[ 1 1536 1024 180 0 ]
[ 1 1536 1152 180 0 ]
[ 1 1408 1152 90 0 ]
[ 1 1920 512 90 0 ]
[ 1 2048 512 270 0 ]
[ 1 2048 384 90 0 ]
[ 1 1920 384 90 0 ]
[ 1 1792 384 0 0 ]
[ 1 1792 512 180 0 ]
[ 1 1792 640 90 0 ]
[ 1 1920 640 90 0 ]
[ 1 2048 640 90 0 ]
[ 1 2304 896 0 0 ]
[ 1 2304 1024 270 0 ]
[ 1 2304 1152 180 0 ]
[ 1 2432 1152 90 0 ]
[ 1 2432 896 270 0 ]
[ 1 2560 896 270 0 ]
[ 1 2560 1024 0 0 ]
[ 1 2560 1152 180 0 ]
[ 22 1536 512 270 0 ]
[ 22 1536 640 270 0 ]
[ 22 1408 640 270 0 ]
[ 22 1280 640 270 0 ]
[ 22 1280 512 270 0 ]
[ 19 1536 384 540 0 ]
[ 19 1280 384 360 0 ]
[ 3 1152 1152 90 dmode 4 1 ]
[ 3 1152 1024 90 dmode 4 1 ]
[ 3 1152 896 90 dmode 4 1 ]
[ 22 1408 512 90 0 ]
[ 100 1408 768 1244 ]
Electric
PLayer 631.999 532.446