Does_not_exist
Map_basic
[ 10 -384 0 0 0 ]
[ 10 640 0 0 0 ]
[ 10 -384 512 0 0 ]
[ 10 640 512 0 0 ]
[ 11 -256 0 0 0 ]
[ 11 0 0 0 0 ]
[ 11 256 0 0 0 ]
[ 11 512 0 0 0 ]
[ 11 -256 512 360 0 ]
[ 11 -128 512 0 0 ]
[ 11 0 512 0 0 ]
[ 11 256 512 0 0 ]
[ 11 384 512 0 0 ]
[ 11 512 512 0 0 ]
[ 11 -128 0 180 0 ]
[ 11 384 0 180 0 ]
[ 10 128 512 0 0 ]
[ 15 128 0 0 crystal 0 1 ]
[ 10 1152 0 0 0 ]
[ 10 1152 512 0 0 ]
[ 11 896 512 0 0 ]
[ 11 1024 512 0 0 ]
[ 11 768 512 0 0 ]
[ 11 768 0 0 0 ]
[ 11 896 0 0 0 ]
[ 11 1024 0 0 0 ]
[ 10 1664 0 0 0 ]
[ 10 1664 512 0 0 ]
[ 11 1408 512 0 0 ]
[ 11 1536 512 0 0 ]
[ 11 1280 512 0 0 ]
[ 11 1280 0 0 0 ]
[ 11 1408 0 0 0 ]
[ 11 1536 0 0 0 ]
[ 10 2176 0 0 0 ]
[ 10 2176 512 0 0 ]
[ 11 1920 512 0 0 ]
[ 11 2048 512 0 0 ]
[ 11 1792 512 0 0 ]
[ 11 1792 0 0 0 ]
[ 11 1920 0 0 0 ]
[ 11 2048 0 0 0 ]
[ 10 3200 0 0 0 ]
[ 10 3200 512 0 0 ]
[ 11 2432 512 0 0 ]
[ 11 2560 512 0 0 ]
[ 11 2304 512 0 0 ]
[ 11 2304 0 0 0 ]
[ 11 2432 0 0 0 ]
[ 11 2560 0 0 0 ]
[ 10 3712 0 0 0 ]
[ 10 3712 512 0 0 ]
[ 11 3456 512 0 0 ]
[ 11 3584 512 0 0 ]
[ 11 3328 512 0 0 ]
[ 11 3328 0 0 0 ]
[ 11 3456 0 0 0 ]
[ 11 3584 0 0 0 ]
[ 10 4224 0 0 0 ]
[ 10 4224 512 0 0 ]
[ 11 3968 512 0 0 ]
[ 11 4096 512 0 0 ]
[ 11 3840 512 0 0 ]
[ 11 3840 0 0 0 ]
[ 11 3968 0 0 0 ]
[ 11 4096 0 0 0 ]
[ 11 4224 128 90 0 ]
[ 11 4224 384 90 0 ]
[ 10 2688 0 0 0 ]
[ 10 2688 512 0 0 ]
[ 11 2944 512 0 0 ]
[ 11 3072 512 0 0 ]
[ 11 2816 512 0 0 ]
[ 11 2816 0 0 0 ]
[ 11 2944 0 0 0 ]
[ 11 3072 0 0 0 ]
[ 10 1280 2688 0 0 ]
[ 10 1280 3200 0 0 ]
[ 11 1024 3200 0 0 ]
[ 11 1152 3200 0 0 ]
[ 11 896 3200 0 0 ]
[ 11 896 2688 0 0 ]
[ 11 1024 2688 0 0 ]
[ 11 1152 2688 0 0 ]
[ 10 1792 2688 0 0 ]
[ 10 1792 3200 0 0 ]
[ 11 1536 3200 0 0 ]
[ 11 1664 3200 0 0 ]
[ 11 1408 3200 0 0 ]
[ 11 1408 2688 0 0 ]
[ 11 1536 2688 0 0 ]
[ 11 1664 2688 0 0 ]
[ 10 2304 2688 0 0 ]
[ 10 2304 3200 0 0 ]
[ 11 2048 3200 0 0 ]
[ 11 2176 3200 0 0 ]
[ 11 1920 3200 0 0 ]
[ 11 1920 2688 0 0 ]
[ 11 2048 2688 0 0 ]
[ 11 2176 2688 0 0 ]
[ 10 3328 2688 0 0 ]
[ 10 3328 3200 0 0 ]
[ 11 2560 3200 0 0 ]
[ 11 2688 3200 0 0 ]
[ 11 2432 3200 0 0 ]
[ 11 2432 2688 0 0 ]
[ 11 2560 2688 0 0 ]
[ 11 2688 2688 0 0 ]
[ 10 3840 2688 0 0 ]
[ 10 3840 3200 0 0 ]
[ 11 3584 3200 0 0 ]
[ 11 3712 3200 0 0 ]
[ 11 3456 3200 0 0 ]
[ 11 3456 2688 0 0 ]
[ 11 3584 2688 0 0 ]
[ 11 3712 2688 0 0 ]
[ 10 4352 2688 0 0 ]
[ 10 4352 3200 0 0 ]
[ 11 4096 3200 0 0 ]
[ 11 4224 3200 0 0 ]
[ 11 3968 3200 0 0 ]
[ 11 3968 2688 0 0 ]
[ 11 4096 2688 0 0 ]
[ 11 4224 2688 0 0 ]
[ 11 4352 2816 90 0 ]
[ 11 4352 3072 90 0 ]
[ 10 2816 2688 0 0 ]
[ 10 2816 3200 0 0 ]
[ 11 3072 3200 0 0 ]
[ 11 3200 3200 0 0 ]
[ 11 2944 3200 0 0 ]
[ 11 2944 2688 0 0 ]
[ 11 3072 2688 0 0 ]
[ 11 3200 2688 0 0 ]
[ 10 768 2432 90 0 ]
[ 10 768 3456 90 0 ]
[ 10 -1280 2432 90 0 ]
[ 10 -1280 3456 90 0 ]
[ 11 -256 3456 180 0 ]
[ 11 0 3456 180 0 ]
[ 11 639 3456 180 0 ]
[ 11 512 3456 180 0 ]
[ 11 384 3456 180 0 ]
[ 11 256 3456 180 0 ]
[ 11 128 3456 180 0 ]
[ 11 -128 3456 180 0 ]
[ 11 -384 3456 180 0 ]
[ 11 -512 3456 180 0 ]
[ 11 -640 3456 180 0 ]
[ 11 -768 3456 180 0 ]
[ 11 -897 3456 180 0 ]
[ 11 -1024 3456 180 0 ]
[ 11 -1152 3456 180 0 ]
[ 11 -1280 2560 270 0 ]
[ 11 -1280 2688 270 0 ]
[ 11 -1280 2816 270 0 ]
[ 11 -1280 2944 270 0 ]
[ 11 -1280 3072 270 0 ]
[ 11 -1280 3200 270 0 ]
[ 11 -1280 3328 270 0 ]
[ 11 -1152 2432 0 0 ]
[ 11 -1024 2432 0 0 ]
[ 11 -897 2432 0 0 ]
[ 11 -768 2432 0 0 ]
[ 11 -640 2432 0 0 ]
[ 11 -512 2432 0 0 ]
[ 11 -384 2432 0 0 ]
[ 11 -256 2432 0 0 ]
[ 11 -128 2432 0 0 ]
[ 11 0 2432 0 0 ]
[ 11 128 2432 0 0 ]
[ 11 256 2432 0 0 ]
[ 11 384 2432 0 0 ]
[ 11 512 2432 0 0 ]
[ 11 639 2432 0 0 ]
[ 11 768 2560 90 0 ]
[ 11 768 3328 90 0 ]
[ 15 -1024 2688 360 crystal 1 1 ]
[ 15 -768 2688 0 crystal 2 1 ]
[ 15 -512 2688 0 crystal 3 1 ]
[ 15 -257 2688 0 crystal 4 1 ]
[ 15 0 2688 0 crystal 5 1 ]
[ 15 256 2688 0 crystal 6 1 ]
[ 15 512 2944 0 crystal 14 1 ]
[ 15 256 2944 0 crystal 13 1 ]
[ 15 0 2944 0 crystal 12 1 ]
[ 15 -256 2944 0 crystal 11 1 ]
[ 15 -512 2944 0 crystal 10 1 ]
[ 15 -768 2944 0 crystal 9 1 ]
[ 15 -1024 2944 0 crystal 8 1 ]
[ 15 -1024 3200 0 crystal 15 1 ]
[ 15 -768 3200 0 crystal 16 1 ]
[ 15 -256 3200 0 crystal 18 1 ]
[ 15 0 3200 0 crystal 19 1 ]
[ 15 256 3200 0 crystal 20 1 ]
[ 15 512 3200 0 crystal 21 1 ]
[ 10 4736 0 0 0 ]
[ 10 4736 512 0 0 ]
[ 11 4480 512 0 0 ]
[ 11 4608 512 0 0 ]
[ 11 4352 512 0 0 ]
[ 11 4352 0 0 0 ]
[ 11 4480 0 0 0 ]
[ 11 4608 0 0 0 ]
[ 10 5248 0 0 0 ]
[ 10 5248 512 0 0 ]
[ 11 4864 0 0 0 ]
[ 11 4992 0 0 0 ]
[ 11 5120 0 0 0 ]
[ 11 5504 512 0 0 ]
[ 11 5632 512 0 0 ]
[ 11 5376 512 0 0 ]
[ 11 5376 0 0 0 ]
[ 11 5504 0 0 0 ]
[ 11 5632 0 0 0 ]
[ 10 5760 0 0 0 ]
[ 10 5760 512 0 0 ]
[ 11 6016 512 0 0 ]
[ 11 6144 512 0 0 ]
[ 11 5888 512 0 0 ]
[ 11 5888 0 0 0 ]
[ 11 6016 0 0 0 ]
[ 11 6144 0 0 0 ]
[ 10 -1920 0 0 0 ]
[ 10 -1920 512 0 0 ]
[ 11 -2176 512 0 0 ]
[ 11 -2048 512 0 0 ]
[ 11 -2304 512 0 0 ]
[ 11 -2304 0 0 0 ]
[ 11 -2176 0 0 0 ]
[ 11 -2048 0 0 0 ]
[ 10 -1408 0 0 0 ]
[ 10 -1408 512 0 0 ]
[ 11 -1664 512 0 0 ]
[ 11 -1536 512 0 0 ]
[ 11 -1792 512 0 0 ]
[ 11 -1792 0 0 0 ]
[ 11 -1664 0 0 0 ]
[ 11 -1536 0 0 0 ]
[ 11 -1152 512 0 0 ]
[ 11 -1024 512 0 0 ]
[ 11 -1280 512 0 0 ]
[ 11 -1280 0 0 0 ]
[ 11 -1152 0 0 0 ]
[ 11 -1024 0 0 0 ]
[ 10 -896 0 0 0 ]
[ 10 -896 512 0 0 ]
[ 11 -640 512 0 0 ]
[ 11 -512 512 0 0 ]
[ 11 -768 512 0 0 ]
[ 11 -768 0 0 0 ]
[ 11 -640 0 0 0 ]
[ 11 -512 0 0 0 ]
[ 10 -3456 0 0 0 ]
[ 10 -3456 512 0 0 ]
[ 11 -3712 512 0 0 ]
[ 11 -3584 512 0 0 ]
[ 11 -3840 512 0 0 ]
[ 11 -3840 0 0 0 ]
[ 11 -3712 0 0 0 ]
[ 11 -3584 0 0 0 ]
[ 10 -2944 0 0 0 ]
[ 10 -2944 512 0 0 ]
[ 11 -3200 512 0 0 ]
[ 11 -3072 512 0 0 ]
[ 11 -3328 512 0 0 ]
[ 11 -3328 0 0 0 ]
[ 11 -3200 0 0 0 ]
[ 11 -3072 0 0 0 ]
[ 11 -2688 512 0 0 ]
[ 11 -2560 512 0 0 ]
[ 11 -2816 512 0 0 ]
[ 11 -2816 0 0 0 ]
[ 11 -2688 0 0 0 ]
[ 11 -2560 0 0 0 ]
[ 10 -2432 0 0 0 ]
[ 10 -2432 512 0 0 ]
[ 10 -4992 0 0 0 ]
[ 10 -4992 512 0 0 ]
[ 11 -5248 512 0 0 ]
[ 11 -5120 512 0 0 ]
[ 11 -5376 512 0 0 ]
[ 11 -5376 0 0 0 ]
[ 11 -5248 0 0 0 ]
[ 11 -5120 0 0 0 ]
[ 10 -4480 0 0 0 ]
[ 10 -4480 512 0 0 ]
[ 11 -4736 512 0 0 ]
[ 11 -4608 512 0 0 ]
[ 11 -4864 512 0 0 ]
[ 11 -4864 0 0 0 ]
[ 11 -4736 0 0 0 ]
[ 11 -4608 0 0 0 ]
[ 11 -4224 512 0 0 ]
[ 11 -4096 512 0 0 ]
[ 11 -4352 512 0 0 ]
[ 11 -4352 0 0 0 ]
[ 11 -4224 0 0 0 ]
[ 11 -4096 0 0 0 ]
[ 10 -3968 0 0 0 ]
[ 10 -3968 512 0 0 ]
[ 10 6784 0 0 0 ]
[ 10 6784 512 0 0 ]
[ 11 6528 512 0 0 ]
[ 11 6656 512 0 0 ]
[ 11 6400 512 0 0 ]
[ 11 6400 0 0 0 ]
[ 11 6528 0 0 0 ]
[ 11 6656 0 0 0 ]
[ 10 7296 0 0 0 ]
[ 10 7296 512 0 0 ]
[ 11 7040 512 0 0 ]
[ 11 7168 512 0 0 ]
[ 11 6912 512 0 0 ]
[ 11 6912 0 0 0 ]
[ 11 7040 0 0 0 ]
[ 11 7168 0 0 0 ]
[ 11 7552 512 0 0 ]
[ 11 7680 512 0 0 ]
[ 11 7424 512 0 0 ]
[ 11 7424 0 0 0 ]
[ 11 7552 0 0 0 ]
[ 11 7680 0 0 0 ]
[ 10 7808 0 0 0 ]
[ 10 7808 512 0 0 ]
[ 11 8064 512 0 0 ]
[ 11 8192 512 0 0 ]
[ 11 7936 512 0 0 ]
[ 11 7936 0 0 0 ]
[ 11 8064 0 0 0 ]
[ 11 8192 0 0 0 ]
[ 10 6272 0 180 0 ]
[ 10 6272 512 180 0 ]
[ 11 8576 512 0 0 ]
[ 11 8704 512 0 0 ]
[ 11 8448 512 0 0 ]
[ 11 8448 0 0 0 ]
[ 11 8576 0 0 0 ]
[ 11 8704 0 0 0 ]
[ 10 8832 0 0 0 ]
[ 10 8832 512 0 0 ]
[ 11 9088 512 0 0 ]
[ 11 9216 512 0 0 ]
[ 11 8960 512 0 0 ]
[ 11 8960 0 0 0 ]
[ 11 9088 0 0 0 ]
[ 11 9216 0 0 0 ]
[ 10 9856 0 0 0 ]
[ 10 9856 512 0 0 ]
[ 11 9600 512 0 0 ]
[ 11 9728 512 0 0 ]
[ 11 9472 512 0 0 ]
[ 11 9472 0 0 0 ]
[ 11 9600 0 0 0 ]
[ 11 9728 0 0 0 ]
[ 10 10368 0 0 0 ]
[ 10 10368 512 0 0 ]
[ 11 10112 512 0 0 ]
[ 11 10240 512 0 0 ]
[ 11 9984 512 0 0 ]
[ 11 9984 0 0 0 ]
[ 11 10112 0 0 0 ]
[ 11 10240 0 0 0 ]
[ 11 10624 512 0 0 ]
[ 11 10752 512 0 0 ]
[ 11 10496 512 0 0 ]
[ 11 10496 0 0 0 ]
[ 11 10624 0 0 0 ]
[ 11 10752 0 0 0 ]
[ 10 10880 0 0 0 ]
[ 10 10880 512 0 0 ]
[ 11 11136 512 0 0 ]
[ 11 11264 512 0 0 ]
[ 11 11008 512 0 0 ]
[ 11 11008 0 0 0 ]
[ 11 11136 0 0 0 ]
[ 11 11264 0 0 0 ]
[ 10 9344 0 180 0 ]
[ 10 9344 512 180 0 ]
[ 10 8320 512 180 0 ]
[ 10 8320 0 180 0 ]
[ 10 11392 0 180 0 ]
[ 10 11392 512 180 0 ]
[ 11 11392 128 270 0 ]
[ 11 11392 384 270 0 ]
[ 6 11392 256 0 2 ]
[ 11 4864 512 0 0 ]
[ 11 4992 512 0 0 ]
[ 11 5120 512 0 0 ]
[ 10 4864 2688 0 0 ]
[ 10 4864 3200 0 0 ]
[ 11 4608 3200 0 0 ]
[ 11 4736 3200 0 0 ]
[ 11 4480 3200 0 0 ]
[ 11 4480 2688 0 0 ]
[ 11 4608 2688 0 0 ]
[ 11 4736 2688 0 0 ]
[ 10 5376 2688 0 0 ]
[ 10 5376 3200 0 0 ]
[ 11 5120 3200 0 0 ]
[ 11 5248 3200 0 0 ]
[ 11 4992 3200 0 0 ]
[ 11 4992 2688 0 0 ]
[ 11 5120 2688 0 0 ]
[ 11 5248 2688 0 0 ]
[ 10 6400 2688 0 0 ]
[ 10 6400 3200 0 0 ]
[ 11 5632 3200 0 0 ]
[ 11 5760 3200 0 0 ]
[ 11 5504 3200 0 0 ]
[ 11 5504 2688 0 0 ]
[ 11 5632 2688 0 0 ]
[ 11 5760 2688 0 0 ]
[ 11 6656 3200 0 0 ]
[ 11 6528 3200 0 0 ]
[ 11 6528 2688 0 0 ]
[ 11 6656 2688 0 0 ]
[ 10 5888 2688 0 0 ]
[ 10 5888 3200 0 0 ]
[ 11 6144 3200 0 0 ]
[ 11 6272 3200 0 0 ]
[ 11 6016 3200 0 0 ]
[ 11 6016 2688 0 0 ]
[ 11 6144 2688 0 0 ]
[ 11 6272 2688 0 0 ]
[ 3 768 3200 0 2 ]
[ 3 768 2688 0 2 ]
[ 6 4352 2944 0 0 ]
[ 3 4224 256 0 0 ]
[ 11 6784 3200 0 0 ]
[ 11 6784 2688 0 0 ]
[ 10 6912 2688 0 0 ]
[ 10 6912 3200 0 0 ]
[ 11 7168 3200 0 0 ]
[ 11 7040 3200 0 0 ]
[ 11 7040 2688 0 0 ]
[ 11 7168 2688 0 0 ]
[ 11 7296 3200 0 0 ]
[ 11 7296 2688 0 0 ]
[ 10 -6016 0 0 0 ]
[ 10 -6016 512 0 0 ]
[ 11 -6272 512 0 0 ]
[ 11 -6144 512 0 0 ]
[ 11 -6400 512 0 0 ]
[ 11 -6400 0 0 0 ]
[ 11 -6272 0 0 0 ]
[ 11 -6144 0 0 0 ]
[ 10 -5504 0 0 0 ]
[ 10 -5504 512 0 0 ]
[ 11 -5760 512 0 0 ]
[ 11 -5632 512 0 0 ]
[ 11 -5888 512 0 0 ]
[ 11 -5888 0 0 0 ]
[ 11 -5760 0 0 0 ]
[ 11 -5632 0 0 0 ]
[ 10 -7040 0 0 0 ]
[ 10 -7040 512 0 0 ]
[ 11 -7296 512 0 0 ]
[ 11 -7168 512 0 0 ]
[ 11 -7424 512 0 0 ]
[ 11 -7424 0 0 0 ]
[ 11 -7296 0 0 0 ]
[ 11 -7168 0 0 0 ]
[ 11 -6784 512 0 0 ]
[ 11 -6656 512 0 0 ]
[ 11 -6912 512 0 0 ]
[ 11 -6912 0 0 0 ]
[ 11 -6784 0 0 0 ]
[ 11 -6656 0 0 0 ]
[ 10 -6528 0 0 0 ]
[ 10 -6528 512 0 0 ]
[ 10 1280 6272 0 0 ]
[ 10 1280 6784 0 0 ]
[ 11 1024 6784 0 0 ]
[ 11 1152 6784 0 0 ]
[ 11 896 6784 0 0 ]
[ 11 896 6272 0 0 ]
[ 11 1024 6272 0 0 ]
[ 11 1152 6272 0 0 ]
[ 10 1792 6272 0 0 ]
[ 10 1792 6784 0 0 ]
[ 11 1536 6784 0 0 ]
[ 11 1664 6784 0 0 ]
[ 11 1408 6784 0 0 ]
[ 11 1408 6272 0 0 ]
[ 11 1536 6272 0 0 ]
[ 11 1664 6272 0 0 ]
[ 10 2304 6272 0 0 ]
[ 10 2304 6784 0 0 ]
[ 11 2048 6784 0 0 ]
[ 11 2176 6784 0 0 ]
[ 11 1920 6784 0 0 ]
[ 11 1920 6272 0 0 ]
[ 11 2048 6272 0 0 ]
[ 11 2176 6272 0 0 ]
[ 11 2560 6784 0 0 ]
[ 11 2688 6784 0 0 ]
[ 11 2432 6784 0 0 ]
[ 11 2432 6272 0 0 ]
[ 11 2688 6272 0 0 ]
[ 10 768 6016 90 0 ]
[ 10 768 7040 90 0 ]
[ 10 -1280 6016 90 0 ]
[ 10 -1280 7040 90 0 ]
[ 11 -256 7040 180 0 ]
[ 11 0 7040 180 0 ]
[ 11 639 7040 180 0 ]
[ 11 512 7040 180 0 ]
[ 11 384 7040 180 0 ]
[ 11 256 7040 180 0 ]
[ 11 128 7040 180 0 ]
[ 11 -128 7040 180 0 ]
[ 11 -384 7040 180 0 ]
[ 11 -512 7040 180 0 ]
[ 11 -640 7040 180 0 ]
[ 11 -768 7040 180 0 ]
[ 11 -897 7040 180 0 ]
[ 11 -1024 7040 180 0 ]
[ 11 -1152 7040 180 0 ]
[ 11 -1280 6144 270 0 ]
[ 11 -1280 6272 270 0 ]
[ 11 -1280 6400 270 0 ]
[ 11 -1280 6528 270 0 ]
[ 11 -1280 6656 270 0 ]
[ 11 -1280 6784 270 0 ]
[ 11 -1280 6912 270 0 ]
[ 11 -1152 6016 0 0 ]
[ 11 -1024 6016 0 0 ]
[ 11 -897 6016 0 0 ]
[ 11 -768 6016 0 0 ]
[ 11 -640 6016 0 0 ]
[ 11 -512 6016 0 0 ]
[ 11 -384 6016 0 0 ]
[ 11 -256 6016 0 0 ]
[ 11 -128 6016 0 0 ]
[ 11 0 6016 0 0 ]
[ 11 128 6016 0 0 ]
[ 11 256 6016 0 0 ]
[ 11 384 6016 0 0 ]
[ 11 512 6016 0 0 ]
[ 11 639 6016 0 0 ]
[ 11 768 6144 90 0 ]
[ 11 768 6912 90 0 ]
[ 15 -512 6272 0 crystal 3 1 ]
[ 15 -257 6272 0 crystal 8 1 ]
[ 15 0 6272 0 crystal 5 1 ]
[ 15 256 6272 0 crystal 6 1 ]
[ 15 512 6528 0 crystal 14 1 ]
[ 15 256 6528 0 crystal 13 1 ]
[ 15 0 6528 0 crystal 27 1 ]
[ 15 -256 6528 0 crystal 11 1 ]
[ 15 -768 6528 0 crystal 9 1 ]
[ 15 -1024 6784 0 crystal 15 1 ]
[ 15 -768 6784 0 crystal 16 1 ]
[ 15 -256 6784 0 crystal 18 1 ]
[ 15 0 6784 0 crystal 19 1 ]
[ 15 256 6784 0 crystal 20 1 ]
[ 15 512 6784 0 crystal 21 1 ]
[ 4 768 6784 0 2 ]
[ 4 768 6272 0 2 ]
[ 15 -512 6784 0 crystal 22 1 ]
[ 15 512 6272 0 crystal 25 1 ]
[ 15 -768 6272 0 crystal 28 1 ]
[ 15 -1024 6272 0 crystal 29 1 ]
[ 15 -512 6528 0 crystal 30 1 ]
[ 15 -1024 6528 0 crystal 31 1 ]
[ 10 2815 6272 0 0 ]
[ 10 2816 6784 0 0 ]
[ 10 3328 6272 0 0 ]
[ 10 3328 6784 0 0 ]
[ 2 2560 6272 90 dmode 31 0 ]
[ 11 3072 6784 0 0 ]
[ 11 3200 6784 0 0 ]
[ 11 2944 6272 0 0 ]
[ 11 3072 6272 0 0 ]
[ 11 3200 6272 0 0 ]
[ 3 3328 6656 0 2 ]
[ 3 3328 6528 0 2 ]
[ 3 3328 6400 0 2 ]
[ 11 2944 6784 180 0 ]
[ 10 2816 6528 180 0 ]
Movables
[ 2944 6400 3 ]
[ 2944 6528 3 ]
[ 2944 6656 3 ]
Map_floor
[ 14 -256 0 0 0 ]
[ 14 0 0 0 0 ]
[ 14 255 0 0 0 ]
[ 14 512 0 0 0 ]
[ 14 512 512 0 0 ]
[ 14 384 512 0 0 ]
[ 14 255 512 0 0 ]
[ 14 128 512 0 0 ]
[ 14 0 512 0 0 ]
[ 14 -128 512 0 0 ]
[ 14 -256 512 0 0 ]
[ 11 384 256 0 0 ]
[ 11 512 256 0 0 ]
[ 11 512 128 0 0 ]
[ 11 384 128 0 0 ]
[ 11 256 128 0 0 ]
[ 11 256 256 0 0 ]
[ 11 256 384 0 0 ]
[ 11 384 384 0 0 ]
[ 11 512 384 0 0 ]
[ 14 -128 0 180 0 ]
[ 14 128 0 180 0 ]
[ 14 384 0 180 0 ]
[ 16 640 128 0 crystal 0 1 ]
[ 16 640 256 0 crystal 0 1 ]
[ 16 640 384 0 crystal 0 1 ]
[ 14 768 512 0 0 ]
[ 14 896 512 0 0 ]
[ 14 1024 512 0 0 ]
[ 14 768 0 0 0 ]
[ 14 896 0 0 0 ]
[ 14 1024 0 0 0 ]
[ 14 1280 512 0 0 ]
[ 14 1408 512 0 0 ]
[ 14 1536 512 0 0 ]
[ 14 1280 0 0 0 ]
[ 14 1408 0 0 0 ]
[ 14 1536 0 0 0 ]
[ 14 1792 512 0 0 ]
[ 14 1920 512 0 0 ]
[ 14 2048 512 0 0 ]
[ 14 1792 0 0 0 ]
[ 14 1920 0 0 0 ]
[ 14 2048 0 0 0 ]
[ 14 2304 512 0 0 ]
[ 14 2432 512 0 0 ]
[ 14 2560 512 0 0 ]
[ 14 2304 0 0 0 ]
[ 14 2432 0 0 0 ]
[ 14 2560 0 0 0 ]
[ 14 3328 512 0 0 ]
[ 14 3456 512 0 0 ]
[ 14 3584 512 0 0 ]
[ 14 3328 0 0 0 ]
[ 14 3456 0 0 0 ]
[ 14 3584 0 0 0 ]
[ 14 3840 512 0 0 ]
[ 14 3968 512 0 0 ]
[ 14 4096 512 0 0 ]
[ 14 3840 0 0 0 ]
[ 14 3968 0 0 0 ]
[ 14 4096 0 0 0 ]
[ 14 4224 384 90 0 ]
[ 14 4224 128 90 0 ]
[ 11 768 128 90 0 ]
[ 11 768 256 90 0 ]
[ 11 768 384 90 0 ]
[ 11 896 128 90 0 ]
[ 11 896 256 90 0 ]
[ 11 896 384 90 0 ]
[ 11 1024 128 90 0 ]
[ 11 1024 256 90 0 ]
[ 11 1024 384 90 0 ]
[ 11 1152 128 90 0 ]
[ 11 1152 256 90 0 ]
[ 11 1152 384 90 0 ]
[ 11 1280 128 90 0 ]
[ 11 1280 256 90 0 ]
[ 11 1280 384 90 0 ]
[ 11 1408 128 90 0 ]
[ 11 1408 256 90 0 ]
[ 11 1408 384 90 0 ]
[ 11 1536 128 90 0 ]
[ 11 1536 256 90 0 ]
[ 11 1536 384 90 0 ]
[ 11 1664 128 90 0 ]
[ 11 1664 256 90 0 ]
[ 11 1664 384 90 0 ]
[ 11 1792 128 90 0 ]
[ 11 1792 256 90 0 ]
[ 11 1792 384 90 0 ]
[ 11 1920 128 90 0 ]
[ 11 1920 256 90 0 ]
[ 11 1920 384 90 0 ]
[ 11 2048 128 90 0 ]
[ 11 2048 256 90 0 ]
[ 11 2048 384 90 0 ]
[ 11 2176 128 90 0 ]
[ 11 2176 256 90 0 ]
[ 11 2176 384 90 0 ]
[ 11 2304 128 90 0 ]
[ 11 2304 256 90 0 ]
[ 11 2304 384 90 0 ]
[ 11 2432 128 90 0 ]
[ 11 2432 256 90 0 ]
[ 11 2432 384 90 0 ]
[ 11 2560 128 90 0 ]
[ 11 2560 256 90 0 ]
[ 11 2560 384 90 0 ]
[ 11 3200 128 90 0 ]
[ 11 3200 256 90 0 ]
[ 11 3200 384 90 0 ]
[ 11 3328 128 90 0 ]
[ 11 3328 256 90 0 ]
[ 11 3328 384 90 0 ]
[ 11 3456 128 90 0 ]
[ 11 3456 256 90 0 ]
[ 11 3456 384 90 0 ]
[ 11 3584 128 90 0 ]
[ 11 3584 256 90 0 ]
[ 11 3584 384 90 0 ]
[ 11 3712 128 90 0 ]
[ 11 3712 256 90 0 ]
[ 11 3712 384 90 0 ]
[ 11 3840 128 90 0 ]
[ 11 3840 256 90 0 ]
[ 11 3840 384 90 0 ]
[ 11 3968 128 90 0 ]
[ 11 3968 256 90 0 ]
[ 11 3968 384 90 0 ]
[ 11 4096 128 90 0 ]
[ 11 4096 256 90 0 ]
[ 11 4096 384 90 0 ]
[ 14 2816 512 0 0 ]
[ 14 2944 512 0 0 ]
[ 14 3072 512 0 0 ]
[ 14 2816 0 0 0 ]
[ 14 2944 0 0 0 ]
[ 14 3072 0 0 0 ]
[ 11 2688 128 90 0 ]
[ 11 2688 256 90 0 ]
[ 11 2688 384 90 0 ]
[ 11 2816 128 90 0 ]
[ 11 2816 256 90 0 ]
[ 11 2816 384 90 0 ]
[ 11 2944 128 90 0 ]
[ 11 2944 256 90 0 ]
[ 11 2944 384 90 0 ]
[ 11 3072 128 90 0 ]
[ 11 3072 256 90 0 ]
[ 11 3072 384 90 0 ]
[ 14 896 3200 0 0 ]
[ 14 1024 3200 0 0 ]
[ 14 1152 3200 0 0 ]
[ 14 896 2688 0 0 ]
[ 14 1024 2688 0 0 ]
[ 14 1152 2688 0 0 ]
[ 14 1408 3200 0 0 ]
[ 14 1536 3200 0 0 ]
[ 14 1664 3200 0 0 ]
[ 14 1408 2688 0 0 ]
[ 14 1536 2688 0 0 ]
[ 14 1664 2688 0 0 ]
[ 14 1920 3200 0 0 ]
[ 14 2048 3200 0 0 ]
[ 14 2176 3200 0 0 ]
[ 14 1920 2688 0 0 ]
[ 14 2048 2688 0 0 ]
[ 14 2176 2688 0 0 ]
[ 14 2432 3200 0 0 ]
[ 14 2560 3200 0 0 ]
[ 14 2688 3200 0 0 ]
[ 14 2432 2688 0 0 ]
[ 14 2560 2688 0 0 ]
[ 14 2688 2688 0 0 ]
[ 14 3456 3200 0 0 ]
[ 14 3584 3200 0 0 ]
[ 14 3712 3200 0 0 ]
[ 14 3456 2688 0 0 ]
[ 14 3584 2688 0 0 ]
[ 14 3712 2688 0 0 ]
[ 14 3968 3200 0 0 ]
[ 14 4096 3200 0 0 ]
[ 14 4224 3200 0 0 ]
[ 14 3968 2688 0 0 ]
[ 14 4096 2688 0 0 ]
[ 14 4224 2688 0 0 ]
[ 14 4352 3072 90 0 ]
[ 14 4352 2816 90 0 ]
[ 11 896 2816 90 0 ]
[ 11 896 2944 90 0 ]
[ 11 896 3072 90 0 ]
[ 11 1024 2816 90 0 ]
[ 11 1024 2944 90 0 ]
[ 11 1024 3072 90 0 ]
[ 11 1152 2816 90 0 ]
[ 11 1152 2944 90 0 ]
[ 11 1152 3072 90 0 ]
[ 11 1280 2816 90 0 ]
[ 11 1280 2944 90 0 ]
[ 11 1280 3072 90 0 ]
[ 11 1408 2816 90 0 ]
[ 11 1408 2944 90 0 ]
[ 11 1408 3072 90 0 ]
[ 11 1536 2816 90 0 ]
[ 11 1536 2944 90 0 ]
[ 11 1536 3072 90 0 ]
[ 11 1664 2816 90 0 ]
[ 11 1664 2944 90 0 ]
[ 11 1664 3072 90 0 ]
[ 11 1792 2816 90 0 ]
[ 11 1792 2944 90 0 ]
[ 11 1792 3072 90 0 ]
[ 11 1920 2816 90 0 ]
[ 11 1920 2944 90 0 ]
[ 11 1920 3072 90 0 ]
[ 11 2048 2816 90 0 ]
[ 11 2048 2944 90 0 ]
[ 11 2048 3072 90 0 ]
[ 11 2176 2816 90 0 ]
[ 11 2176 2944 90 0 ]
[ 11 2176 3072 90 0 ]
[ 11 2304 2816 90 0 ]
[ 11 2304 2944 90 0 ]
[ 11 2304 3072 90 0 ]
[ 11 2432 2816 90 0 ]
[ 11 2432 2944 90 0 ]
[ 11 2432 3072 90 0 ]
[ 11 2560 2816 90 0 ]
[ 11 2560 2944 90 0 ]
[ 11 2560 3072 90 0 ]
[ 11 2688 2816 90 0 ]
[ 11 2688 2944 90 0 ]
[ 11 2688 3072 90 0 ]
[ 11 3328 2816 90 0 ]
[ 11 3328 2944 90 0 ]
[ 11 3328 3072 90 0 ]
[ 11 3456 2816 90 0 ]
[ 11 3456 2944 90 0 ]
[ 11 3456 3072 90 0 ]
[ 11 3584 2816 90 0 ]
[ 11 3584 2944 90 0 ]
[ 11 3584 3072 90 0 ]
[ 11 3712 2816 90 0 ]
[ 11 3712 2944 90 0 ]
[ 11 3712 3072 90 0 ]
[ 11 3840 2816 90 0 ]
[ 11 3840 2944 90 0 ]
[ 11 3840 3072 90 0 ]
[ 11 3968 2816 90 0 ]
[ 11 3968 2944 90 0 ]
[ 11 3968 3072 90 0 ]
[ 11 4096 2816 90 0 ]
[ 11 4096 2944 90 0 ]
[ 11 4096 3072 90 0 ]
[ 11 4224 2816 90 0 ]
[ 11 4224 2944 90 0 ]
[ 11 4224 3072 90 0 ]
[ 14 2944 3200 0 0 ]
[ 14 3072 3200 0 0 ]
[ 14 3200 3200 0 0 ]
[ 14 2944 2688 0 0 ]
[ 14 3072 2688 0 0 ]
[ 14 3200 2688 0 0 ]
[ 11 2816 2816 90 0 ]
[ 11 2816 2944 90 0 ]
[ 11 2816 3072 90 0 ]
[ 11 2944 2816 90 0 ]
[ 11 2944 2944 90 0 ]
[ 11 2944 3072 90 0 ]
[ 11 3072 2816 90 0 ]
[ 11 3072 2944 90 0 ]
[ 11 3072 3072 90 0 ]
[ 11 3200 2816 90 0 ]
[ 11 3200 2944 90 0 ]
[ 11 3200 3072 90 0 ]
[ 14 -1280 2432 90 0 ]
[ 14 -1280 2560 90 0 ]
[ 14 -1280 2688 90 0 ]
[ 14 -1280 2816 90 0 ]
[ 14 -1280 2944 90 0 ]
[ 14 -1280 3072 90 0 ]
[ 14 -1280 3200 90 0 ]
[ 14 -1280 3328 90 0 ]
[ 14 -1280 3456 90 0 ]
[ 14 -1152 2432 90 0 ]
[ 14 -1152 3456 90 0 ]
[ 14 -1024 2432 90 0 ]
[ 14 -1024 3456 90 0 ]
[ 14 -897 2432 90 0 ]
[ 14 -897 3456 90 0 ]
[ 14 -768 2432 90 0 ]
[ 14 -768 3456 90 0 ]
[ 14 -640 2432 90 0 ]
[ 14 -640 3456 90 0 ]
[ 14 -512 2432 90 0 ]
[ 14 -512 3456 90 0 ]
[ 14 -384 2432 90 0 ]
[ 14 -384 3456 90 0 ]
[ 14 -256 2432 90 0 ]
[ 14 -256 3456 90 0 ]
[ 14 -128 2432 90 0 ]
[ 14 -128 3456 90 0 ]
[ 14 0 2432 90 0 ]
[ 14 0 3456 90 0 ]
[ 14 128 2432 90 0 ]
[ 14 128 3456 90 0 ]
[ 14 256 2432 90 0 ]
[ 14 256 3456 90 0 ]
[ 14 384 2432 90 0 ]
[ 14 384 3456 90 0 ]
[ 14 512 2432 90 0 ]
[ 14 512 3456 90 0 ]
[ 14 639 2432 90 0 ]
[ 14 639 3456 90 0 ]
[ 14 768 2432 90 0 ]
[ 14 768 2560 90 0 ]
[ 14 768 2688 90 0 ]
[ 14 768 3200 90 0 ]
[ 14 768 3328 90 0 ]
[ 14 768 3456 90 0 ]
[ 11 -1152 2560 90 0 ]
[ 11 -1152 2688 90 0 ]
[ 11 -1152 2816 90 0 ]
[ 11 -1152 2944 90 0 ]
[ 11 -1152 3072 90 0 ]
[ 11 -1152 3200 90 0 ]
[ 11 -1152 3328 90 0 ]
[ 11 -1024 2560 90 0 ]
[ 11 -1024 2688 90 0 ]
[ 11 -1024 2816 90 0 ]
[ 11 -1024 2944 90 0 ]
[ 11 -1024 3072 90 0 ]
[ 11 -1024 3200 90 0 ]
[ 11 -1024 3328 90 0 ]
[ 11 -897 2560 90 0 ]
[ 11 -897 2688 90 0 ]
[ 11 -897 2816 90 0 ]
[ 11 -897 2944 90 0 ]
[ 11 -897 3072 90 0 ]
[ 11 -897 3200 90 0 ]
[ 11 -897 3328 90 0 ]
[ 11 -768 2560 90 0 ]
[ 11 -768 2688 90 0 ]
[ 11 -768 2816 90 0 ]
[ 11 -768 2944 90 0 ]
[ 11 -768 3072 90 0 ]
[ 11 -768 3200 90 0 ]
[ 11 -768 3328 90 0 ]
[ 11 -640 2560 90 0 ]
[ 11 -640 2688 90 0 ]
[ 11 -640 2816 90 0 ]
[ 11 -640 2944 90 0 ]
[ 11 -640 3072 90 0 ]
[ 11 -640 3200 90 0 ]
[ 11 -640 3328 90 0 ]
[ 11 -512 2560 90 0 ]
[ 11 -512 2688 90 0 ]
[ 11 -512 2816 90 0 ]
[ 11 -512 2944 90 0 ]
[ 11 -512 3072 90 0 ]
[ 11 -512 3328 90 0 ]
[ 11 -384 2560 90 0 ]
[ 11 -384 2688 90 0 ]
[ 11 -384 2816 90 0 ]
[ 11 -384 2944 90 0 ]
[ 11 -384 3072 90 0 ]
[ 11 -384 3200 90 0 ]
[ 11 -384 3328 90 0 ]
[ 11 -256 2560 90 0 ]
[ 11 -256 2688 90 0 ]
[ 11 -256 2816 90 0 ]
[ 11 -256 2944 90 0 ]
[ 11 -256 3072 90 0 ]
[ 11 -256 3200 90 0 ]
[ 11 -256 3328 90 0 ]
[ 11 -128 2560 90 0 ]
[ 11 -128 2688 90 0 ]
[ 11 -128 2816 90 0 ]
[ 11 -128 2944 90 0 ]
[ 11 -128 3072 90 0 ]
[ 11 -128 3200 90 0 ]
[ 11 -128 3328 90 0 ]
[ 11 0 2560 90 0 ]
[ 11 0 2816 90 0 ]
[ 11 0 2944 90 0 ]
[ 11 0 3072 90 0 ]
[ 11 0 3328 90 0 ]
[ 11 128 2560 90 0 ]
[ 11 128 2688 90 0 ]
[ 11 128 2816 90 0 ]
[ 11 128 2944 90 0 ]
[ 11 128 3072 90 0 ]
[ 11 128 3200 90 0 ]
[ 11 128 3328 90 0 ]
[ 11 256 2560 90 0 ]
[ 11 256 2688 90 0 ]
[ 11 256 2816 90 0 ]
[ 11 256 2944 90 0 ]
[ 11 256 3072 90 0 ]
[ 11 256 3200 90 0 ]
[ 11 256 3328 90 0 ]
[ 11 384 2560 90 0 ]
[ 11 384 2688 90 0 ]
[ 11 384 2816 90 0 ]
[ 11 384 2944 90 0 ]
[ 11 384 3072 90 0 ]
[ 11 384 3200 90 0 ]
[ 11 384 3328 90 0 ]
[ 11 512 2560 90 0 ]
[ 11 512 2816 90 0 ]
[ 11 512 2944 90 0 ]
[ 11 512 3072 90 0 ]
[ 11 512 3200 90 0 ]
[ 11 512 3328 90 0 ]
[ 11 639 2560 90 0 ]
[ 11 639 2688 90 0 ]
[ 11 639 2816 90 0 ]
[ 11 639 2944 90 0 ]
[ 11 639 3072 90 0 ]
[ 11 639 3200 90 0 ]
[ 11 639 3328 90 0 ]
[ 43 -512 3200 90 0 ]
[ 18 -512 3200 360 15 ]
[ 43 512 2688 90 0 ]
[ 18 512 2688 360 15 ]
[ 15 768 2816 90 crystal 1 0 ]
[ 11 768 2816 90 0 ]
[ 43 0 3200 360 1 ]
[ 43 0 2688 180 1 ]
[ 6 0 128 180 0 ]
[ 6 0 256 180 0 ]
[ 6 0 384 180 0 ]
[ 6 -128 384 180 0 ]
[ 6 -128 256 180 0 ]
[ 6 -128 128 180 0 ]
[ 6 -256 128 180 0 ]
[ 6 -256 256 180 0 ]
[ 6 -256 384 180 0 ]
[ 4 128 256 180 0 ]
[ 4 128 128 180 0 ]
[ 4 128 384 180 0 ]
[ 15 -384 128 180 crystal 0 0 ]
[ 15 -384 256 180 crystal 0 0 ]
[ 15 -384 384 180 crystal 0 0 ]
[ 14 4352 512 0 0 ]
[ 14 4480 512 0 0 ]
[ 14 4608 512 0 0 ]
[ 14 4352 0 0 0 ]
[ 14 4480 0 0 0 ]
[ 14 4608 0 0 0 ]
[ 14 4864 0 0 0 ]
[ 14 4992 0 0 0 ]
[ 14 5120 0 0 0 ]
[ 14 5376 512 0 0 ]
[ 14 5504 512 0 0 ]
[ 14 5632 512 0 0 ]
[ 14 5376 0 0 0 ]
[ 14 5504 0 0 0 ]
[ 14 5632 0 0 0 ]
[ 11 4352 128 90 0 ]
[ 11 4352 256 90 0 ]
[ 11 4352 384 90 0 ]
[ 11 4480 128 90 0 ]
[ 11 4480 256 90 0 ]
[ 11 4480 384 90 0 ]
[ 11 4608 128 90 0 ]
[ 11 4608 256 90 0 ]
[ 11 4608 384 90 0 ]
[ 11 4736 128 90 0 ]
[ 11 4736 256 90 0 ]
[ 11 4736 384 90 0 ]
[ 11 4864 128 90 0 ]
[ 11 4864 256 90 0 ]
[ 11 4864 384 90 0 ]
[ 11 4992 128 90 0 ]
[ 11 4992 256 90 0 ]
[ 11 4992 384 90 0 ]
[ 11 5120 128 90 0 ]
[ 11 5120 256 90 0 ]
[ 11 5120 384 90 0 ]
[ 11 5248 128 90 0 ]
[ 11 5248 256 90 0 ]
[ 11 5248 384 90 0 ]
[ 11 5376 128 90 0 ]
[ 11 5376 256 90 0 ]
[ 11 5376 384 90 0 ]
[ 11 5504 128 90 0 ]
[ 11 5504 256 90 0 ]
[ 11 5504 384 90 0 ]
[ 11 5632 128 90 0 ]
[ 11 5632 256 90 0 ]
[ 11 5632 384 90 0 ]
[ 14 5888 512 0 0 ]
[ 14 6016 512 0 0 ]
[ 14 6144 512 0 0 ]
[ 14 5888 0 0 0 ]
[ 14 6016 0 0 0 ]
[ 14 6144 0 0 0 ]
[ 11 5760 128 90 0 ]
[ 11 5760 256 90 0 ]
[ 11 5760 384 90 0 ]
[ 11 5888 128 90 0 ]
[ 11 5888 256 90 0 ]
[ 11 5888 384 90 0 ]
[ 11 6016 128 90 0 ]
[ 11 6016 256 90 0 ]
[ 11 6016 384 90 0 ]
[ 11 6144 128 90 0 ]
[ 11 6144 256 90 0 ]
[ 11 6144 384 90 0 ]
[ 14 -2304 512 0 0 ]
[ 14 -2176 512 0 0 ]
[ 14 -2048 512 0 0 ]
[ 14 -2304 0 0 0 ]
[ 14 -2176 0 0 0 ]
[ 14 -2048 0 0 0 ]
[ 14 -1792 512 0 0 ]
[ 14 -1664 512 0 0 ]
[ 14 -1536 512 0 0 ]
[ 14 -1792 0 0 0 ]
[ 14 -1664 0 0 0 ]
[ 14 -1536 0 0 0 ]
[ 14 -1280 512 0 0 ]
[ 14 -1152 512 0 0 ]
[ 14 -1024 512 0 0 ]
[ 14 -1280 0 0 0 ]
[ 14 -1152 0 0 0 ]
[ 14 -1024 0 0 0 ]
[ 11 -2304 128 90 0 ]
[ 11 -2304 256 90 0 ]
[ 11 -2304 384 90 0 ]
[ 11 -2176 128 90 0 ]
[ 11 -2176 256 90 0 ]
[ 11 -2176 384 90 0 ]
[ 11 -2048 128 90 0 ]
[ 11 -2048 256 90 0 ]
[ 11 -2048 384 90 0 ]
[ 11 -1920 128 90 0 ]
[ 11 -1920 256 90 0 ]
[ 11 -1920 384 90 0 ]
[ 11 -1792 128 90 0 ]
[ 11 -1792 256 90 0 ]
[ 11 -1792 384 90 0 ]
[ 11 -1664 128 90 0 ]
[ 11 -1664 256 90 0 ]
[ 11 -1664 384 90 0 ]
[ 11 -1536 128 90 0 ]
[ 11 -1536 256 90 0 ]
[ 11 -1536 384 90 0 ]
[ 11 -1408 128 90 0 ]
[ 11 -1408 256 90 0 ]
[ 11 -1408 384 90 0 ]
[ 11 -1280 128 90 0 ]
[ 11 -1280 256 90 0 ]
[ 11 -1280 384 90 0 ]
[ 11 -1152 128 90 0 ]
[ 11 -1152 256 90 0 ]
[ 11 -1152 384 90 0 ]
[ 11 -1024 128 90 0 ]
[ 11 -1024 256 90 0 ]
[ 11 -1024 384 90 0 ]
[ 14 -768 512 0 0 ]
[ 14 -640 512 0 0 ]
[ 14 -512 512 0 0 ]
[ 14 -768 0 0 0 ]
[ 14 -640 0 0 0 ]
[ 14 -512 0 0 0 ]
[ 11 -896 128 90 0 ]
[ 11 -896 256 90 0 ]
[ 11 -896 384 90 0 ]
[ 11 -768 128 90 0 ]
[ 11 -768 256 90 0 ]
[ 11 -768 384 90 0 ]
[ 11 -640 128 90 0 ]
[ 11 -640 256 90 0 ]
[ 11 -640 384 90 0 ]
[ 11 -512 128 90 0 ]
[ 11 -512 256 90 0 ]
[ 11 -512 384 90 0 ]
[ 14 -3840 512 0 0 ]
[ 14 -3712 512 0 0 ]
[ 14 -3584 512 0 0 ]
[ 14 -3840 0 0 0 ]
[ 14 -3712 0 0 0 ]
[ 14 -3584 0 0 0 ]
[ 14 -3328 512 0 0 ]
[ 14 -3200 512 0 0 ]
[ 14 -3072 512 0 0 ]
[ 14 -3328 0 0 0 ]
[ 14 -3200 0 0 0 ]
[ 14 -3072 0 0 0 ]
[ 14 -2816 512 0 0 ]
[ 14 -2688 512 0 0 ]
[ 14 -2560 512 0 0 ]
[ 14 -2816 0 0 0 ]
[ 14 -2688 0 0 0 ]
[ 14 -2560 0 0 0 ]
[ 11 -3840 128 90 0 ]
[ 11 -3840 256 90 0 ]
[ 11 -3840 384 90 0 ]
[ 11 -3712 128 90 0 ]
[ 11 -3712 256 90 0 ]
[ 11 -3712 384 90 0 ]
[ 11 -3584 128 90 0 ]
[ 11 -3584 256 90 0 ]
[ 11 -3584 384 90 0 ]
[ 11 -3456 128 90 0 ]
[ 11 -3456 256 90 0 ]
[ 11 -3456 384 90 0 ]
[ 11 -3328 128 90 0 ]
[ 11 -3328 256 90 0 ]
[ 11 -3328 384 90 0 ]
[ 11 -3200 128 90 0 ]
[ 11 -3200 256 90 0 ]
[ 11 -3200 384 90 0 ]
[ 11 -3072 128 90 0 ]
[ 11 -3072 256 90 0 ]
[ 11 -3072 384 90 0 ]
[ 11 -2944 128 90 0 ]
[ 11 -2944 256 90 0 ]
[ 11 -2944 384 90 0 ]
[ 11 -2816 128 90 0 ]
[ 11 -2816 256 90 0 ]
[ 11 -2816 384 90 0 ]
[ 11 -2688 128 90 0 ]
[ 11 -2688 256 90 0 ]
[ 11 -2688 384 90 0 ]
[ 11 -2560 128 90 0 ]
[ 11 -2560 256 90 0 ]
[ 11 -2560 384 90 0 ]
[ 11 -2432 128 90 0 ]
[ 11 -2432 256 90 0 ]
[ 11 -2432 384 90 0 ]
[ 14 -5376 512 0 0 ]
[ 14 -5248 512 0 0 ]
[ 14 -5120 512 0 0 ]
[ 14 -5376 0 0 0 ]
[ 14 -5248 0 0 0 ]
[ 14 -5120 0 0 0 ]
[ 14 -4864 512 0 0 ]
[ 14 -4736 512 0 0 ]
[ 14 -4608 512 0 0 ]
[ 14 -4864 0 0 0 ]
[ 14 -4736 0 0 0 ]
[ 14 -4608 0 0 0 ]
[ 14 -4352 512 0 0 ]
[ 14 -4224 512 0 0 ]
[ 14 -4096 512 0 0 ]
[ 14 -4352 0 0 0 ]
[ 14 -4224 0 0 0 ]
[ 14 -4096 0 0 0 ]
[ 11 -5376 128 90 0 ]
[ 11 -5376 256 90 0 ]
[ 11 -5376 384 90 0 ]
[ 11 -5248 128 90 0 ]
[ 11 -5248 256 90 0 ]
[ 11 -5248 384 90 0 ]
[ 11 -5120 128 90 0 ]
[ 11 -5120 256 90 0 ]
[ 11 -5120 384 90 0 ]
[ 11 -4992 128 90 0 ]
[ 11 -4992 256 90 0 ]
[ 11 -4992 384 90 0 ]
[ 11 -4864 128 90 0 ]
[ 11 -4864 256 90 0 ]
[ 11 -4864 384 90 0 ]
[ 11 -4736 128 90 0 ]
[ 11 -4736 256 90 0 ]
[ 11 -4736 384 90 0 ]
[ 11 -4608 128 90 0 ]
[ 11 -4608 256 90 0 ]
[ 11 -4608 384 90 0 ]
[ 11 -4480 128 90 0 ]
[ 11 -4480 256 90 0 ]
[ 11 -4480 384 90 0 ]
[ 11 -4352 128 90 0 ]
[ 11 -4352 256 90 0 ]
[ 11 -4352 384 90 0 ]
[ 11 -4224 128 90 0 ]
[ 11 -4224 256 90 0 ]
[ 11 -4224 384 90 0 ]
[ 11 -4096 128 90 0 ]
[ 11 -4096 256 90 0 ]
[ 11 -4096 384 90 0 ]
[ 11 -3968 128 90 0 ]
[ 11 -3968 256 90 0 ]
[ 11 -3968 384 90 0 ]
[ 14 6400 512 0 0 ]
[ 14 6528 512 0 0 ]
[ 14 6656 512 0 0 ]
[ 14 6400 0 0 0 ]
[ 14 6528 0 0 0 ]
[ 14 6656 0 0 0 ]
[ 14 6912 512 0 0 ]
[ 14 7040 512 0 0 ]
[ 14 7168 512 0 0 ]
[ 14 6912 0 0 0 ]
[ 14 7040 0 0 0 ]
[ 14 7168 0 0 0 ]
[ 14 7424 512 0 0 ]
[ 14 7552 512 0 0 ]
[ 14 7680 512 0 0 ]
[ 14 7424 0 0 0 ]
[ 14 7552 0 0 0 ]
[ 14 7680 0 0 0 ]
[ 11 6400 128 90 0 ]
[ 11 6400 256 90 0 ]
[ 11 6400 384 90 0 ]
[ 11 6528 128 90 0 ]
[ 11 6528 256 90 0 ]
[ 11 6528 384 90 0 ]
[ 11 6656 128 90 0 ]
[ 11 6656 256 90 0 ]
[ 11 6656 384 90 0 ]
[ 11 6784 128 90 0 ]
[ 11 6784 256 90 0 ]
[ 11 6784 384 90 0 ]
[ 11 6912 128 90 0 ]
[ 11 6912 256 90 0 ]
[ 11 6912 384 90 0 ]
[ 11 7040 128 90 0 ]
[ 11 7040 256 90 0 ]
[ 11 7040 384 90 0 ]
[ 11 7168 128 90 0 ]
[ 11 7168 256 90 0 ]
[ 11 7168 384 90 0 ]
[ 11 7296 128 90 0 ]
[ 11 7296 256 90 0 ]
[ 11 7296 384 90 0 ]
[ 11 7424 128 90 0 ]
[ 11 7424 256 90 0 ]
[ 11 7424 384 90 0 ]
[ 11 7552 128 90 0 ]
[ 11 7552 256 90 0 ]
[ 11 7552 384 90 0 ]
[ 11 7680 128 90 0 ]
[ 11 7680 256 90 0 ]
[ 11 7680 384 90 0 ]
[ 14 7936 512 0 0 ]
[ 14 8064 512 0 0 ]
[ 14 8192 512 0 0 ]
[ 14 7936 0 0 0 ]
[ 14 8064 0 0 0 ]
[ 14 8192 0 0 0 ]
[ 11 7808 128 90 0 ]
[ 11 7808 256 90 0 ]
[ 11 7808 384 90 0 ]
[ 11 7936 128 90 0 ]
[ 11 7936 256 90 0 ]
[ 11 7936 384 90 0 ]
[ 11 8064 128 90 0 ]
[ 11 8064 256 90 0 ]
[ 11 8064 384 90 0 ]
[ 11 8192 128 90 0 ]
[ 11 8192 256 90 0 ]
[ 11 8192 384 90 0 ]
[ 11 6272 384 270 0 ]
[ 11 6272 256 270 0 ]
[ 11 6272 128 270 0 ]
[ 14 6272 512 540 0 ]
[ 14 6272 0 180 0 ]
[ 14 8448 512 0 0 ]
[ 14 8576 512 0 0 ]
[ 14 8704 512 0 0 ]
[ 14 8448 0 0 0 ]
[ 14 8576 0 0 0 ]
[ 14 8704 0 0 0 ]
[ 11 8448 128 90 0 ]
[ 11 8448 256 90 0 ]
[ 11 8448 384 90 0 ]
[ 11 8576 128 90 0 ]
[ 11 8576 256 90 0 ]
[ 11 8576 384 90 0 ]
[ 11 8704 128 90 0 ]
[ 11 8704 256 90 0 ]
[ 11 8704 384 90 0 ]
[ 14 8960 512 0 0 ]
[ 14 9088 512 0 0 ]
[ 14 9216 512 0 0 ]
[ 14 8960 0 0 0 ]
[ 14 9088 0 0 0 ]
[ 14 9216 0 0 0 ]
[ 11 8832 128 90 0 ]
[ 11 8832 256 90 0 ]
[ 11 8832 384 90 0 ]
[ 11 8960 128 90 0 ]
[ 11 8960 256 90 0 ]
[ 11 8960 384 90 0 ]
[ 11 9088 128 90 0 ]
[ 11 9088 256 90 0 ]
[ 11 9088 384 90 0 ]
[ 11 9216 128 90 0 ]
[ 11 9216 256 90 0 ]
[ 11 9216 384 90 0 ]
[ 14 9472 512 0 0 ]
[ 14 9600 512 0 0 ]
[ 14 9728 512 0 0 ]
[ 14 9472 0 0 0 ]
[ 14 9600 0 0 0 ]
[ 14 9728 0 0 0 ]
[ 14 9984 512 0 0 ]
[ 14 10112 512 0 0 ]
[ 14 10240 512 0 0 ]
[ 14 9984 0 0 0 ]
[ 14 10112 0 0 0 ]
[ 14 10240 0 0 0 ]
[ 14 10496 512 0 0 ]
[ 14 10624 512 0 0 ]
[ 14 10752 512 0 0 ]
[ 14 10496 0 0 0 ]
[ 14 10624 0 0 0 ]
[ 14 10752 0 0 0 ]
[ 11 9472 128 90 0 ]
[ 11 9472 256 90 0 ]
[ 11 9472 384 90 0 ]
[ 11 9600 128 90 0 ]
[ 11 9600 256 90 0 ]
[ 11 9600 384 90 0 ]
[ 11 9728 128 90 0 ]
[ 11 9728 256 90 0 ]
[ 11 9728 384 90 0 ]
[ 11 9856 128 90 0 ]
[ 11 9856 256 90 0 ]
[ 11 9856 384 90 0 ]
[ 11 9984 128 90 0 ]
[ 11 9984 256 90 0 ]
[ 11 9984 384 90 0 ]
[ 11 10112 128 90 0 ]
[ 11 10112 256 90 0 ]
[ 11 10112 384 90 0 ]
[ 11 10240 128 90 0 ]
[ 11 10240 256 90 0 ]
[ 11 10240 384 90 0 ]
[ 11 10368 128 90 0 ]
[ 11 10368 256 90 0 ]
[ 11 10368 384 90 0 ]
[ 11 10496 128 90 0 ]
[ 11 10496 256 90 0 ]
[ 11 10496 384 90 0 ]
[ 11 10624 128 90 0 ]
[ 11 10624 256 90 0 ]
[ 11 10624 384 90 0 ]
[ 11 10752 128 90 0 ]
[ 11 10752 256 90 0 ]
[ 11 10752 384 90 0 ]
[ 14 11008 512 0 0 ]
[ 14 11136 512 0 0 ]
[ 14 11264 512 0 0 ]
[ 14 11008 0 0 0 ]
[ 14 11136 0 0 0 ]
[ 14 11264 0 0 0 ]
[ 11 10880 128 90 0 ]
[ 11 10880 256 90 0 ]
[ 11 10880 384 90 0 ]
[ 11 11008 128 90 0 ]
[ 11 11008 256 90 0 ]
[ 11 11008 384 90 0 ]
[ 11 11136 128 90 0 ]
[ 11 11136 256 90 0 ]
[ 11 11136 384 90 0 ]
[ 11 11264 128 90 0 ]
[ 11 11264 256 90 0 ]
[ 11 11264 384 90 0 ]
[ 11 9344 384 270 0 ]
[ 11 9344 256 270 0 ]
[ 11 9344 128 270 0 ]
[ 14 9344 512 540 0 ]
[ 14 9344 0 180 0 ]
[ 11 8320 128 90 0 ]
[ 11 8320 256 90 0 ]
[ 11 8320 384 90 0 ]
[ 14 11392 128 270 0 ]
[ 14 11392 256 270 0 ]
[ 14 11392 384 270 0 ]
[ 14 4864 512 0 0 ]
[ 14 4992 512 0 0 ]
[ 14 5120 512 0 0 ]
[ 14 4480 3200 0 0 ]
[ 14 4608 3200 0 0 ]
[ 14 4736 3200 0 0 ]
[ 14 4480 2688 0 0 ]
[ 14 4608 2688 0 0 ]
[ 14 4736 2688 0 0 ]
[ 14 4992 3200 0 0 ]
[ 14 5120 3200 0 0 ]
[ 14 5248 3200 0 0 ]
[ 14 4992 2688 0 0 ]
[ 14 5120 2688 0 0 ]
[ 14 5248 2688 0 0 ]
[ 14 5504 3200 0 0 ]
[ 14 5632 3200 0 0 ]
[ 14 5760 3200 0 0 ]
[ 14 5504 2688 0 0 ]
[ 14 5632 2688 0 0 ]
[ 14 5760 2688 0 0 ]
[ 14 6528 3200 0 0 ]
[ 14 6656 3200 0 0 ]
[ 14 6528 2688 0 0 ]
[ 14 6656 2688 0 0 ]
[ 11 4480 2816 90 0 ]
[ 11 4480 2944 90 0 ]
[ 11 4480 3072 90 0 ]
[ 11 4608 2816 90 0 ]
[ 11 4608 2944 90 0 ]
[ 11 4608 3072 90 0 ]
[ 11 4736 2816 90 0 ]
[ 11 4736 2944 90 0 ]
[ 11 4736 3072 90 0 ]
[ 11 4864 2816 90 0 ]
[ 11 4864 2944 90 0 ]
[ 11 4864 3072 90 0 ]
[ 11 4992 2816 90 0 ]
[ 11 4992 2944 90 0 ]
[ 11 4992 3072 90 0 ]
[ 11 5120 2816 90 0 ]
[ 11 5120 2944 90 0 ]
[ 11 5120 3072 90 0 ]
[ 11 5248 2816 90 0 ]
[ 11 5248 2944 90 0 ]
[ 11 5248 3072 90 0 ]
[ 11 5376 2816 90 0 ]
[ 11 5376 2944 90 0 ]
[ 11 5376 3072 90 0 ]
[ 11 5504 2816 90 0 ]
[ 11 5504 2944 90 0 ]
[ 11 5504 3072 90 0 ]
[ 11 5632 2816 90 0 ]
[ 11 5632 2944 90 0 ]
[ 11 5632 3072 90 0 ]
[ 11 5760 2816 90 0 ]
[ 11 5760 2944 90 0 ]
[ 11 5760 3072 90 0 ]
[ 11 6400 2816 90 0 ]
[ 11 6400 2944 90 0 ]
[ 11 6400 3072 90 0 ]
[ 11 6528 2816 90 0 ]
[ 11 6528 2944 90 0 ]
[ 11 6528 3072 90 0 ]
[ 11 6656 2816 90 0 ]
[ 11 6656 2944 90 0 ]
[ 11 6656 3072 90 0 ]
[ 14 6016 3200 0 0 ]
[ 14 6144 3200 0 0 ]
[ 14 6272 3200 0 0 ]
[ 14 6016 2688 0 0 ]
[ 14 6144 2688 0 0 ]
[ 14 6272 2688 0 0 ]
[ 11 5888 2816 90 0 ]
[ 11 5888 2944 90 0 ]
[ 11 5888 3072 90 0 ]
[ 11 6016 2816 90 0 ]
[ 11 6016 2944 90 0 ]
[ 11 6016 3072 90 0 ]
[ 11 6144 2816 90 0 ]
[ 11 6144 2944 90 0 ]
[ 11 6144 3072 90 0 ]
[ 11 6272 2816 90 0 ]
[ 11 6272 2944 90 0 ]
[ 11 6272 3072 90 0 ]
[ 11 768 2944 90 0 ]
[ 11 768 3072 90 0 ]
[ 18 4352 2944 360 4 ]
[ 14 6784 3200 0 0 ]
[ 14 6784 2688 0 0 ]
[ 11 6784 2816 90 0 ]
[ 11 6784 2944 90 0 ]
[ 11 6784 3072 90 0 ]
[ 14 7040 3200 0 0 ]
[ 14 7168 3200 0 0 ]
[ 14 7040 2688 0 0 ]
[ 14 7168 2688 0 0 ]
[ 11 6912 2816 90 0 ]
[ 11 6912 2944 90 0 ]
[ 11 6912 3072 90 0 ]
[ 11 7040 2816 90 0 ]
[ 11 7040 2944 90 0 ]
[ 11 7040 3072 90 0 ]
[ 11 7168 2816 90 0 ]
[ 11 7168 2944 90 0 ]
[ 11 7168 3072 90 0 ]
[ 14 7296 3200 0 0 ]
[ 14 7296 2688 0 0 ]
[ 11 7296 2816 90 0 ]
[ 11 7296 2944 90 0 ]
[ 11 7296 3072 90 0 ]
[ 14 -6400 512 0 0 ]
[ 14 -6272 512 0 0 ]
[ 14 -6144 512 0 0 ]
[ 14 -6400 0 0 0 ]
[ 14 -6272 0 0 0 ]
[ 14 -6144 0 0 0 ]
[ 14 -5888 512 0 0 ]
[ 14 -5760 512 0 0 ]
[ 14 -5632 512 0 0 ]
[ 14 -5888 0 0 0 ]
[ 14 -5760 0 0 0 ]
[ 14 -5632 0 0 0 ]
[ 11 -6400 128 90 0 ]
[ 11 -6400 256 90 0 ]
[ 11 -6400 384 90 0 ]
[ 11 -6272 128 90 0 ]
[ 11 -6272 256 90 0 ]
[ 11 -6272 384 90 0 ]
[ 11 -6144 128 90 0 ]
[ 11 -6144 256 90 0 ]
[ 11 -6144 384 90 0 ]
[ 11 -6016 128 90 0 ]
[ 11 -6016 256 90 0 ]
[ 11 -6016 384 90 0 ]
[ 11 -5888 128 90 0 ]
[ 11 -5888 256 90 0 ]
[ 11 -5888 384 90 0 ]
[ 11 -5760 128 90 0 ]
[ 11 -5760 256 90 0 ]
[ 11 -5760 384 90 0 ]
[ 11 -5632 128 90 0 ]
[ 11 -5632 256 90 0 ]
[ 11 -5632 384 90 0 ]
[ 11 -5504 128 90 0 ]
[ 11 -5504 256 90 0 ]
[ 11 -5504 384 90 0 ]
[ 14 -7424 512 0 0 ]
[ 14 -7296 512 0 0 ]
[ 14 -7168 512 0 0 ]
[ 14 -7424 0 0 0 ]
[ 14 -7296 0 0 0 ]
[ 14 -7168 0 0 0 ]
[ 14 -6912 512 0 0 ]
[ 14 -6784 512 0 0 ]
[ 14 -6656 512 0 0 ]
[ 14 -6912 0 0 0 ]
[ 14 -6784 0 0 0 ]
[ 14 -6656 0 0 0 ]
[ 11 -7424 128 90 0 ]
[ 11 -7424 256 90 0 ]
[ 11 -7424 384 90 0 ]
[ 11 -7296 128 90 0 ]
[ 11 -7296 256 90 0 ]
[ 11 -7296 384 90 0 ]
[ 11 -7168 128 90 0 ]
[ 11 -7168 256 90 0 ]
[ 11 -7168 384 90 0 ]
[ 11 -7040 128 90 0 ]
[ 11 -7040 256 90 0 ]
[ 11 -7040 384 90 0 ]
[ 11 -6912 128 90 0 ]
[ 11 -6912 256 90 0 ]
[ 11 -6912 384 90 0 ]
[ 11 -6784 128 90 0 ]
[ 11 -6784 256 90 0 ]
[ 11 -6784 384 90 0 ]
[ 11 -6656 128 90 0 ]
[ 11 -6656 256 90 0 ]
[ 11 -6656 384 90 0 ]
[ 11 -6528 128 90 0 ]
[ 11 -6528 256 90 0 ]
[ 11 -6528 384 90 0 ]
[ 14 896 6784 0 0 ]
[ 14 1024 6784 0 0 ]
[ 14 1152 6784 0 0 ]
[ 14 896 6272 0 0 ]
[ 14 1024 6272 0 0 ]
[ 14 1152 6272 0 0 ]
[ 14 1408 6784 0 0 ]
[ 14 1536 6784 0 0 ]
[ 14 1664 6784 0 0 ]
[ 14 1408 6272 0 0 ]
[ 14 1536 6272 0 0 ]
[ 14 1664 6272 0 0 ]
[ 14 1920 6784 0 0 ]
[ 14 2048 6784 0 0 ]
[ 14 2176 6784 0 0 ]
[ 14 1920 6272 0 0 ]
[ 14 2048 6272 0 0 ]
[ 14 2176 6272 0 0 ]
[ 14 2432 6784 0 0 ]
[ 14 2560 6784 0 0 ]
[ 14 2688 6784 0 0 ]
[ 14 2432 6272 0 0 ]
[ 14 2560 6272 0 0 ]
[ 14 2688 6272 0 0 ]
[ 11 896 6400 90 0 ]
[ 11 896 6528 90 0 ]
[ 11 896 6656 90 0 ]
[ 11 1024 6400 90 0 ]
[ 11 1024 6528 90 0 ]
[ 11 1024 6656 90 0 ]
[ 11 1152 6400 90 0 ]
[ 11 1152 6528 90 0 ]
[ 11 1152 6656 90 0 ]
[ 11 1280 6400 90 0 ]
[ 11 1280 6528 90 0 ]
[ 11 1280 6656 90 0 ]
[ 11 1408 6400 90 0 ]
[ 11 1408 6528 90 0 ]
[ 11 1408 6656 90 0 ]
[ 11 1536 6400 90 0 ]
[ 11 1536 6528 90 0 ]
[ 11 1536 6656 90 0 ]
[ 11 1664 6400 90 0 ]
[ 11 1664 6528 90 0 ]
[ 11 1664 6656 90 0 ]
[ 11 1792 6400 90 0 ]
[ 11 1792 6528 90 0 ]
[ 11 1792 6656 90 0 ]
[ 11 1920 6400 90 0 ]
[ 11 1920 6528 90 0 ]
[ 11 1920 6656 90 0 ]
[ 11 2048 6400 90 0 ]
[ 11 2048 6528 90 0 ]
[ 11 2048 6656 90 0 ]
[ 11 2176 6400 90 0 ]
[ 11 2176 6528 90 0 ]
[ 11 2176 6656 90 0 ]
[ 11 2304 6400 90 0 ]
[ 11 2304 6528 90 0 ]
[ 11 2304 6656 90 0 ]
[ 11 2432 6400 90 0 ]
[ 11 2432 6528 90 0 ]
[ 11 2432 6656 90 0 ]
[ 11 2560 6400 90 0 ]
[ 11 2560 6528 90 0 ]
[ 11 2560 6656 90 0 ]
[ 11 2688 6400 90 0 ]
[ 11 2688 6528 90 0 ]
[ 11 2688 6656 90 0 ]
[ 14 -1280 6016 90 0 ]
[ 14 -1280 6144 90 0 ]
[ 14 -1280 6272 90 0 ]
[ 14 -1280 6400 90 0 ]
[ 14 -1280 6528 90 0 ]
[ 14 -1280 6656 90 0 ]
[ 14 -1280 6784 90 0 ]
[ 14 -1280 6912 90 0 ]
[ 14 -1280 7040 90 0 ]
[ 14 -1152 6016 90 0 ]
[ 14 -1152 7040 90 0 ]
[ 14 -1024 6016 90 0 ]
[ 14 -1024 7040 90 0 ]
[ 14 -897 6016 90 0 ]
[ 14 -897 7040 90 0 ]
[ 14 -768 6016 90 0 ]
[ 14 -768 7040 90 0 ]
[ 14 -640 6016 90 0 ]
[ 14 -640 7040 90 0 ]
[ 14 -512 6016 90 0 ]
[ 14 -512 7040 90 0 ]
[ 14 -384 6016 90 0 ]
[ 14 -384 7040 90 0 ]
[ 14 -256 6016 90 0 ]
[ 14 -256 7040 90 0 ]
[ 14 -128 6016 90 0 ]
[ 14 -128 7040 90 0 ]
[ 14 0 6016 90 0 ]
[ 14 0 7040 90 0 ]
[ 14 128 6016 90 0 ]
[ 14 128 7040 90 0 ]
[ 14 256 6016 90 0 ]
[ 14 256 7040 90 0 ]
[ 14 384 6016 90 0 ]
[ 14 384 7040 90 0 ]
[ 14 512 6016 90 0 ]
[ 14 512 7040 90 0 ]
[ 14 639 6016 90 0 ]
[ 14 639 7040 90 0 ]
[ 14 768 6016 90 0 ]
[ 14 768 6144 90 0 ]
[ 14 768 6272 90 0 ]
[ 14 768 6784 90 0 ]
[ 14 768 6912 90 0 ]
[ 14 768 7040 90 0 ]
[ 11 -1152 6144 90 0 ]
[ 11 -1152 6272 90 0 ]
[ 11 -1152 6400 90 0 ]
[ 11 -1152 6528 90 0 ]
[ 11 -1152 6656 90 0 ]
[ 11 -1152 6784 90 0 ]
[ 11 -1152 6912 90 0 ]
[ 11 -1024 6144 90 0 ]
[ 11 -1024 6272 90 0 ]
[ 11 -1024 6400 90 0 ]
[ 11 -1024 6528 90 0 ]
[ 11 -1024 6656 90 0 ]
[ 11 -1024 6784 90 0 ]
[ 11 -1024 6912 90 0 ]
[ 11 -897 6144 90 0 ]
[ 11 -897 6272 90 0 ]
[ 11 -897 6400 90 0 ]
[ 11 -897 6528 90 0 ]
[ 11 -897 6656 90 0 ]
[ 11 -897 6784 90 0 ]
[ 11 -897 6912 90 0 ]
[ 11 -768 6144 90 0 ]
[ 11 -768 6272 90 0 ]
[ 11 -768 6400 90 0 ]
[ 11 -768 6528 90 0 ]
[ 11 -768 6656 90 0 ]
[ 11 -768 6784 90 0 ]
[ 11 -768 6912 90 0 ]
[ 11 -640 6144 90 0 ]
[ 11 -640 6272 90 0 ]
[ 11 -640 6400 90 0 ]
[ 11 -640 6528 90 0 ]
[ 11 -640 6656 90 0 ]
[ 11 -640 6784 90 0 ]
[ 11 -640 6912 90 0 ]
[ 11 -512 6144 90 0 ]
[ 11 -512 6272 90 0 ]
[ 11 -512 6400 90 0 ]
[ 11 -512 6528 90 0 ]
[ 11 -512 6656 90 0 ]
[ 11 -512 6912 90 0 ]
[ 11 -384 6144 90 0 ]
[ 11 -384 6272 90 0 ]
[ 11 -384 6400 90 0 ]
[ 11 -384 6528 90 0 ]
[ 11 -384 6656 90 0 ]
[ 11 -384 6912 90 0 ]
[ 11 -256 6144 90 0 ]
[ 11 -256 6272 90 0 ]
[ 11 -256 6400 90 0 ]
[ 11 -256 6528 90 0 ]
[ 11 -256 6656 90 0 ]
[ 11 -256 6784 90 0 ]
[ 11 -256 6912 90 0 ]
[ 11 -128 6144 90 0 ]
[ 11 -128 6272 90 0 ]
[ 11 -128 6400 90 0 ]
[ 11 -128 6528 90 0 ]
[ 11 -128 6656 90 0 ]
[ 11 -128 6784 90 0 ]
[ 11 -128 6912 90 0 ]
[ 11 0 6144 90 0 ]
[ 11 0 6400 90 0 ]
[ 11 0 6528 90 0 ]
[ 11 0 6656 90 0 ]
[ 11 0 6912 90 0 ]
[ 11 128 6144 90 0 ]
[ 11 128 6272 90 0 ]
[ 11 128 6400 90 0 ]
[ 11 128 6528 90 0 ]
[ 11 128 6656 90 0 ]
[ 11 128 6784 90 0 ]
[ 11 128 6912 90 0 ]
[ 11 256 6144 90 0 ]
[ 11 256 6272 90 0 ]
[ 11 256 6400 90 0 ]
[ 11 256 6528 90 0 ]
[ 11 256 6656 90 0 ]
[ 11 256 6784 90 0 ]
[ 11 256 6912 90 0 ]
[ 11 384 6144 90 0 ]
[ 11 384 6272 90 0 ]
[ 11 384 6400 90 0 ]
[ 11 384 6528 90 0 ]
[ 11 384 6656 90 0 ]
[ 11 384 6784 90 0 ]
[ 11 384 6912 90 0 ]
[ 11 512 6144 90 0 ]
[ 11 512 6400 90 0 ]
[ 11 512 6528 90 0 ]
[ 11 512 6656 90 0 ]
[ 11 512 6784 90 0 ]
[ 11 512 6912 90 0 ]
[ 11 639 6144 90 0 ]
[ 11 639 6272 90 0 ]
[ 11 639 6400 90 0 ]
[ 11 639 6528 90 0 ]
[ 11 639 6656 90 0 ]
[ 11 639 6784 90 0 ]
[ 11 639 6912 90 0 ]
[ 15 768 6400 90 crystal 1 0 ]
[ 11 768 6400 90 0 ]
[ 11 768 6528 90 0 ]
[ 11 768 6656 90 0 ]
[ 11 -384 6784 0 0 ]
[ 11 -512 6784 0 0 ]
[ 3 2816 6400 90 dmode 31 1 ]
[ 3 2816 6656 90 dmode 31 1 ]
[ 14 2944 6784 0 0 ]
[ 14 3072 6784 0 0 ]
[ 14 3200 6784 0 0 ]
[ 14 2944 6272 0 0 ]
[ 14 3072 6272 0 0 ]
[ 14 3200 6272 0 0 ]
[ 6 3200 6400 90 0 ]
[ 6 3072 6400 90 0 ]
[ 6 2943 6400 90 0 ]
[ 6 2943 6528 90 0 ]
[ 6 2943 6656 90 0 ]
[ 6 3072 6656 90 0 ]
[ 6 3072 6528 90 0 ]
[ 6 3200 6528 90 0 ]
[ 6 3200 6656 90 0 ]
[ 100 3328 256 937 ]
[ 102 3711 256 188 128 2688 ]
[ 100 -256 2944 1171 ]
[ 102 -3712 256 256 10752 0 ]
[ 100 -3968 256 1750 ]
[ 100 6528 256 1120 ]
[ 102 11136 256 256 -7040 2688 ]
[ 102 -768 2944 69 0 3584 ]
[ 102 5632 2944 256 -128 -2688 ]
[ 100 3840 2944 1666 ]
[ 103 -768 6528 140 1.2 ]
[ 100 2176 6528 2705 ]
[ 100 2816 6528 814 ]
[ 100 2816 6528 814 ]
[ 100 2816 6528 814 ]
Electric
PLayer 208.757 241.056