Does_not_exist
Map_basic
[ 22 1152 -256 0 0 ]
[ 22 1152 -128 0 0 ]
[ 22 1152 0 0 0 ]
[ 22 1280 -256 0 0 ]
[ 22 1280 -128 0 0 ]
[ 22 1280 0 0 0 ]
[ 22 1024 128 0 0 ]
[ 22 1024 256 0 0 ]
[ 22 1024 384 0 0 ]
[ 22 1408 128 0 0 ]
[ 22 1408 384 0 0 ]
[ 22 1408 256 0 0 ]
[ 22 896 512 0 0 ]
[ 22 896 640 0 0 ]
[ 22 896 768 0 0 ]
[ 22 1536 512 0 0 ]
[ 22 1536 768 0 0 ]
[ 22 1536 640 0 0 ]
[ 22 768 895 0 0 ]
[ 22 768 1024 0 0 ]
[ 22 768 1152 0 0 ]
[ 22 640 1280 0 0 ]
[ 22 640 1407 0 0 ]
[ 22 640 1536 0 0 ]
[ 22 512 1664 0 0 ]
[ 22 512 1792 0 0 ]
[ 22 512 1920 0 0 ]
[ 22 1664 896 0 0 ]
[ 22 1664 1024 0 0 ]
[ 22 1664 1152 0 0 ]
[ 22 1792 1280 0 0 ]
[ 22 1792 1408 0 0 ]
[ 22 1792 1536 0 0 ]
[ 22 1920 1664 0 0 ]
[ 22 1920 1792 0 0 ]
[ 22 1920 1920 0 0 ]
[ 1 2048 2048 180 1 ]
[ 1 4352 2048 90 0 ]
[ 1 4224 2176 270 2 ]
[ 1 4096 2304 270 4 ]
[ 1 3968 2304 90 0 ]
[ 1 3840 2432 180 5 ]
[ 1 3712 2560 0 1 ]
[ 1 3584 2688 90 4 ]
[ 1 3456 2688 180 0 ]
[ 1 3328 2816 0 2 ]
[ 10 -1792 2176 0 0 ]
[ 10 -1664 2304 0 0 ]
[ 10 -1536 2304 0 0 ]
[ 10 -1408 2432 0 0 ]
[ 10 -1280 2560 0 0 ]
[ 10 -1152 2688 0 0 ]
[ 10 -896 2816 0 0 ]
[ 10 -768 2944 0 0 ]
[ 10 -640 3072 0 0 ]
[ 10 -512 3200 0 0 ]
[ 10 -256 3328 0 0 ]
[ 10 -128 3456 0 0 ]
[ 1 3200 2944 270 4 ]
[ 1 2944 3200 0 0 ]
[ 1 2816 3200 180 1 ]
[ 1 2688 3328 270 0 ]
[ 1 2560 3456 0 1 ]
[ 1 2432 3584 90 5 ]
[ 8 2560 3712 0 0 ]
[ 8 2560 3840 0 0 ]
[ 8 2688 4096 0 0 ]
[ 8 2688 4224 0 0 ]
[ 8 2688 4352 0 0 ]
[ 8 2688 4480 0 0 ]
[ 8 2816 4608 0 0 ]
[ 8 2816 4736 0 0 ]
[ 8 2816 4864 0 0 ]
[ 8 2944 4992 0 0 ]
[ 8 2944 5120 0 0 ]
[ 8 2944 5248 0 0 ]
[ 8 3072 5376 0 0 ]
[ 8 3056 5504 0 0 ]
[ 8 3040 5632 0 0 ]
[ 8 3040 5760 0 0 ]
[ 8 2912 5760 0 0 ]
[ 8 2784 5632 0 0 ]
[ 8 2688 5504 0 0 ]
[ 8 2560 5504 0 0 ]
[ 8 2432 5376 0 0 ]
[ 8 2304 5248 0 0 ]
[ 8 2048 5120 0 0 ]
[ 8 2176 5120 0 0 ]
[ 8 1920 4992 0 0 ]
[ 8 1792 4864 0 0 ]
[ 8 1664 4864 0 0 ]
[ 8 1536 4736 0 0 ]
[ 13 -128 3712 0 0 ]
[ 13 -128 3840 0 0 ]
[ 13 -128 3968 0 0 ]
[ 13 -256 4096 0 0 ]
[ 13 -256 4224 0 0 ]
[ 13 -256 4352 0 0 ]
[ 13 -256 4480 0 0 ]
[ 13 -384 4608 0 0 ]
[ 13 -384 4864 0 0 ]
[ 13 -512 4992 0 0 ]
[ 13 -512 5120 0 0 ]
[ 13 -512 5248 0 0 ]
[ 13 -640 5376 0 0 ]
[ 13 -640 5504 0 0 ]
[ 13 -640 5632 0 0 ]
[ 13 -640 5760 0 0 ]
[ 13 -512 5760 0 0 ]
[ 13 -384 5632 0 0 ]
[ 13 -257 5504 0 0 ]
[ 13 -128 5504 0 0 ]
[ 13 0 5376 0 0 ]
[ 13 128 5248 0 0 ]
[ 13 256 5248 0 0 ]
[ 13 384 5120 0 0 ]
[ 13 512 4992 0 0 ]
[ 13 640 4864 0 0 ]
[ 13 768 4736 0 0 ]
[ 13 896 4736 0 0 ]
[ 8 1408 4736 0 0 ]
[ 3 1152 4736 0 0 ]
[ 13 1024 4736 0 0 ]
[ 8 1279 4736 0 0 ]
[ 10 -1792 2048 0 0 ]
[ 10 -1664 2048 0 0 ]
[ 10 -1536 2048 0 0 ]
[ 10 -1280 2048 0 0 ]
[ 10 -1024 2048 0 0 ]
[ 10 -768 2048 0 0 ]
[ 10 128 2048 0 0 ]
[ 10 -128 2048 0 0 ]
[ 10 -257 2048 0 0 ]
[ 10 -512 2048 0 0 ]
[ 3 -512 5632 0 3 ]
[ 3 -1664 2176 0 2 ]
[ 3 512 2048 0 0 ]
[ 3 1920 2048 0 0 ]
[ 3 1152 128 0 0 ]
[ 3 1280 128 0 0 ]
[ 17 1280 384 0 0 ]
[ 17 1280 512 0 0 ]
[ 17 1280 640 0 0 ]
[ 17 1280 768 0 0 ]
[ 17 1152 640 0 0 ]
[ 17 1280 896 0 0 ]
[ 17 1280 1024 0 0 ]
[ 17 1280 1152 0 0 ]
[ 17 1152 1152 0 0 ]
[ 17 1024 1152 0 0 ]
[ 17 1024 1024 0 0 ]
[ 17 1408 1024 0 0 ]
[ 17 768 1408 0 0 ]
[ 17 896 1408 0 0 ]
[ 17 1024 1408 0 0 ]
[ 17 1152 1408 0 0 ]
[ 17 1152 1536 0 0 ]
[ 17 1152 1664 0 0 ]
[ 17 1408 1792 0 0 ]
[ 17 1408 1664 0 0 ]
[ 17 1408 1536 0 0 ]
[ 17 1408 1408 0 0 ]
[ 17 1536 1408 0 0 ]
[ 17 1536 1792 0 0 ]
[ 17 1664 1792 0 0 ]
[ 17 1792 1792 0 0 ]
[ 17 896 1920 0 0 ]
[ 17 896 1792 0 0 ]
[ 17 896 1664 0 0 ]
[ 17 768 1792 0 0 ]
[ 17 1024 1920 0 0 ]
[ 17 1152 1920 0 0 ]
[ 1 3072 3072 0 4 ]
[ 30 -1920 2048 0 barmode 0 ]
[ 10 384 2048 0 0 ]
[ 15 4096 2176 0 crystal 0 1 ]
[ 13 1024 4608 90 0 ]
[ 13 896 4480 90 0 ]
[ 13 768 4352 90 0 ]
[ 13 256 4096 90 0 ]
[ 13 128 3968 90 0 ]
[ 13 512 4224 90 0 ]
[ 13 384 4096 90 0 ]
[ 3 0 3712 0 0 ]
[ 3 -1024 2688 0 2 ]
[ 3 -384 3200 0 2 ]
[ 3 -384 2048 0 2 ]
[ 15 0 2048 0 crystal 2 1 ]
[ 15 256 2048 0 crystal 1 1 ]
[ 15 -896 2048 0 crystal 3 1 ]
[ 15 -640 2048 0 crystal 4 1 ]
[ 15 -512 2560 0 crystal 5 1 ]
[ 3 -512 2816 0 2 ]
[ 15 -1152 2048 0 crystal 7 1 ]
[ 15 -1408 2048 0 crystal 8 1 ]
[ 3 0 3584 0 2 ]
[ 1 3456 2304 270 3 ]
[ 1 3712 2304 270 3 ]
[ 1 2816 2304 270 2 ]
[ 1 2176 2048 270 5 ]
[ 1 2304 2048 270 3 ]
[ 1 2432 2048 90 2 ]
[ 1 2560 2048 270 2 ]
[ 1 2688 2048 270 3 ]
[ 1 2816 2048 0 4 ]
[ 1 2944 2048 0 1 ]
[ 1 3072 2048 180 0 ]
[ 1 3200 2048 270 3 ]
[ 1 3328 2048 90 2 ]
[ 1 3456 2048 0 3 ]
[ 1 3584 2048 180 1 ]
[ 1 3712 2048 180 1 ]
[ 1 3840 2048 0 1 ]
[ 1 3968 2048 180 0 ]
[ 1 4096 2048 90 2 ]
[ 1 4224 2048 180 3 ]
[ 1 2944 2304 90 3 ]
[ 1 3072 2304 90 1 ]
[ 1 3200 2304 90 4 ]
[ 1 3328 2304 270 5 ]
[ 1 3840 2304 270 0 ]
[ 1 2944 3072 270 4 ]
[ 6 2176 2944 0 1 ]
[ 6 2048 2560 0 1 ]
[ 6 1920 2304 0 1 ]
[ 6 2304 3328 0 1 ]
[ 8 2560 3968 90 0 ]
[ 24 384 4224 180 lmode 1 0 ]
[ 3 -385 4736 0 3 ]
[ 24 896 4608 90 lmode 2 0 ]
[ 13 640 4224 270 0 ]
[ 8 1408 4608 90 0 ]
[ 8 1536 4480 90 0 ]
[ 8 1664 4352 90 0 ]
[ 8 1792 4352 90 0 ]
[ 8 1920 4352 90 0 ]
[ 8 2048 4224 90 0 ]
[ 8 2176 4096 90 0 ]
[ 8 2304 4096 90 0 ]
[ 8 2048 4992 90 0 ]
[ 8 2304 4864 90 0 ]
[ 8 2432 4736 90 0 ]
[ 8 2560 4608 90 0 ]
[ 8 2560 5248 90 0 ]
[ 8 2688 5120 90 0 ]
[ 8 2816 4992 90 0 ]
[ 3 2912 5632 0 0 ]
[ 3 2176 4864 0 0 ]
[ 29 2304 5120 0 0 ]
Movables
[ 3584 2304 3 ]
[ 768 3968 0 ]
[ 768 4224 0 ]
[ 896 4352 0 ]
[ 1024 4224 0 ]
[ 1024 4480 0 ]
[ 1152 4352 0 ]
[ 128 3584 1 ]
[ 256 3456 1 ]
[ 384 3328 1 ]
[ 256 3200 1 ]
[ 128 3328 1 ]
[ 256 2944 1 ]
[ 384 3072 1 ]
[ 384 2816 1 ]
[ 512 2944 1 ]
[ 384 2560 1 ]
[ 512 2688 1 ]
[ 640 2816 1 ]
[ 640 2560 1 ]
[ 512 2432 1 ]
[ 640 2304 1 ]
[ 768 2176 1 ]
[ 768 2432 1 ]
[ 896 2304 1 ]
[ 1024 2176 1 ]
[ 896 2560 1 ]
[ 1024 2432 1 ]
[ 768 2688 1 ]
[ 512 3200 1 ]
[ 640 3072 1 ]
[ 768 2944 1 ]
[ 1024 2688 1 ]
[ 896 2816 1 ]
[ 1152 2560 1 ]
[ 1152 2304 1 ]
[ 1280 2432 2 ]
[ 1280 2176 2 ]
[ 1408 2304 2 ]
[ 1536 2176 2 ]
[ 1664 2304 2 ]
[ 1536 2432 2 ]
[ 1792 2176 2 ]
[ 1792 2432 2 ]
[ 1920 2560 2 ]
[ 2048 2688 2 ]
[ 2047 2944 2 ]
[ 1920 2816 2 ]
[ 1664 2560 2 ]
[ 1408 2560 2 ]
[ 1280 2688 2 ]
[ 1536 2688 2 ]
[ 1792 2688 2 ]
[ 1664 2816 2 ]
[ 1792 2944 2 ]
[ 1919 3072 2 ]
[ 2047 3200 2 ]
[ 2175 3072 2 ]
[ 2175 3328 2 ]
[ 2303 3456 2 ]
[ 2175 3584 2 ]
[ 2303 3712 2 ]
[ 2047 3456 2 ]
[ 1920 3328 2 ]
[ 1792 3200 2 ]
[ 1664 3072 2 ]
[ 1408 2816 2 ]
[ 1536 2944 2 ]
[ 1152 4096 0 ]
[ 1024 3968 0 ]
[ 896 4096 0 ]
[ 896 3840 0 ]
[ 768 3712 0 ]
[ 640 3584 0 ]
[ 512 3456 0 ]
[ 768 3456 0 ]
[ 896 3584 0 ]
[ 1024 3712 0 ]
[ 1152 3840 0 ]
[ 1280 3968 0 ]
[ 1280 4224 0 ]
[ 1408 4096 0 ]
[ 896 3072 3 ]
[ 1024 2944 3 ]
[ 1152 2816 3 ]
[ 1280 2944 3 ]
[ 1408 3072 3 ]
[ 1536 3200 3 ]
[ 1664 3328 3 ]
[ 1792 3456 3 ]
[ 1920 3584 3 ]
[ 2048 3712 3 ]
[ 2176 3840 3 ]
[ 1920 3840 3 ]
[ 1792 3968 3 ]
[ 1664 4096 3 ]
[ 1536 3968 3 ]
[ 1408 3840 3 ]
[ 1280 3712 3 ]
[ 896 3328 3 ]
[ 1024 3200 3 ]
[ 1152 3072 3 ]
[ 1280 3200 3 ]
[ 1152 3328 3 ]
[ 1024 3456 3 ]
[ 1152 3584 3 ]
[ 1280 3456 3 ]
[ 1408 3328 3 ]
[ 1408 3584 3 ]
[ 1536 3712 3 ]
[ 1792 3712 3 ]
[ 1664 3840 3 ]
[ 640 3328 0 ]
[ 768 3200 0 ]
Map_floor
[ 22 1280 512 270 0 ]
[ 22 1280 640 270 0 ]
[ 22 1280 768 270 0 ]
[ 22 1152 512 270 0 ]
[ 22 1152 640 270 0 ]
[ 22 1024 512 270 0 ]
[ 22 1024 640 270 0 ]
[ 22 1024 768 270 0 ]
[ 22 1152 768 270 0 ]
[ 22 1152 896 270 0 ]
[ 22 640 1920 270 0 ]
[ 22 768 1920 270 0 ]
[ 22 896 1920 270 0 ]
[ 22 1024 1920 270 0 ]
[ 22 1152 1920 270 0 ]
[ 22 1280 1920 270 0 ]
[ 22 1408 1920 270 0 ]
[ 22 1536 1920 270 0 ]
[ 22 1664 1920 270 0 ]
[ 22 1792 1920 270 0 ]
[ 22 1792 1792 270 0 ]
[ 22 1408 1664 270 0 ]
[ 22 1280 1664 270 0 ]
[ 22 1152 1664 270 0 ]
[ 22 1024 1664 270 0 ]
[ 22 896 1664 270 0 ]
[ 22 768 1664 270 0 ]
[ 22 640 1664 270 0 ]
[ 22 640 1792 270 0 ]
[ 22 768 1792 270 0 ]
[ 22 896 1792 270 0 ]
[ 22 1024 1792 270 0 ]
[ 22 1152 1792 270 0 ]
[ 22 1280 1792 270 0 ]
[ 22 1408 1792 270 0 ]
[ 22 1536 1792 270 0 ]
[ 22 1664 1792 270 0 ]
[ 22 1792 1664 270 0 ]
[ 22 1664 1664 270 0 ]
[ 22 1536 1664 270 0 ]
[ 22 1536 1536 270 0 ]
[ 22 1408 1536 270 0 ]
[ 22 1280 1536 270 0 ]
[ 22 1152 1536 270 0 ]
[ 22 1024 1536 270 0 ]
[ 22 896 1536 270 0 ]
[ 22 768 1536 270 0 ]
[ 22 1536 1408 270 0 ]
[ 22 1664 1536 270 0 ]
[ 22 1664 1408 270 0 ]
[ 22 1664 1280 270 0 ]
[ 22 1536 1280 270 0 ]
[ 22 1408 1408 270 0 ]
[ 22 1280 1408 270 0 ]
[ 22 1152 1408 270 0 ]
[ 22 1024 1408 270 0 ]
[ 22 896 1408 270 0 ]
[ 22 768 1408 270 0 ]
[ 22 768 1280 270 0 ]
[ 22 896 1280 270 0 ]
[ 22 1024 1280 270 0 ]
[ 22 1152 1280 270 0 ]
[ 22 1280 1280 270 0 ]
[ 22 1408 1280 270 0 ]
[ 22 1408 512 270 0 ]
[ 22 1408 640 270 0 ]
[ 22 1408 768 270 0 ]
[ 22 1408 896 270 0 ]
[ 22 1280 896 270 0 ]
[ 22 1280 1024 270 0 ]
[ 22 1152 1024 270 0 ]
[ 22 1024 1024 270 0 ]
[ 22 1024 896 270 0 ]
[ 22 896 896 270 0 ]
[ 22 896 1024 270 0 ]
[ 22 896 1152 270 0 ]
[ 22 1024 1152 270 0 ]
[ 22 1152 1152 270 0 ]
[ 22 1280 1152 270 0 ]
[ 22 1408 1152 270 0 ]
[ 22 1408 1024 270 0 ]
[ 22 1536 896 270 0 ]
[ 22 1536 1024 270 0 ]
[ 22 1536 1152 270 0 ]
[ 2 768 2048 0 dmode 0 0 ]
[ 2 896 2048 0 dmode 0 0 ]
[ 2 1024 2048 0 dmode 0 0 ]
[ 2 1152 2048 0 dmode 0 0 ]
[ 2 1280 2048 0 dmode 0 0 ]
[ 2 1408 2048 0 dmode 0 0 ]
[ 2 1536 2048 0 dmode 0 0 ]
[ 2 1664 2048 0 dmode 0 0 ]
[ 2 1792 2048 0 dmode 0 0 ]
[ 2 640 2048 0 dmode 0 0 ]
[ 38 2432 3456 0 barmode 0 0 ]
[ 38 2432 3328 0 barmode 0 0 ]
[ 38 1920 2176 0 barmode 0 0 ]
[ 38 2048 2304 0 barmode 0 0 ]
[ 38 2048 2432 0 barmode 0 0 ]
[ 38 2176 2560 0 barmode 0 0 ]
[ 38 2176 2688 0 barmode 0 0 ]
[ 38 2176 2816 0 barmode 0 0 ]
[ 38 2304 2944 0 barmode 0 0 ]
[ 38 2304 3072 0 barmode 0 0 ]
[ 38 2304 3200 0 barmode 0 0 ]
[ 5 1280 4480 90 0 ]
[ 5 1408 4480 630 0 ]
[ 5 1408 4352 450 0 ]
[ 5 1536 4352 270 0 ]
[ 5 1536 4224 450 0 ]
[ 4 1664 4224 90 0 ]
[ 4 1792 4224 90 0 ]
[ 5 2432 3712 90 0 ]
[ 5 2432 3840 270 0 ]
[ 5 2304 3840 810 0 ]
[ 5 2304 3968 270 0 ]
[ 5 2048 3968 810 0 ]
[ 5 2048 4096 270 0 ]
[ 5 1920 4096 450 0 ]
[ 5 1920 4224 270 0 ]
[ 4 2176 3968 270 0 ]
[ 5 1280 4608 270 0 ]
[ 5 1152 4608 450 0 ]
[ 23 0 3968 180 lmode 0 0 ]
[ 12 2048 2560 180 3 ]
[ 12 2176 2944 180 3 ]
[ 12 2304 3328 180 2 ]
[ 12 1408 4608 180 4 ]
[ 12 2688 5120 180 2 ]
[ 12 2688 5248 180 2 ]
[ 12 2688 5376 180 2 ]
[ 12 2816 5504 180 1 ]
[ 12 2816 5376 180 3 ]
[ 12 2432 5248 180 0 ]
[ 12 2560 5248 180 5 ]
[ 12 2560 5120 180 0 ]
[ 12 2176 4992 180 0 ]
[ 12 2176 4864 180 5 ]
[ 12 2560 4992 180 1 ]
[ 12 2048 4864 180 1 ]
[ 12 2304 4864 180 4 ]
[ 12 2432 4480 180 4 ]
[ 12 1536 4480 180 3 ]
[ 12 1664 4480 180 4 ]
[ 12 1664 4352 180 5 ]
[ 12 1792 4352 180 5 ]
[ 12 2176 4096 180 5 ]
[ 12 2304 4096 180 2 ]
[ 12 2432 4096 180 1 ]
[ 12 2560 3968 180 5 ]
[ 12 2560 4224 180 1 ]
[ 12 2816 4992 180 0 ]
[ 12 2816 5120 180 4 ]
[ 12 2816 5248 180 3 ]
[ 12 2688 4608 180 4 ]
[ 12 2560 4480 180 4 ]
[ 12 2560 4352 180 0 ]
[ 12 2432 4352 180 3 ]
[ 12 2432 4224 180 5 ]
[ 12 1792 4480 180 4 ]
[ 12 1920 4736 180 1 ]
[ 12 1920 4864 180 4 ]
[ 12 1664 4736 180 3 ]
[ 12 1920 4608 180 3 ]
[ 12 1792 4608 180 0 ]
[ 12 1792 4736 180 5 ]
[ 12 2432 4736 180 5 ]
[ 12 2304 4608 180 5 ]
[ 12 2176 4352 180 0 ]
[ 12 2176 4480 180 4 ]
[ 12 2304 4480 180 1 ]
[ 12 2432 4608 180 2 ]
[ 12 2560 4608 180 5 ]
[ 12 2688 4736 180 1 ]
[ 12 2688 4864 180 5 ]
[ 12 2560 4864 180 4 ]
[ 12 2432 4864 180 3 ]
[ 12 2304 4736 180 5 ]
[ 12 2176 4736 180 2 ]
[ 12 2176 4608 180 1 ]
[ 12 2048 4608 180 2 ]
[ 12 2048 4480 180 2 ]
[ 12 1920 4480 180 0 ]
[ 12 1920 4352 180 0 ]
[ 12 2048 4352 180 3 ]
[ 12 2048 4224 180 2 ]
[ 12 2176 4224 180 5 ]
[ 12 2304 4224 180 5 ]
[ 12 2304 4352 180 1 ]
[ 16 384 2176 0 crystal 0 1 ]
[ 16 256 2176 0 crystal 0 1 ]
[ 16 128 2176 0 crystal 0 1 ]
[ 16 0 2176 0 crystal 0 1 ]
[ 16 0 3200 0 crystal 0 1 ]
[ 16 0 3072 0 crystal 0 1 ]
[ 16 0 2816 0 crystal 0 1 ]
[ 16 0 2688 0 crystal 0 1 ]
[ 16 0 2560 0 crystal 0 1 ]
[ 16 0 2432 0 crystal 0 1 ]
[ 16 0 2304 0 crystal 0 1 ]
[ 15 128 3200 0 crystal 1 0 ]
[ 15 128 3072 0 crystal 1 0 ]
[ 15 128 2944 0 crystal 1 0 ]
[ 15 256 2816 0 crystal 1 0 ]
[ 15 384 2432 0 crystal 1 0 ]
[ 15 384 2304 0 crystal 1 0 ]
[ 15 256 2560 0 crystal 1 0 ]
[ 15 256 2432 0 crystal 1 0 ]
[ 16 128 2304 0 crystal 1 1 ]
[ 16 128 2432 0 crystal 1 1 ]
[ 16 128 2560 0 crystal 1 1 ]
[ 16 128 2688 0 crystal 1 1 ]
[ 16 256 2304 0 crystal 1 1 ]
[ 16 128 2816 0 crystal 1 1 ]
[ 16 -128 2176 0 crystal 2 1 ]
[ 16 -256 2176 0 crystal 2 1 ]
[ 16 -384 2176 0 crystal 2 1 ]
[ 16 -512 2176 0 crystal 2 1 ]
[ 16 -640 2176 0 crystal 2 1 ]
[ 16 -768 2176 0 crystal 2 1 ]
[ 16 -896 2176 0 crystal 2 1 ]
[ 16 -1024 2176 0 crystal 2 1 ]
[ 16 -1152 2176 0 crystal 2 1 ]
[ 16 -1280 2176 0 crystal 2 1 ]
[ 16 -1408 2176 0 crystal 2 1 ]
[ 16 -1536 2176 0 crystal 2 1 ]
[ 16 -1024 2304 0 crystal 2 1 ]
[ 16 -1024 2432 0 crystal 2 1 ]
[ 15 -1024 2560 0 crystal 3 0 ]
[ 16 -896 2304 0 crystal 3 1 ]
[ 16 -896 2432 0 crystal 3 1 ]
[ 16 -896 2560 0 crystal 4 1 ]
[ 16 -896 2688 0 crystal 4 1 ]
[ 16 -384 3072 0 crystal 3 1 ]
[ 16 -384 2944 0 crystal 3 1 ]
[ 16 -384 2816 0 crystal 3 1 ]
[ 16 -384 2688 0 crystal 3 1 ]
[ 16 -384 2560 0 crystal 3 1 ]
[ 16 -384 2432 0 crystal 3 1 ]
[ 16 -512 2432 0 crystal 3 1 ]
[ 16 -640 2432 0 crystal 3 1 ]
[ 16 -640 2304 0 crystal 4 1 ]
[ 16 -384 2304 0 crystal 4 1 ]
[ 16 -512 2304 0 crystal 4 1 ]
[ 16 -768 2304 0 crystal 4 1 ]
[ 16 -256 2304 0 crystal 4 1 ]
[ 16 -128 2304 0 crystal 4 1 ]
[ 16 -128 2432 0 crystal 4 1 ]
[ 16 -128 2560 0 crystal 4 1 ]
[ 16 -256 2688 0 crystal 4 1 ]
[ 16 -256 2816 0 crystal 4 1 ]
[ 16 -256 2944 0 crystal 4 1 ]
[ 16 -1408 2304 0 crystal 4 1 ]
[ 16 -1280 2432 0 crystal 4 1 ]
[ 16 -1152 2560 0 crystal 4 1 ]
[ 16 -1280 2304 0 crystal 5 1 ]
[ 16 -1152 2304 0 crystal 5 1 ]
[ 16 -1152 2432 0 crystal 5 1 ]
[ 16 -768 2560 0 crystal 5 1 ]
[ 16 -768 2688 0 crystal 5 1 ]
[ 16 -640 2688 0 crystal 5 1 ]
[ 16 -640 2560 0 crystal 5 1 ]
[ 16 -512 2688 0 crystal 5 1 ]
[ 15 -256 2432 0 crystal 5 0 ]
[ 15 -256 2560 0 crystal 5 0 ]
[ 15 -128 2688 0 crystal 5 0 ]
[ 15 -128 2816 0 crystal 5 0 ]
[ 15 -128 2944 0 crystal 5 0 ]
[ 15 -640 2816 0 crystal 5 0 ]
[ 15 -512 2944 0 crystal 5 0 ]
[ 16 -256 3072 0 crystal 6 1 ]
[ 16 -256 3200 0 crystal 6 1 ]
[ 16 -128 3328 0 crystal 6 1 ]
[ 16 -128 3200 0 crystal 6 1 ]
[ 16 -128 3072 0 crystal 6 1 ]
[ 16 0 2944 0 crystal 6 1 ]
[ 15 512 2176 0 crystal 1 0 ]
[ 15 0 3328 0 crystal 1 0 ]
[ 15 0 3456 0 crystal 1 0 ]
[ 16 256 2688 0 crystal 7 1 ]
[ 16 -768 2432 0 crystal 7 1 ]
[ 16 -768 2816 0 crystal 8 1 ]
[ 16 -640 2944 0 crystal 8 1 ]
[ 16 -512 3072 0 crystal 8 1 ]
[ 3 2816 2176 270 dmode 1 1 ]
[ 17 3584 2560 270 dmode 1 0 ]
[ 21 3712 2176 270 0 ]
[ 21 3456 2176 270 0 ]
[ 21 3200 2176 270 0 ]
[ 21 2944 2176 270 0 ]
[ 21 3584 2176 270 0 ]
[ 21 3584 2304 270 0 ]
[ 21 3968 2176 270 0 ]
[ 21 3840 2176 270 0 ]
[ 21 3712 2432 270 0 ]
[ 21 3584 2432 270 0 ]
[ 21 3456 2432 270 0 ]
[ 21 2432 2176 270 0 ]
[ 21 2304 2176 270 0 ]
[ 21 2048 2176 270 0 ]
[ 21 2176 2176 270 0 ]
[ 21 2176 2304 270 0 ]
[ 21 2176 2432 270 0 ]
[ 21 2560 2176 270 0 ]
[ 21 2688 2176 270 0 ]
[ 21 2688 2304 270 0 ]
[ 21 2560 2304 270 0 ]
[ 21 2432 2304 270 0 ]
[ 21 2304 2432 270 0 ]
[ 21 2304 2560 270 0 ]
[ 21 2304 2688 270 0 ]
[ 21 2304 2816 270 0 ]
[ 21 2432 2432 270 0 ]
[ 21 2560 2432 270 0 ]
[ 21 2688 2432 270 0 ]
[ 21 2560 2688 270 0 ]
[ 21 2432 2560 270 0 ]
[ 21 2560 2560 270 0 ]
[ 21 2560 3328 270 0 ]
[ 21 2432 3200 270 0 ]
[ 21 2432 3072 270 0 ]
[ 21 2432 2944 270 0 ]
[ 21 2688 2816 270 0 ]
[ 21 2688 2944 270 0 ]
[ 21 2560 2816 270 0 ]
[ 21 2560 3200 270 0 ]
[ 21 2688 3200 270 0 ]
[ 21 2944 3072 270 0 ]
[ 21 2688 2560 270 0 ]
[ 21 2688 2688 270 0 ]
[ 21 3456 2560 270 0 ]
[ 17 2304 2304 0 dmode 1 0 ]
[ 17 2432 2688 0 dmode 2 0 ]
[ 17 2560 3072 0 dmode 3 0 ]
[ 21 2560 2944 0 0 ]
[ 21 2432 2816 0 0 ]
[ 21 2688 3072 0 0 ]
[ 3 2816 2560 90 dmode 3 1 ]
[ 3 2816 2816 90 dmode 3 1 ]
[ 3 2816 2688 90 dmode 3 1 ]
[ 3 2816 2944 90 dmode 3 1 ]
[ 3 2816 2432 90 dmode 3 1 ]
[ 3 3328 2688 90 dmode 1 1 ]
[ 3 3328 2560 90 dmode 1 1 ]
[ 3 3328 2432 90 dmode 1 1 ]
[ 3 3072 2432 90 dmode 2 1 ]
[ 3 3072 2560 90 dmode 2 1 ]
[ 3 3072 2688 90 dmode 2 1 ]
[ 3 3072 2816 90 dmode 2 1 ]
[ 3 3072 2944 90 dmode 2 1 ]
[ 21 2944 2432 90 0 ]
[ 21 2944 2560 90 0 ]
[ 21 2944 2688 90 0 ]
[ 21 2944 2816 90 0 ]
[ 21 2944 2944 90 0 ]
[ 21 3200 2816 90 0 ]
[ 21 3200 2688 90 0 ]
[ 21 3200 2560 90 0 ]
[ 21 3200 2432 90 0 ]
[ 3 2816 3072 90 dmode 3 1 ]
[ 2 3072 2176 90 dmode 3 0 ]
[ 2 3328 2176 90 dmode 2 0 ]
[ 24 -128 4480 180 lmode 0 1 ]
[ 24 0 4480 180 lmode 0 1 ]
[ 24 128 4480 180 lmode 0 1 ]
[ 24 256 4480 180 lmode 0 1 ]
[ 24 384 4480 180 lmode 0 1 ]
[ 24 512 4480 180 lmode 0 1 ]
[ 24 640 4480 180 lmode 0 1 ]
[ 24 768 4480 180 lmode 0 1 ]
[ 12 0 3840 270 1 ]
[ 12 1792 2176 270 3 ]
[ 12 1792 2304 270 3 ]
[ 12 1920 2432 270 2 ]
[ 12 1920 2560 270 2 ]
[ 12 2048 2688 270 3 ]
[ 12 2048 2816 270 2 ]
[ 12 2176 3072 270 2 ]
[ 12 2176 3200 270 3 ]
[ 12 2304 3456 270 3 ]
[ 12 128 3456 270 5 ]
[ 12 128 3328 270 5 ]
[ 12 128 3584 270 5 ]
[ 12 256 3072 270 5 ]
[ 12 256 3200 270 5 ]
[ 12 384 2816 270 5 ]
[ 12 256 2944 270 5 ]
[ 12 384 2560 270 5 ]
[ 12 384 2688 270 5 ]
[ 12 512 2432 270 5 ]
[ 12 512 2304 270 5 ]
[ 9 128 3712 270 1 ]
[ 9 128 3840 270 5 ]
[ 9 256 3840 270 2 ]
[ 9 256 3968 270 3 ]
[ 9 384 3968 270 4 ]
[ 9 512 3968 270 2 ]
[ 9 640 3968 270 4 ]
[ 9 512 4096 270 3 ]
[ 9 640 4096 270 2 ]
[ 9 768 4096 270 4 ]
[ 9 768 4224 270 1 ]
[ 9 896 4224 270 4 ]
[ 9 896 4352 270 3 ]
[ 9 1024 4352 270 4 ]
[ 9 1024 4480 270 3 ]
[ 9 1152 4480 270 3 ]
[ 9 1152 4352 270 4 ]
[ 9 1152 4224 270 0 ]
[ 9 1152 4096 270 0 ]
[ 9 1152 3968 270 2 ]
[ 9 768 2176 270 0 ]
[ 9 896 2176 270 2 ]
[ 9 1024 2176 270 3 ]
[ 9 1152 2176 270 5 ]
[ 9 1280 2176 270 3 ]
[ 9 1408 2176 270 4 ]
[ 9 1536 2176 270 1 ]
[ 9 1664 2176 270 1 ]
[ 9 1664 2304 270 5 ]
[ 9 1664 2432 270 0 ]
[ 9 1408 2560 270 1 ]
[ 9 896 2560 270 5 ]
[ 9 512 2560 270 2 ]
[ 9 640 2560 270 3 ]
[ 9 768 2560 270 4 ]
[ 9 640 2304 270 3 ]
[ 9 640 2432 270 4 ]
[ 9 768 2304 270 0 ]
[ 9 896 2304 270 5 ]
[ 9 1024 2304 270 3 ]
[ 9 1152 2304 270 4 ]
[ 9 1280 2304 270 4 ]
[ 9 1408 2304 270 4 ]
[ 9 1536 2304 270 3 ]
[ 9 1536 2432 270 5 ]
[ 9 1152 2432 270 3 ]
[ 9 1024 2432 270 0 ]
[ 9 896 2432 270 0 ]
[ 9 768 2432 270 0 ]
[ 9 1280 4352 270 4 ]
[ 9 1280 4224 270 0 ]
[ 9 1280 4096 270 0 ]
[ 9 1664 3712 270 0 ]
[ 9 1792 3712 270 0 ]
[ 9 1920 3712 270 2 ]
[ 9 2047 3712 270 0 ]
[ 9 2175 3712 270 4 ]
[ 9 2303 3712 270 5 ]
[ 9 2303 3584 270 2 ]
[ 9 2175 3584 270 0 ]
[ 9 2047 3584 270 1 ]
[ 9 1920 3584 270 4 ]
[ 9 1792 3584 270 4 ]
[ 9 1664 3584 270 5 ]
[ 9 1536 3584 270 2 ]
[ 9 1152 3584 270 3 ]
[ 9 1024 3584 270 0 ]
[ 9 256 3584 270 2 ]
[ 9 256 3712 270 4 ]
[ 9 384 3712 270 5 ]
[ 9 384 3840 270 5 ]
[ 9 1408 3712 360 2 ]
[ 9 1536 3840 270 4 ]
[ 9 2175 3840 270 2 ]
[ 9 2047 3840 270 1 ]
[ 9 1920 3840 270 1 ]
[ 9 1792 3840 270 4 ]
[ 9 1408 3840 270 3 ]
[ 9 1152 3840 270 4 ]
[ 9 768 3840 270 2 ]
[ 9 512 3712 270 0 ]
[ 9 512 3840 270 0 ]
[ 9 640 3840 270 3 ]
[ 9 768 3968 270 3 ]
[ 9 896 3968 270 4 ]
[ 9 896 4096 270 5 ]
[ 9 1024 4224 270 5 ]
[ 9 1024 4096 270 4 ]
[ 9 1024 3968 270 4 ]
[ 9 1024 3840 270 1 ]
[ 9 896 3840 270 3 ]
[ 9 640 3712 270 4 ]
[ 9 768 3712 270 0 ]
[ 9 896 3712 270 1 ]
[ 9 1024 3712 270 1 ]
[ 9 1152 3712 270 3 ]
[ 9 1280 3712 360 0 ]
[ 9 1280 3840 270 4 ]
[ 9 1280 3968 270 4 ]
[ 9 1408 3968 270 3 ]
[ 9 1408 4224 270 3 ]
[ 9 1408 4096 270 2 ]
[ 9 1536 4096 270 2 ]
[ 9 1920 3968 270 4 ]
[ 9 1792 3968 270 2 ]
[ 9 1536 3968 270 1 ]
[ 9 1792 4096 270 5 ]
[ 9 1664 4096 270 0 ]
[ 9 1664 3968 270 5 ]
[ 9 1664 3840 270 1 ]
[ 9 1536 3712 270 1 ]
[ 9 1408 3584 360 5 ]
[ 9 1280 3584 270 1 ]
[ 9 1792 2432 270 2 ]
[ 9 1792 2560 270 4 ]
[ 9 1792 2688 270 5 ]
[ 9 1920 2688 270 3 ]
[ 9 1920 2816 270 0 ]
[ 9 1920 3072 270 4 ]
[ 9 1920 2944 270 1 ]
[ 9 2047 2944 270 5 ]
[ 9 2047 3072 270 1 ]
[ 9 2047 3200 270 2 ]
[ 9 2047 3328 270 4 ]
[ 9 2175 3328 270 2 ]
[ 9 2175 3456 270 3 ]
[ 9 2047 3456 270 4 ]
[ 9 1920 3456 270 5 ]
[ 9 1792 3456 270 2 ]
[ 9 1664 3456 270 1 ]
[ 9 1536 3456 270 5 ]
[ 9 256 3456 270 2 ]
[ 9 256 3328 270 5 ]
[ 9 384 3072 270 5 ]
[ 9 512 3072 270 0 ]
[ 9 384 2944 270 2 ]
[ 9 512 2816 270 2 ]
[ 9 512 2688 270 1 ]
[ 9 640 2688 270 0 ]
[ 9 1536 2688 270 0 ]
[ 9 1792 2816 270 0 ]
[ 9 1664 2816 270 3 ]
[ 9 512 2944 270 0 ]
[ 9 640 3072 270 0 ]
[ 9 768 3072 270 3 ]
[ 9 1152 2944 270 2 ]
[ 9 1536 2944 270 2 ]
[ 9 1664 2944 270 3 ]
[ 9 1792 2944 270 0 ]
[ 9 1792 3072 270 3 ]
[ 9 1664 3072 270 1 ]
[ 9 1536 3072 270 4 ]
[ 9 1408 3072 270 3 ]
[ 9 1152 3072 270 4 ]
[ 9 1024 3072 270 0 ]
[ 9 896 3072 270 1 ]
[ 9 768 3200 270 2 ]
[ 9 640 3200 270 5 ]
[ 9 512 3200 270 5 ]
[ 9 384 3200 270 5 ]
[ 9 384 3328 270 1 ]
[ 9 512 3328 270 2 ]
[ 9 896 3200 270 5 ]
[ 9 1024 3200 270 2 ]
[ 9 1408 3200 270 5 ]
[ 9 1536 3200 270 2 ]
[ 9 1664 3200 270 4 ]
[ 9 640 3328 270 4 ]
[ 9 896 3584 270 3 ]
[ 9 1024 3456 270 1 ]
[ 9 1152 3456 270 5 ]
[ 9 1280 3456 270 1 ]
[ 9 1408 3456 270 4 ]
[ 9 1792 3200 270 0 ]
[ 9 1920 3200 270 2 ]
[ 9 1920 3328 270 2 ]
[ 9 1792 3328 270 0 ]
[ 9 1664 3328 270 5 ]
[ 9 1536 3328 270 4 ]
[ 9 1408 3328 270 2 ]
[ 9 1280 3328 270 1 ]
[ 9 768 3328 270 3 ]
[ 9 640 3456 270 3 ]
[ 9 512 3456 270 0 ]
[ 9 384 3456 270 2 ]
[ 9 384 3584 270 0 ]
[ 9 512 3584 270 0 ]
[ 9 640 3584 270 4 ]
[ 9 768 3584 270 2 ]
[ 9 768 3456 270 2 ]
[ 9 896 3456 270 4 ]
[ 9 896 3328 270 2 ]
[ 9 1024 3328 270 5 ]
[ 9 1152 3328 270 5 ]
[ 9 1152 3200 270 1 ]
[ 9 1280 3200 270 1 ]
[ 9 1280 3072 270 1 ]
[ 9 1280 2944 270 2 ]
[ 9 1408 2944 270 1 ]
[ 9 1408 2688 270 5 ]
[ 9 1280 2688 270 4 ]
[ 9 768 2688 270 4 ]
[ 9 640 2816 270 2 ]
[ 9 640 2944 270 5 ]
[ 9 768 2944 270 5 ]
[ 9 896 2944 270 3 ]
[ 9 1024 2944 270 1 ]
[ 9 1024 2560 270 4 ]
[ 9 1280 2560 270 4 ]
[ 9 1280 2432 270 1 ]
[ 9 1408 2432 270 3 ]
[ 9 1536 2560 270 3 ]
[ 9 1664 2560 270 3 ]
[ 9 1664 2688 270 5 ]
[ 9 1536 2816 270 2 ]
[ 9 1408 2816 270 4 ]
[ 9 1280 2816 270 2 ]
[ 9 1152 2816 270 0 ]
[ 9 1024 2816 270 0 ]
[ 9 768 2816 270 3 ]
[ 9 896 2816 270 5 ]
[ 9 896 2688 270 1 ]
[ 9 1024 2688 270 0 ]
[ 9 1152 2688 270 3 ]
[ 9 1152 2560 270 1 ]
[ 9 640 2176 270 2 ]
[ 42 -128 4096 270 0 ]
[ 42 0 4096 270 0 ]
[ 42 128 4096 270 0 ]
[ 42 128 4224 270 0 ]
[ 42 256 4224 270 0 ]
[ 42 -128 4352 270 0 ]
[ 42 -128 4224 270 0 ]
[ 42 0 4224 270 0 ]
[ 42 0 4352 270 0 ]
[ 42 128 4352 270 0 ]
[ 42 256 4352 270 0 ]
[ 42 384 4352 270 0 ]
[ 42 512 4352 270 0 ]
[ 42 640 4352 270 0 ]
[ 42 -512 5504 270 0 ]
[ 42 -512 5376 270 0 ]
[ 42 -384 5504 270 0 ]
[ 42 -384 5376 270 0 ]
[ 42 -384 5120 270 0 ]
[ 42 384 4992 270 0 ]
[ 42 256 4992 270 0 ]
[ 42 256 5120 270 0 ]
[ 42 0 5120 270 0 ]
[ 42 -128 5120 270 0 ]
[ 42 -256 5120 270 0 ]
[ 42 -256 5376 270 0 ]
[ 42 -128 5376 270 0 ]
[ 23 -384 5248 0 lmode 3 0 ]
[ 23 -256 5248 0 lmode 3 0 ]
[ 23 -128 5248 0 lmode 3 0 ]
[ 23 0 5248 0 lmode 3 0 ]
[ 8 2048 4736 0 ]
[ 7 1664 4608 1 ]
[ 8 1536 4608 2 ]
[ 8 2944 5376 1 ]
[ 7 2944 5504 2 ]
[ 7 2560 5376 3 ]
[ 8 2560 4736 3 ]
[ 7 2688 4992 4 ]
[ 8 2560 4096 4 ]
[ 12 2432 4992 0 3 ]
[ 12 2432 5120 0 4 ]
[ 12 2304 5120 0 4 ]
[ 12 2304 4992 0 2 ]
[ 18 384 3584 180 5 ]
[ 18 256 3712 180 5 ]
[ 18 128 3840 180 5 ]
[ 18 384 3840 180 5 ]
[ 18 512 3712 180 5 ]
[ 18 256 3968 180 5 ]
[ 18 640 3840 180 5 ]
[ 18 512 3968 180 5 ]
[ 18 640 4096 180 5 ]
[ 6 1280 256 180 0 ]
[ 6 1152 256 180 0 ]
[ 19 1280 384 270 0 ]
[ 19 1152 384 270 0 ]
[ 18 256 2816 360 15 ]
[ 12 1920 2304 0 4 ]
[ 9 2432 3968 0 5 ]
[ 7 2448 3968 0 ]
[ 104 1155 28 No,_this_is_Patric ]
[ 104 2817 4737 I'm_bad ]
[ 104 2831 4766 level ]
[ 104 2808 4793 designer ]
[ 103 2304 5120 75 0.25988 ]
[ 103 1152 384 75 1.2 ]
Electric
[ 33 -385 4736 90 lmode 1 ]
[ 26 -256 4736 360 ]
[ 30 640 4864 0 1 ]
[ 31 -512 5248 90 0 ]
[ 27 -512 4992 180 ]
[ 31 -385 4608 270 0 ]
[ 28 -385 4864 450 ]
[ 26 -256 4864 180 ]
[ 26 -128 4864 180 ]
[ 26 0 4864 180 ]
[ 26 128 4864 180 ]
[ 26 256 4864 180 ]
[ 26 384 4864 180 ]
[ 26 512 4864 180 ]
[ 35 -512 5120 450 lmode 2 1 ]
[ 37 -256 4480 630 lmode 0 ]
[ 28 -384 4992 0 ]
[ 37 128 5248 90 lmode 3 ]
[ 27 128 4992 630 ]
[ 26 -256 4992 360 ]
[ 26 -128 4992 0 ]
[ 26 0 4992 0 ]
[ 26 128 5120 90 ]
[ 27 640 4736 360 ]
[ 28 640 4608 180 ]
[ 25 767 4608 360 ]
[ 28 384 4736 0 ]
[ 28 384 4608 180 ]
[ 28 0 4608 180 ]
[ 28 0 4736 360 ]
[ 28 128 4608 180 ]
[ 28 128 4736 360 ]
[ 28 256 4736 0 ]
[ 28 256 4608 180 ]
[ 28 512 4608 180 ]
[ 28 512 4736 360 ]
[ 28 -128 4736 0 ]
[ 28 -128 4608 180 ]
[ 27 -256 4608 90 ]
PLayer 1160.8 1003.6