Does_not_exist
Map_basic
[ 10 128 -256 0 0 ]
[ 10 128 256 0 0 ]
[ 10 640 256 0 0 ]
[ 10 640 -256 0 0 ]
[ 11 128 -128 90 0 ]
[ 11 128 128 90 0 ]
[ 11 256 256 180 0 ]
[ 11 512 256 180 0 ]
[ 3 128 0 0 2 ]
[ 15 896 -256 360 crystal 0 1 ]
[ 11 768 256 0 0 ]
[ 11 896 256 0 0 ]
[ 10 1152 256 0 0 ]
[ 11 1024 256 0 0 ]
[ 10 128 768 0 0 ]
[ 10 640 768 0 0 ]
[ 10 1152 768 0 0 ]
[ 10 1664 768 0 0 ]
[ 10 1664 -256 0 0 ]
[ 10 2176 -256 0 0 ]
[ 10 2176 256 0 0 ]
[ 10 2176 768 0 0 ]
[ 11 128 384 90 0 ]
[ 11 128 640 90 0 ]
[ 11 768 768 180 0 ]
[ 11 895 768 180 0 ]
[ 11 1024 768 180 0 ]
[ 11 1280 768 180 0 ]
[ 11 1408 768 180 0 ]
[ 11 1536 768 180 0 ]
[ 11 1792 768 0 0 ]
[ 11 2048 768 0 0 ]
[ 11 2176 384 90 0 ]
[ 11 2176 640 90 0 ]
[ 11 1792 -256 180 0 ]
[ 11 2048 -256 180 0 ]
[ 11 2176 -128 270 0 ]
[ 11 2176 128 270 0 ]
[ 15 1920 512 0 crystal 1 1 ]
[ 15 1920 0 0 crystal 2 1 ]
[ 15 1664 256 0 crystal 3 1 ]
[ 15 384 512 0 crystal 4 1 ]
[ 11 1280 -256 0 0 ]
[ 11 1408 -256 0 0 ]
[ 11 1536 -256 0 0 ]
[ 10 1152 -256 0 0 ]
[ 3 2176 512 0 2 ]
[ 3 1920 768 0 2 ]
[ 3 1920 -256 0 2 ]
[ 3 2176 0 0 2 ]
[ 3 128 512 0 2 ]
[ 3 384 256 0 2 ]
[ 17 0 -512 180 0 ]
[ 17 128 -512 180 0 ]
[ 17 256 -512 180 0 ]
[ 17 384 -512 180 0 ]
[ 17 512 -512 180 0 ]
[ 17 640 -512 180 0 ]
[ 17 768 -512 180 0 ]
[ 17 896 -512 180 0 ]
[ 17 1024 -512 180 0 ]
[ 17 1152 -512 180 0 ]
[ 17 1280 -512 180 0 ]
[ 17 1408 -512 180 0 ]
[ 17 1535 -512 180 0 ]
[ 17 1664 -512 180 0 ]
[ 17 1792 -512 180 0 ]
[ 17 1920 -512 180 0 ]
[ 17 2048 -512 180 0 ]
[ 17 2176 -512 180 0 ]
[ 17 2304 -512 180 0 ]
[ 17 -128 -512 180 0 ]
[ 17 -128 -384 180 0 ]
[ 17 -128 -257 180 0 ]
[ 17 -128 -128 180 0 ]
[ 17 -128 -1 180 0 ]
[ 17 -128 128 180 0 ]
[ 17 -128 256 180 0 ]
[ 17 -128 384 180 0 ]
[ 17 -128 512 180 0 ]
[ 17 -128 639 180 0 ]
[ 17 2432 -512 180 0 ]
[ 17 2432 -384 180 0 ]
[ 17 2432 -257 180 0 ]
[ 17 2432 -128 180 0 ]
[ 17 2432 -1 180 0 ]
[ 17 2432 128 180 0 ]
[ 17 2432 256 180 0 ]
[ 17 2432 384 180 0 ]
[ 17 2432 512 180 0 ]
[ 17 2432 639 180 0 ]
[ 17 2432 768 180 0 ]
[ 17 2432 896 180 0 ]
[ 17 -128 768 180 0 ]
[ 17 -128 895 180 0 ]
[ 17 0 1024 180 0 ]
[ 17 -128 1024 180 0 ]
[ 17 128 1024 180 0 ]
[ 17 256 1024 180 0 ]
[ 17 384 1024 180 0 ]
[ 17 512 1024 180 0 ]
[ 17 640 1024 180 0 ]
[ 17 768 1024 180 0 ]
[ 17 896 1024 180 0 ]
[ 17 1024 1024 180 0 ]
[ 17 1152 1024 180 0 ]
[ 17 1280 1024 180 0 ]
[ 17 1408 1024 180 0 ]
[ 17 1536 1024 180 0 ]
[ 17 1664 1024 180 0 ]
[ 17 1792 1024 180 0 ]
[ 17 1920 1024 180 0 ]
[ 17 2048 1024 180 0 ]
[ 17 2176 1024 180 0 ]
[ 17 2304 1024 180 0 ]
[ 17 2432 1024 180 0 ]
[ 6 896 512 0 2 ]
[ 11 768 -256 0 0 ]
[ 11 1024 -256 0 0 ]
[ 31 0 895 0 6 ]
[ 31 2304 895 0 6 ]
Movables
Map_floor
[ 14 128 -128 0 0 ]
[ 14 128 128 0 0 ]
[ 14 256 256 0 0 ]
[ 14 384 256 0 0 ]
[ 14 512 256 0 0 ]
[ 14 896 256 0 0 ]
[ 14 768 256 0 0 ]
[ 14 1024 256 0 0 ]
[ 15 640 128 0 crystal 0 0 ]
[ 15 640 0 0 crystal 0 0 ]
[ 15 640 -128 0 crystal 0 0 ]
[ 11 896 -128 0 0 ]
[ 11 1024 -128 0 0 ]
[ 11 1024 0 0 0 ]
[ 11 768 128 0 0 ]
[ 11 768 0 0 0 ]
[ 11 896 0 0 0 ]
[ 11 896 128 0 0 ]
[ 11 1024 128 0 0 ]
[ 16 1152 640 0 crystal 1 1 ]
[ 16 1152 512 0 crystal 1 1 ]
[ 16 1152 384 0 crystal 1 1 ]
[ 15 1664 384 0 crystal 1 0 ]
[ 15 1664 512 0 crystal 1 0 ]
[ 15 1664 640 0 crystal 1 0 ]
[ 16 1792 256 0 crystal 2 1 ]
[ 16 1919 256 0 crystal 2 1 ]
[ 16 2048 256 0 crystal 2 1 ]
[ 16 1664 128 0 crystal 3 1 ]
[ 16 1664 0 0 crystal 3 1 ]
[ 16 1664 -128 0 crystal 3 1 ]
[ 14 128 384 0 0 ]
[ 14 128 512 0 0 ]
[ 14 128 640 0 0 ]
[ 14 768 768 0 0 ]
[ 14 896 768 0 0 ]
[ 14 1024 768 0 0 ]
[ 14 1280 768 0 0 ]
[ 14 1536 768 0 0 ]
[ 14 1919 768 0 0 ]
[ 14 1280 -256 0 0 ]
[ 14 1536 -256 0 0 ]
[ 14 1792 -256 0 0 ]
[ 14 1919 -256 0 0 ]
[ 14 2048 -256 0 0 ]
[ 14 2176 -128 0 0 ]
[ 14 2176 0 0 0 ]
[ 14 2176 128 0 0 ]
[ 16 1152 -128 0 crystal 0 1 ]
[ 16 1152 0 0 crystal 0 1 ]
[ 16 1152 128 0 crystal 0 1 ]
[ 43 1408 -256 90 0 ]
[ 15 640 640 270 crystal 4 0 ]
[ 11 512 384 270 0 ]
[ 11 512 512 270 0 ]
[ 11 512 640 270 0 ]
[ 11 384 640 270 0 ]
[ 11 256 640 270 0 ]
[ 11 256 512 270 0 ]
[ 11 256 384 270 0 ]
[ 11 384 384 270 0 ]
[ 11 896 384 270 0 ]
[ 11 1024 384 270 0 ]
[ 11 1024 512 270 0 ]
[ 11 1024 640 270 0 ]
[ 11 896 640 270 0 ]
[ 11 768 640 270 0 ]
[ 11 768 512 270 0 ]
[ 11 768 384 270 0 ]
[ 11 896 512 270 0 ]
[ 15 640 512 270 crystal 4 0 ]
[ 15 640 384 270 crystal 4 0 ]
[ 11 1280 -128 270 0 ]
[ 11 1280 0 270 0 ]
[ 11 1280 128 270 0 ]
[ 11 1280 256 270 0 ]
[ 11 1280 384 270 0 ]
[ 11 1280 512 270 0 ]
[ 11 1280 640 270 0 ]
[ 11 1408 640 270 0 ]
[ 11 1408 512 270 0 ]
[ 11 1408 384 270 0 ]
[ 11 1408 256 270 0 ]
[ 11 1536 0 270 0 ]
[ 11 1536 -128 270 0 ]
[ 11 1408 -128 270 0 ]
[ 11 1408 0 270 0 ]
[ 11 1408 128 270 0 ]
[ 11 1536 128 270 0 ]
[ 11 1536 256 270 0 ]
[ 11 1536 384 270 0 ]
[ 11 1536 512 270 0 ]
[ 11 1536 640 270 0 ]
[ 14 1920 -128 90 0 ]
[ 14 2048 -128 90 0 ]
[ 14 1792 -128 90 0 ]
[ 14 1792 0 90 0 ]
[ 14 1792 128 90 0 ]
[ 14 1920 128 90 0 ]
[ 14 2048 128 90 0 ]
[ 14 2048 0 90 0 ]
[ 14 2048 384 90 0 ]
[ 14 2048 512 180 0 ]
[ 14 2048 640 630 0 ]
[ 14 1920 640 360 0 ]
[ 14 1792 640 270 0 ]
[ 14 1792 512 360 0 ]
[ 14 1792 384 270 0 ]
[ 14 1920 384 360 0 ]
[ 14 256 768 0 0 ]
[ 14 384 768 0 0 ]
[ 14 512 768 0 0 ]
[ 18 256 768 0 11 ]
[ 18 384 767 0 11 ]
[ 18 512 767 0 11 ]
[ 14 1792 768 90 0 ]
[ 14 2048 768 90 0 ]
[ 14 2176 640 90 0 ]
[ 14 2176 384 90 0 ]
[ 6 256 128 90 0 ]
[ 6 256 0 90 0 ]
[ 6 512 -128 90 0 ]
[ 6 512 0 90 0 ]
[ 6 512 128 90 0 ]
[ 6 384 128 90 0 ]
[ 6 384 0 90 0 ]
[ 6 384 -128 90 0 ]
[ 6 256 -128 90 0 ]
[ 14 256 -256 180 0 ]
[ 14 384 -256 180 0 ]
[ 14 512 -256 180 0 ]
[ 18 384 -256 180 11 ]
[ 18 512 -256 180 11 ]
[ 18 256 -256 180 11 ]
[ 16 0 896 180 crystal 4 1 ]
[ 16 0 -384 180 crystal 4 1 ]
[ 16 2304 -384 180 crystal 4 1 ]
[ 16 2304 896 180 crystal 4 1 ]
[ 16 0 -256 180 crystal 4 1 ]
[ 16 128 -384 180 crystal 4 1 ]
[ 16 2176 -384 180 crystal 4 1 ]
[ 16 2304 -256 180 crystal 4 1 ]
[ 16 2304 768 180 crystal 4 1 ]
[ 16 2176 896 180 crystal 4 1 ]
[ 16 0 768 180 crystal 4 1 ]
[ 16 128 896 180 crystal 4 1 ]
[ 43 1408 768 270 0 ]
[ 11 768 -128 0 0 ]
[ 43 768 -256 90 1 ]
[ 43 1024 -256 90 1 ]
[ 100 1152 256 1464 ]
Electric
PLayer 488.636 68.7894