Does_not_exist
Map_basic
[ 10 128 512 0 0 ]
[ 10 512 128 0 0 ]
[ 10 512 512 0 0 ]
[ 10 896 128 0 0 ]
[ 10 896 512 0 0 ]
[ 10 1280 128 0 0 ]
[ 10 1280 512 0 0 ]
[ 10 1664 128 0 0 ]
[ 10 1664 512 0 0 ]
[ 10 2048 512 0 0 ]
[ 10 128 1152 0 0 ]
[ 10 128 1536 0 0 ]
[ 10 512 1152 0 0 ]
[ 10 512 1536 0 0 ]
[ 10 896 1152 0 0 ]
[ 10 896 1535 0 0 ]
[ 10 1280 1152 0 0 ]
[ 10 1280 1535 0 0 ]
[ 10 1664 1152 0 0 ]
[ 10 1664 1535 0 0 ]
[ 10 2048 1535 0 0 ]
[ 10 2048 1152 0 0 ]
[ 10 -512 128 0 0 ]
[ 10 -512 512 0 0 ]
[ 10 -512 1536 0 0 ]
[ 10 2688 128 0 0 ]
[ 10 2688 512 0 0 ]
[ 10 2688 1151 0 0 ]
[ 10 2688 1536 90 0 ]
[ 11 -384 1152 180 0 ]
[ 11 -256 1152 180 0 ]
[ 11 -128 1152 180 0 ]
[ 11 0 1152 180 0 ]
[ 11 128 1280 270 0 ]
[ 11 128 1408 270 0 ]
[ 11 896 1280 270 0 ]
[ 11 896 1408 270 0 ]
[ 11 1280 1280 270 0 ]
[ 11 1280 1408 270 0 ]
[ 11 -512 640 270 0 ]
[ 11 -512 768 270 0 ]
[ 11 -512 896 270 0 ]
[ 11 -512 1023 270 0 ]
[ 11 -512 1280 270 0 ]
[ 11 -512 1408 270 0 ]
[ 11 -512 256 270 0 ]
[ 11 -512 384 270 0 ]
[ 11 -384 127 0 0 ]
[ 11 -256 127 0 0 ]
[ 11 -128 127 0 0 ]
[ 11 0 127 0 0 ]
[ 11 256 127 0 0 ]
[ 11 383 127 0 0 ]
[ 11 640 127 0 0 ]
[ 11 768 127 0 0 ]
[ 11 768 512 0 0 ]
[ 11 640 512 0 0 ]
[ 11 256 512 0 0 ]
[ 11 383 512 0 0 ]
[ 11 -384 512 0 0 ]
[ 11 -256 512 0 0 ]
[ 11 -128 512 0 0 ]
[ 11 0 512 0 0 ]
[ 11 1024 512 180 0 ]
[ 11 1152 512 180 0 ]
[ 11 1792 512 180 0 ]
[ 11 1919 512 180 0 ]
[ 11 2176 512 180 0 ]
[ 11 2304 512 180 0 ]
[ 11 2432 512 180 0 ]
[ 11 2560 512 180 0 ]
[ 11 2688 640 270 0 ]
[ 11 2688 768 270 0 ]
[ 11 2688 896 270 0 ]
[ 11 2688 1023 270 0 ]
[ 11 256 1152 360 0 ]
[ 11 383 1152 0 0 ]
[ 11 1024 1152 0 0 ]
[ 11 1152 1152 0 0 ]
[ 11 1792 1152 0 0 ]
[ 11 1919 1152 0 0 ]
[ 11 2176 1152 0 0 ]
[ 11 2304 1152 0 0 ]
[ 11 2432 1152 0 0 ]
[ 11 2560 1152 0 0 ]
[ 11 2688 1280 90 0 ]
[ 11 2688 1408 90 0 ]
[ 11 2560 1536 180 0 ]
[ 11 2432 1536 180 0 ]
[ 11 2176 1536 180 0 ]
[ 11 1792 1536 180 0 ]
[ 11 1919 1536 180 0 ]
[ 11 -384 1536 180 0 ]
[ 11 -256 1536 180 0 ]
[ 11 -128 1536 180 0 ]
[ 11 0 1536 180 0 ]
[ 11 256 1536 180 0 ]
[ 11 383 1536 180 0 ]
[ 11 640 1536 180 0 ]
[ 11 768 1536 180 0 ]
[ 11 1024 1536 180 0 ]
[ 11 1152 1536 180 0 ]
[ 11 1408 1536 180 0 ]
[ 11 1536 1536 180 0 ]
[ 11 1024 128 180 0 ]
[ 11 1152 128 180 0 ]
[ 11 1408 128 360 0 ]
[ 11 1536 128 0 0 ]
[ 11 1792 128 180 0 ]
[ 11 1919 128 180 0 ]
[ 11 2176 128 360 0 ]
[ 11 2304 128 0 0 ]
[ 11 2432 128 0 0 ]
[ 11 2560 128 0 0 ]
[ 11 2688 256 90 0 ]
[ 11 2688 383 90 0 ]
[ 15 -384 384 360 crystal 0 1 ]
[ 15 2560 384 360 crystal 1 1 ]
[ 2 256 1408 90 dmode 0 0 ]
[ 3 2560 1408 0 2 ]
[ 15 0 1408 360 crystal 2 1 ]
[ 3 -384 1024 0 2 ]
[ 3 -384 640 0 2 ]
[ 3 2560 640 0 2 ]
[ 3 2560 1024 0 2 ]
[ 6 2176 1024 0 2 ]
[ 6 2176 640 0 2 ]
[ 6 0 640 0 2 ]
[ 6 0 1024 0 2 ]
[ 15 1856 1344 0 crystal 3 1 ]
[ 30 -512 1152 0 barmode 2 ]
[ 11 2304 1536 180 0 ]
[ 3 128 127 0 2 ]
[ 3 2048 127 0 2 ]
[ 31 1088 1344 0 12 ]
Movables
Map_floor
[ 14 -512 384 90 0 ]
[ 14 -512 1024 90 0 ]
[ 14 -512 1280 90 0 ]
[ 14 -512 1408 90 0 ]
[ 14 -384 1536 90 0 ]
[ 14 -256 1536 90 0 ]
[ 14 -128 128 90 0 ]
[ 14 -128 1536 90 0 ]
[ 14 0 128 90 0 ]
[ 14 0 1536 90 0 ]
[ 14 256 128 90 0 ]
[ 14 384 1536 90 0 ]
[ 14 640 128 90 0 ]
[ 14 768 128 90 0 ]
[ 14 768 1536 90 0 ]
[ 14 1024 1536 90 0 ]
[ 14 1152 1280 90 0 ]
[ 14 1152 1408 90 0 ]
[ 14 1152 1536 90 0 ]
[ 14 1408 1280 90 0 ]
[ 14 1408 1408 90 0 ]
[ 14 1408 1536 90 0 ]
[ 14 1536 128 90 0 ]
[ 14 1536 1280 90 0 ]
[ 14 1536 1408 90 0 ]
[ 14 1536 1536 90 0 ]
[ 14 1792 1280 90 0 ]
[ 14 1792 1408 90 0 ]
[ 14 1792 1536 90 0 ]
[ 14 1920 896 90 0 ]
[ 14 1920 1280 90 0 ]
[ 14 1920 1408 90 0 ]
[ 14 1920 1536 90 0 ]
[ 14 2176 128 90 0 ]
[ 14 2176 1280 90 0 ]
[ 14 2176 1408 90 0 ]
[ 14 2176 1536 90 0 ]
[ 14 2304 128 90 0 ]
[ 14 2304 256 90 0 ]
[ 14 2304 1280 90 0 ]
[ 14 2304 1408 90 0 ]
[ 14 2432 256 90 0 ]
[ 14 2432 1280 90 0 ]
[ 14 2432 1536 90 0 ]
[ 14 2560 256 90 0 ]
[ 14 2560 1408 90 0 ]
[ 14 2560 1536 90 0 ]
[ 14 2688 384 90 0 ]
[ 14 2688 640 90 0 ]
[ 14 2688 1024 90 0 ]
[ 14 2688 1280 90 0 ]
[ 14 2688 1408 90 0 ]
[ 11 -384 256 90 0 ]
[ 11 -384 1280 90 0 ]
[ 11 -384 1408 90 0 ]
[ 11 -256 256 90 0 ]
[ 11 -256 384 90 0 ]
[ 11 -256 1280 90 0 ]
[ 11 -256 1408 90 0 ]
[ 11 -128 256 90 0 ]
[ 11 -128 1280 90 0 ]
[ 11 0 256 90 0 ]
[ 11 0 1408 90 0 ]
[ 11 256 896 90 0 ]
[ 11 256 1280 90 0 ]
[ 11 256 1408 90 0 ]
[ 11 384 1280 90 0 ]
[ 11 384 1408 90 0 ]
[ 11 640 1280 90 0 ]
[ 11 640 1408 90 0 ]
[ 11 768 1280 90 0 ]
[ 11 768 1408 90 0 ]
[ 11 1024 1280 90 0 ]
[ 11 1024 1408 90 0 ]
[ 11 1152 1280 90 0 ]
[ 11 1152 1408 90 0 ]
[ 11 1408 1280 90 0 ]
[ 11 1408 1408 90 0 ]
[ 11 1536 1280 90 0 ]
[ 11 1536 1408 90 0 ]
[ 11 1792 1280 90 0 ]
[ 11 1792 1408 90 0 ]
[ 11 1920 896 90 0 ]
[ 11 1920 1280 90 0 ]
[ 11 1920 1408 90 0 ]
[ 11 2176 1280 90 0 ]
[ 11 2176 1408 90 0 ]
[ 11 2304 256 90 0 ]
[ 11 2304 1280 90 0 ]
[ 11 2304 1408 90 0 ]
[ 11 2432 256 90 0 ]
[ 11 2432 1280 90 0 ]
[ 11 2560 256 90 0 ]
[ 11 2560 1408 90 0 ]
[ 14 -384 512 90 0 ]
[ 14 -256 512 90 0 ]
[ 14 -128 512 90 0 ]
[ 14 0 512 90 0 ]
[ 14 256 512 90 0 ]
[ 14 639 512 90 0 ]
[ 14 768 512 90 0 ]
[ 14 1024 512 90 0 ]
[ 14 1152 512 90 0 ]
[ 14 1792 512 90 0 ]
[ 14 1920 512 90 0 ]
[ 14 2175 512 90 0 ]
[ 14 2303 512 90 0 ]
[ 14 2432 512 90 0 ]
[ 14 2560 512 90 0 ]
[ 14 2560 1152 90 0 ]
[ 14 2432 1152 90 0 ]
[ 14 2303 1152 90 0 ]
[ 14 1920 1152 90 0 ]
[ 14 1792 1152 90 0 ]
[ 14 1152 1152 90 0 ]
[ 14 1024 1152 90 0 ]
[ 14 256 1152 90 0 ]
[ 14 0 1152 90 0 ]
[ 14 -128 1152 90 0 ]
[ 14 -256 1152 90 0 ]
[ 14 -384 1152 90 0 ]
[ 14 128 1407 90 0 ]
[ 14 128 1280 90 0 ]
[ 11 384 896 90 0 ]
[ 14 2175 1152 90 0 ]
[ 14 1920 128 90 0 ]
[ 14 -512 640 90 0 ]
[ 14 256 1536 90 0 ]
[ 14 640 1536 90 0 ]
[ 11 256 640 90 0 ]
[ 11 384 640 90 0 ]
[ 11 1024 640 90 0 ]
[ 11 1151 640 90 0 ]
[ 11 1792 640 90 0 ]
[ 11 1920 1024 90 0 ]
[ 11 1792 1024 90 0 ]
[ 11 1151 1024 90 0 ]
[ 11 384 1024 90 0 ]
[ 11 256 1024 90 0 ]
[ 11 256 768 90 0 ]
[ 11 384 768 90 0 ]
[ 11 1024 768 90 0 ]
[ 11 1024 1024 90 0 ]
[ 11 1151 896 90 0 ]
[ 11 1024 896 90 0 ]
[ 11 1151 768 90 0 ]
[ 11 1792 896 90 0 ]
[ 11 1792 768 90 0 ]
[ 11 1920 768 90 0 ]
[ 11 1920 640 90 0 ]
[ 21 0 768 90 0 ]
[ 21 0 640 90 0 ]
[ 21 -129 640 90 0 ]
[ 21 -256 640 90 0 ]
[ 21 -384 640 90 0 ]
[ 21 -384 768 90 0 ]
[ 21 -384 896 90 0 ]
[ 21 -384 1024 90 0 ]
[ 21 -256 1024 90 0 ]
[ 21 -129 1024 90 0 ]
[ 21 0 1024 90 0 ]
[ 21 0 896 90 0 ]
[ 21 -129 768 90 0 ]
[ 21 -256 768 90 0 ]
[ 21 -256 896 90 0 ]
[ 21 -129 896 90 0 ]
[ 21 2304 768 90 0 ]
[ 21 2176 1024 90 0 ]
[ 21 2304 1024 90 0 ]
[ 21 2431 1024 90 0 ]
[ 21 2560 1024 90 0 ]
[ 21 2560 896 90 0 ]
[ 21 2304 640 90 0 ]
[ 21 2176 640 90 0 ]
[ 21 2176 768 90 0 ]
[ 21 2176 896 90 0 ]
[ 21 2304 896 90 0 ]
[ 21 2431 896 90 0 ]
[ 21 2560 768 90 0 ]
[ 21 2560 640 90 0 ]
[ 21 2431 640 90 0 ]
[ 21 2431 768 90 0 ]
[ 3 128 640 90 dmode 0 1 ]
[ 3 128 768 90 dmode 0 1 ]
[ 3 128 896 90 dmode 0 1 ]
[ 3 128 1024 90 dmode 0 1 ]
[ 3 2048 640 90 dmode 0 1 ]
[ 3 2048 768 90 dmode 0 1 ]
[ 3 2048 896 90 dmode 0 1 ]
[ 3 2048 1024 90 dmode 0 1 ]
[ 11 256 256 90 0 ]
[ 11 384 256 90 0 ]
[ 11 640 256 90 0 ]
[ 11 768 256 90 0 ]
[ 11 1024 256 90 0 ]
[ 11 1152 256 90 0 ]
[ 11 1408 256 90 0 ]
[ 11 1536 256 90 0 ]
[ 11 1792 256 90 0 ]
[ 11 1920 256 90 0 ]
[ 11 2176 256 90 0 ]
[ 11 2560 384 90 0 ]
[ 11 2432 384 90 0 ]
[ 11 2304 384 90 0 ]
[ 11 2176 384 90 0 ]
[ 11 1920 384 90 0 ]
[ 11 1792 384 90 0 ]
[ 11 1536 384 90 0 ]
[ 11 1408 384 90 0 ]
[ 11 1152 384 90 0 ]
[ 11 1024 384 90 0 ]
[ 11 768 384 90 0 ]
[ 11 640 384 90 0 ]
[ 11 384 384 90 0 ]
[ 11 256 384 90 0 ]
[ 11 0 384 90 0 ]
[ 11 -128 384 90 0 ]
[ 16 128 256 0 crystal 0 1 ]
[ 16 128 384 0 crystal 0 1 ]
[ 16 2048 256 0 crystal 0 1 ]
[ 16 2048 384 0 crystal 0 1 ]
[ 15 896 256 0 crystal 0 0 ]
[ 15 896 384 0 crystal 0 0 ]
[ 15 1280 256 0 crystal 0 0 ]
[ 15 1280 384 0 crystal 0 0 ]
[ 43 384 128 450 0 ]
[ 14 1792 128 90 0 ]
[ 43 1408 128 90 0 ]
[ 43 -512 256 360 1 ]
[ 43 2688 256 180 1 ]
[ 43 1152 128 450 2 ]
[ 43 2560 128 450 2 ]
[ 43 1024 128 90 3 ]
[ 43 -384 128 90 3 ]
[ 14 -256 128 90 0 ]
[ 14 2432 128 90 0 ]
[ 16 512 256 0 crystal 1 1 ]
[ 16 512 384 0 crystal 1 1 ]
[ 15 1664 256 0 crystal 1 0 ]
[ 15 1664 384 0 crystal 1 0 ]
[ 16 1408 512 0 crystal 1 1 ]
[ 16 1536 512 0 crystal 1 1 ]
[ 16 640 1152 0 crystal 0 1 ]
[ 16 768 1152 0 crystal 0 1 ]
[ 43 384 512 270 4 ]
[ 43 384 1152 450 4 ]
[ 2 1664 1280 90 dmode 0 0 ]
[ 2 1664 1408 90 dmode 0 0 ]
[ 2 2048 1280 90 dmode 0 0 ]
[ 2 2048 1408 90 dmode 0 0 ]
[ 43 896 1280 180 5 ]
[ 43 1280 1280 360 5 ]
[ 43 896 1408 0 6 ]
[ 43 1280 1408 180 6 ]
[ 43 1088 1344 270 7 ]
[ 43 -320 1344 540 7 ]
[ 15 512 640 0 crystal 2 0 ]
[ 15 512 768 0 crystal 2 0 ]
[ 15 512 896 0 crystal 2 0 ]
[ 15 512 1024 0 crystal 2 0 ]
[ 16 2432 1408 0 crystal 2 1 ]
[ 16 2560 1280 0 crystal 2 1 ]
[ 43 -512 768 0 8 ]
[ 43 2688 896 180 8 ]
[ 43 2688 768 540 9 ]
[ 43 -512 896 360 9 ]
[ 15 1280 640 0 crystal 3 0 ]
[ 15 1280 768 0 crystal 3 0 ]
[ 15 1280 896 0 crystal 3 0 ]
[ 15 1280 1024 0 crystal 3 0 ]
[ 16 512 1280 0 crystal 3 1 ]
[ 16 512 1408 0 crystal 3 1 ]
[ 40 -128 1408 0 barmode 2 0 ]
[ 40 0 1280 0 barmode 2 0 ]
[ 14 2304 1536 90 0 ]
[ 16 896 640 180 crystal 3 1 ]
[ 16 896 768 180 crystal 3 1 ]
[ 16 896 896 180 crystal 3 1 ]
[ 16 896 1024 180 crystal 3 1 ]
[ 6 640 640 180 0 ]
[ 6 768 640 180 0 ]
[ 6 768 768 180 0 ]
[ 6 768 896 180 0 ]
[ 6 768 1024 180 0 ]
[ 6 640 1024 180 0 ]
[ 6 640 896 180 0 ]
[ 6 640 768 180 0 ]
[ 6 1536 640 180 0 ]
[ 6 1536 768 180 0 ]
[ 6 1536 896 180 0 ]
[ 6 1536 1024 180 0 ]
[ 6 1408 1024 180 0 ]
[ 6 1408 896 180 0 ]
[ 6 1408 768 180 0 ]
[ 6 1408 640 180 0 ]
[ 41 1664 640 180 barmode 2 1 ]
[ 41 1664 768 180 barmode 2 1 ]
[ 41 1664 896 180 barmode 2 1 ]
[ 41 1664 1024 180 barmode 2 1 ]
[ 16 1536 1152 180 crystal 2 1 ]
[ 16 1408 1152 180 crystal 2 1 ]
[ 100 1088 816 1831 ]
[ 103 2016 1504 306 0.88211 ]
Electric
PLayer 261.698 384.41