Does_not_exist
Map_basic
[ 10 640 896 0 0 ]
[ 10 640 0 0 0 ]
[ 10 1152 0 0 0 ]
[ 10 640 1280 0 0 ]
[ 10 2688 1280 0 0 ]
[ 10 3200 0 0 0 ]
[ 10 3200 1280 0 0 ]
[ 10 3200 896 0 0 ]
[ 11 768 0 0 0 ]
[ 11 896 0 0 0 ]
[ 11 1024 0 0 0 ]
[ 11 1152 127 90 0 ]
[ 11 1152 256 90 0 ]
[ 11 1152 512 90 0 ]
[ 11 1152 640 90 0 ]
[ 11 1152 768 90 0 ]
[ 11 1408 896 180 0 ]
[ 11 1280 896 180 0 ]
[ 11 1664 896 180 0 ]
[ 11 1792 896 180 0 ]
[ 11 2176 896 180 0 ]
[ 11 2048 896 180 0 ]
[ 11 2560 896 180 0 ]
[ 11 2432 896 180 0 ]
[ 11 2687 640 270 0 ]
[ 11 2687 512 270 0 ]
[ 11 2687 768 270 0 ]
[ 11 2687 128 270 0 ]
[ 11 2687 256 270 0 ]
[ 11 3071 0 360 0 ]
[ 11 2943 0 0 0 ]
[ 11 2815 0 0 0 ]
[ 11 3200 127 90 0 ]
[ 11 3200 256 90 0 ]
[ 11 3200 1024 90 0 ]
[ 11 3200 1152 90 0 ]
[ 11 2816 1279 180 0 ]
[ 11 2944 1279 180 0 ]
[ 11 3072 1279 180 0 ]
[ 11 640 127 270 0 ]
[ 11 640 256 270 0 ]
[ 11 640 512 270 0 ]
[ 11 640 640 270 0 ]
[ 11 640 768 270 0 ]
[ 11 640 1024 270 0 ]
[ 11 640 1152 270 0 ]
[ 11 768 1280 540 0 ]
[ 11 1024 1280 180 0 ]
[ 11 1280 1280 180 0 ]
[ 11 1408 1280 360 0 ]
[ 11 1664 1280 180 0 ]
[ 11 1792 1280 180 0 ]
[ 11 2048 1280 180 0 ]
[ 11 2176 1280 180 0 ]
[ 11 2432 1280 180 0 ]
[ 11 2560 1280 180 0 ]
[ 11 1280 0 180 0 ]
[ 11 1408 0 180 0 ]
[ 11 1536 0 180 0 ]
[ 11 1664 0 180 0 ]
[ 11 1792 0 180 0 ]
[ 11 1920 0 180 0 ]
[ 11 2048 0 180 0 ]
[ 11 2176 0 180 0 ]
[ 11 2432 0 180 0 ]
[ 11 2560 0 180 0 ]
[ 15 768 128 360 crystal 0 1 ]
[ 3 3072 128 0 2 ]
[ 11 2816 896 0 0 ]
[ 11 2944 896 0 0 ]
[ 11 3072 896 0 0 ]
[ 11 896 896 0 0 ]
[ 11 1024 896 0 0 ]
[ 11 768 896 0 0 ]
[ 2 896 1280 180 dmode 0 0 ]
[ 15 2432 1152 0 crystal 1 1 ]
[ 11 2304 1152 90 0 ]
[ 11 2304 1024 90 0 ]
[ 3 1536 1280 360 2 ]
[ 3 1920 1280 0 2 ]
[ 3 1152 1280 0 2 ]
[ 3 640 384 0 2 ]
[ 3 1152 384 0 2 ]
[ 3 2304 384 0 1 ]
[ 3 2304 0 0 1 ]
[ 3 2688 384 0 1 ]
[ 20 2688 896 0 1 ]
[ 3 2560 768 0 2 ]
[ 3 3072 1152 0 1 ]
[ 11 3200 512 270 0 ]
[ 11 3200 640 270 0 ]
[ 11 3200 768 270 0 ]
[ 10 1152 896 270 0 ]
[ 10 1536 896 270 0 ]
[ 10 1920 896 270 0 ]
[ 10 2304 896 270 0 ]
[ 10 2304 1280 0 0 ]
[ 10 2688 0 0 0 ]
[ 2 3200 384 90 dmode 1 0 ]
Movables
Map_floor
[ 14 640 0 0 0 ]
[ 14 640 128 0 0 ]
[ 14 640 383 0 0 ]
[ 14 640 512 0 0 ]
[ 14 640 768 0 0 ]
[ 14 640 896 0 0 ]
[ 14 640 1152 0 0 ]
[ 14 768 0 0 0 ]
[ 14 768 1280 0 0 ]
[ 14 896 0 0 0 ]
[ 14 896 1280 0 0 ]
[ 14 1024 0 0 0 ]
[ 14 1024 1280 0 0 ]
[ 14 1151 0 0 0 ]
[ 14 1151 512 0 0 ]
[ 14 1151 768 0 0 ]
[ 14 1151 1280 0 0 ]
[ 14 1280 896 0 0 ]
[ 14 1280 1280 0 0 ]
[ 14 1408 896 0 0 ]
[ 14 1408 1280 0 0 ]
[ 14 1664 1280 0 0 ]
[ 14 1920 1280 0 0 ]
[ 14 2048 896 0 0 ]
[ 14 2048 1280 0 0 ]
[ 14 2176 896 0 0 ]
[ 14 2176 1280 0 0 ]
[ 14 2304 1280 0 0 ]
[ 14 2432 896 0 0 ]
[ 14 2432 1280 0 0 ]
[ 14 2560 896 0 0 ]
[ 14 2560 1280 0 0 ]
[ 14 2688 0 0 0 ]
[ 14 2688 512 0 0 ]
[ 14 2688 768 0 0 ]
[ 14 2688 1280 0 0 ]
[ 14 2816 0 0 0 ]
[ 14 2816 1280 0 0 ]
[ 14 2943 0 0 0 ]
[ 14 2943 1280 0 0 ]
[ 14 3072 0 0 0 ]
[ 14 3072 1280 0 0 ]
[ 14 3200 0 0 0 ]
[ 14 3200 128 0 0 ]
[ 14 3200 256 0 0 ]
[ 14 3200 383 0 0 ]
[ 14 3200 512 0 0 ]
[ 14 3200 640 0 0 ]
[ 14 3200 768 0 0 ]
[ 14 3200 896 0 0 ]
[ 14 3200 1024 0 0 ]
[ 14 3200 1152 0 0 ]
[ 14 3200 1280 0 0 ]
[ 11 768 128 0 0 ]
[ 11 768 256 0 0 ]
[ 11 768 512 0 0 ]
[ 11 768 640 0 0 ]
[ 11 768 768 0 0 ]
[ 11 768 1024 0 0 ]
[ 11 768 1152 0 0 ]
[ 11 896 128 0 0 ]
[ 11 896 256 0 0 ]
[ 11 896 512 0 0 ]
[ 11 896 640 0 0 ]
[ 11 896 1152 0 0 ]
[ 11 1024 128 0 0 ]
[ 11 1024 256 0 0 ]
[ 11 1024 512 0 0 ]
[ 11 1024 640 0 0 ]
[ 11 1024 768 0 0 ]
[ 11 1024 1024 0 0 ]
[ 11 1024 1152 0 0 ]
[ 11 1280 1024 0 0 ]
[ 11 1280 1152 0 0 ]
[ 11 1408 1024 0 0 ]
[ 11 1408 1152 0 0 ]
[ 11 1664 1024 0 0 ]
[ 11 1664 1152 0 0 ]
[ 11 1792 1024 0 0 ]
[ 11 1792 1152 0 0 ]
[ 11 2048 1024 0 0 ]
[ 11 2048 1152 0 0 ]
[ 11 2176 1024 0 0 ]
[ 11 2176 1152 0 0 ]
[ 11 2432 1024 180 0 ]
[ 11 2432 1152 0 0 ]
[ 11 2560 1024 0 0 ]
[ 11 2560 1152 0 0 ]
[ 11 2816 1152 0 0 ]
[ 11 2943 1152 0 0 ]
[ 11 3072 1152 0 0 ]
[ 11 2816 128 0 0 ]
[ 11 2816 256 0 0 ]
[ 11 2816 512 0 0 ]
[ 11 2816 640 0 0 ]
[ 11 2816 768 0 0 ]
[ 11 2816 1024 0 0 ]
[ 11 2943 128 0 0 ]
[ 11 2943 256 0 0 ]
[ 11 2943 512 0 0 ]
[ 11 2943 640 0 0 ]
[ 11 3072 128 0 0 ]
[ 11 3072 256 0 0 ]
[ 11 3072 512 0 0 ]
[ 11 3072 640 0 0 ]
[ 11 3072 768 0 0 ]
[ 11 3072 1024 0 0 ]
[ 11 1280 128 0 0 ]
[ 11 1280 256 0 0 ]
[ 11 1280 383 0 0 ]
[ 11 1280 512 0 0 ]
[ 11 1280 640 180 0 ]
[ 11 1280 768 0 0 ]
[ 11 1408 128 0 0 ]
[ 11 1408 256 0 0 ]
[ 11 1408 383 0 0 ]
[ 11 1408 512 0 0 ]
[ 11 1408 640 0 0 ]
[ 11 1408 768 0 0 ]
[ 11 1536 128 0 0 ]
[ 11 1536 256 0 0 ]
[ 11 1536 383 0 0 ]
[ 11 1536 512 0 0 ]
[ 11 1536 640 0 0 ]
[ 11 1664 128 0 0 ]
[ 11 1664 256 0 0 ]
[ 11 1664 383 0 0 ]
[ 11 1664 512 0 0 ]
[ 11 1664 640 0 0 ]
[ 11 1792 128 0 0 ]
[ 11 1792 256 0 0 ]
[ 11 1792 383 0 0 ]
[ 11 1792 512 0 0 ]
[ 11 1792 640 0 0 ]
[ 11 1920 128 0 0 ]
[ 11 1920 256 0 0 ]
[ 11 1920 383 0 0 ]
[ 11 1920 512 0 0 ]
[ 11 1920 640 0 0 ]
[ 11 1920 768 0 0 ]
[ 11 2048 128 0 0 ]
[ 11 2048 256 0 0 ]
[ 11 2048 383 0 0 ]
[ 11 2048 512 0 0 ]
[ 11 2048 640 0 0 ]
[ 11 2048 768 0 0 ]
[ 11 2176 128 0 0 ]
[ 11 2176 256 0 0 ]
[ 11 2176 383 0 0 ]
[ 11 2176 512 0 0 ]
[ 11 2176 640 0 0 ]
[ 11 2176 768 0 0 ]
[ 11 2304 383 0 0 ]
[ 11 2432 512 0 0 ]
[ 11 2432 640 0 0 ]
[ 11 2432 768 0 0 ]
[ 11 2560 512 0 0 ]
[ 11 2560 640 0 0 ]
[ 11 2560 768 0 0 ]
[ 14 1280 0 180 0 ]
[ 14 1408 0 180 0 ]
[ 14 1536 0 180 0 ]
[ 14 1664 0 180 0 ]
[ 14 1792 0 180 0 ]
[ 14 1920 0 180 0 ]
[ 14 2048 0 180 0 ]
[ 14 2176 0 180 0 ]
[ 14 2304 0 180 0 ]
[ 14 2432 0 180 0 ]
[ 14 2560 0 180 0 ]
[ 43 1152 128 180 0 ]
[ 43 2688 128 360 0 ]
[ 43 2688 256 0 1 ]
[ 43 1152 256 180 1 ]
[ 15 768 384 0 crystal 0 0 ]
[ 15 896 384 0 crystal 0 0 ]
[ 15 1024 384 0 crystal 0 0 ]
[ 16 2816 384 0 crystal 0 1 ]
[ 16 2944 384 0 crystal 0 1 ]
[ 16 3072 384 0 crystal 0 1 ]
[ 14 2816 896 0 0 ]
[ 14 3072 896 0 0 ]
[ 14 768 896 0 0 ]
[ 14 1024 896 0 0 ]
[ 43 896 896 270 2 ]
[ 43 2944 896 450 2 ]
[ 11 2944 1024 180 0 ]
[ 11 2944 768 180 0 ]
[ 11 896 1024 180 0 ]
[ 11 896 768 180 0 ]
[ 2 2688 1024 270 dmode 0 0 ]
[ 2 2688 1152 270 dmode 0 0 ]
[ 3 1536 1024 270 dmode 0 1 ]
[ 3 1536 1152 270 dmode 0 1 ]
[ 16 1152 1024 0 crystal 1 1 ]
[ 16 1152 1152 0 crystal 1 1 ]
[ 16 1920 1024 0 crystal 1 1 ]
[ 16 1920 1152 0 crystal 1 1 ]
[ 14 2304 1152 270 0 ]
[ 43 2304 1024 360 3 ]
[ 43 2688 640 0 3 ]
[ 43 1792 1280 270 4 ]
[ 43 1664 896 270 4 ]
[ 14 1792 896 180 0 ]
[ 43 640 640 360 5 ]
[ 43 1152 640 180 5 ]
[ 10 2304 128 360 0 ]
[ 10 2304 256 360 0 ]
[ 6 2432 256 90 0 ]
[ 6 2432 128 90 0 ]
[ 6 2560 128 90 0 ]
[ 6 2560 256 90 0 ]
[ 43 640 1024 360 6 ]
[ 43 640 256 0 6 ]
[ 11 1664 768 0 0 ]
[ 11 1792 768 0 0 ]
[ 11 1536 768 0 0 ]
[ 3 2432 384 0 dmode 1 1 ]
[ 3 2560 384 0 dmode 1 1 ]
[ 3 2304 512 90 dmode 1 1 ]
[ 3 2304 640 90 dmode 1 1 ]
[ 3 2304 768 90 dmode 1 1 ]
[ 100 1920 640 1464 ]
Electric
PLayer 983.945 235.459