Does_not_exist
Map_basic
[ 1 384 256 0 4 ]
[ 7 384 384 90 0 ]
[ 7 512 256 0 0 ]
[ 1 640 256 0 5 ]
[ 1 384 512 180 4 ]
[ 1 1152 256 90 2 ]
[ 1 1152 512 180 0 ]
[ 1 384 1024 270 5 ]
[ 1 896 1024 90 1 ]
[ 1 1152 1024 90 1 ]
[ 1 1152 768 0 2 ]
[ 7 384 896 90 0 ]
[ 7 512 1024 180 0 ]
[ 7 1024 1024 180 0 ]
[ 7 1152 896 450 0 ]
[ 7 1152 384 90 0 ]
[ 7 1024 256 360 0 ]
[ 1 384 768 180 2 ]
[ 1 1408 256 0 0 ]
[ 1 1408 1024 0 4 ]
[ 1 1408 768 270 1 ]
[ 1 1408 512 180 0 ]
[ 1 1664 256 180 4 ]
[ 1 1920 256 270 4 ]
[ 1 2176 256 0 1 ]
[ 1 2176 512 180 3 ]
[ 1 2176 768 270 5 ]
[ 1 2176 1024 180 3 ]
[ 1 1920 1024 180 1 ]
[ 7 1408 896 90 0 ]
[ 7 1408 384 90 0 ]
[ 7 1536 256 180 0 ]
[ 7 2048 256 180 0 ]
[ 7 2176 384 270 0 ]
[ 7 2176 896 450 0 ]
[ 7 2048 1024 180 0 ]
[ 7 1536 1024 180 0 ]
[ 7 640 128 270 0 ]
[ 7 896 128 270 0 ]
[ 7 1664 128 270 0 ]
[ 7 1920 128 270 0 ]
[ 7 1280 512 360 0 ]
[ 7 1280 768 0 0 ]
[ 7 2304 768 0 0 ]
[ 7 2304 512 0 0 ]
[ 7 2432 383 270 0 ]
[ 7 2432 896 270 0 ]
[ 7 2560 1024 540 0 ]
[ 1 2432 1024 0 5 ]
[ 1 2432 256 270 3 ]
[ 1 2432 768 270 5 ]
[ 1 2944 256 270 1 ]
[ 1 3200 256 270 2 ]
[ 1 3200 512 180 3 ]
[ 1 3200 1024 180 4 ]
[ 1 3200 768 180 4 ]
[ 1 2944 1024 90 2 ]
[ 7 3072 1024 180 0 ]
[ 7 3200 896 450 0 ]
[ 7 3200 383 450 0 ]
[ 7 3072 256 360 0 ]
[ 7 2560 256 0 0 ]
[ 7 2688 127 90 0 ]
[ 7 2944 127 90 0 ]
[ 7 3328 512 180 0 ]
[ 7 3328 768 180 0 ]
[ 7 3456 895 270 0 ]
[ 7 3456 384 270 0 ]
[ 1 3456 1024 90 4 ]
[ 1 3456 768 270 0 ]
[ 1 3456 512 180 4 ]
[ 1 3456 255 90 0 ]
[ 1 3712 256 180 3 ]
[ 1 3712 1024 0 0 ]
[ 7 3584 1024 360 0 ]
[ 7 3584 256 0 0 ]
[ 1 3968 256 270 3 ]
[ 1 4224 256 180 4 ]
[ 1 4224 1024 90 1 ]
[ 1 3968 1024 90 5 ]
[ 7 4096 1024 0 0 ]
[ 7 3712 128 270 0 ]
[ 7 3968 128 270 0 ]
[ 7 4096 255 360 0 ]
[ 7 4224 384 90 1 ]
[ 7 4224 896 270 1 ]
[ 7 256 512 180 0 ]
[ 7 256 768 180 0 ]
[ 7 128 384 90 0 ]
[ 7 128 256 90 0 ]
[ 7 128 128 90 0 ]
[ 7 -128 128 90 0 ]
[ 7 -128 256 90 0 ]
[ 7 -128 384 90 0 ]
[ 7 -128 640 90 0 ]
[ 7 128 896 90 0 ]
[ 7 128 1024 90 0 ]
[ 7 -128 896 90 0 ]
[ 7 -128 1024 90 0 ]
[ 1 128 768 0 0 ]
[ 1 128 512 270 0 ]
[ 27 -128 512 360 dmode 0 1 ]
[ 26 -128 768 0 dmode 0 0 ]
[ 27 640 1024 720 dmode 1 1 ]
[ 26 896 256 180 dmode 1 0 ]
[ 27 1920 512 0 dmode 2 1 ]
[ 26 1664 512 900 dmode 2 0 ]
[ 27 1664 1024 360 dmode 3 1 ]
[ 26 1920 768 360 dmode 3 0 ]
[ 27 2944 768 90 dmode 4 1 ]
[ 26 2688 768 180 dmode 4 0 ]
[ 27 2688 512 270 dmode 5 1 ]
[ 26 2944 512 360 dmode 5 0 ]
[ 27 2688 256 0 dmode 6 1 ]
[ 26 2688 1024 0 dmode 6 0 ]
[ 27 1664 768 180 dmode 7 1 ]
[ 26 2432 512 0 dmode 7 0 ]
[ 28 4224 512 270 dmode 8 ]
[ 28 4224 768 270 dmode 8 ]
[ 3 4224 640 0 1 ]
[ 1 384 -768 0 4 ]
[ 7 384 -640 90 0 ]
[ 7 512 -768 0 0 ]
[ 1 640 -768 0 5 ]
[ 1 384 -512 180 4 ]
[ 1 1152 -768 90 2 ]
[ 1 1152 -512 180 0 ]
[ 1 384 0 270 5 ]
[ 1 896 0 90 1 ]
[ 1 1152 0 90 1 ]
[ 1 1152 -256 0 2 ]
[ 7 384 -128 90 0 ]
[ 7 512 0 180 0 ]
[ 7 1024 0 180 0 ]
[ 7 1152 -128 450 0 ]
[ 7 1152 -640 90 0 ]
[ 7 1024 -768 360 0 ]
[ 1 384 -256 180 2 ]
[ 1 1408 -768 0 0 ]
[ 1 1408 0 0 4 ]
[ 1 1408 -256 270 1 ]
[ 1 1408 -512 180 0 ]
[ 1 1664 -768 180 4 ]
[ 1 1920 -768 270 4 ]
[ 1 2176 -768 0 1 ]
[ 1 2176 -512 180 3 ]
[ 1 2176 -256 270 5 ]
[ 1 2176 0 180 3 ]
[ 1 1920 0 180 1 ]
[ 7 1408 -128 90 0 ]
[ 7 1408 -640 90 0 ]
[ 7 1536 -768 180 0 ]
[ 7 2048 -768 180 0 ]
[ 7 2176 -640 270 0 ]
[ 7 2176 -128 450 0 ]
[ 7 2048 0 180 0 ]
[ 7 1536 0 180 0 ]
[ 7 640 -896 270 0 ]
[ 7 896 -896 270 0 ]
[ 7 1664 -896 270 0 ]
[ 7 1920 -896 270 0 ]
[ 7 1280 -512 360 0 ]
[ 7 1280 -256 0 0 ]
[ 7 2304 -256 0 0 ]
[ 7 2304 -512 0 0 ]
[ 7 2432 -641 270 0 ]
[ 7 2432 -128 270 0 ]
[ 7 2560 0 540 0 ]
[ 1 2432 0 0 5 ]
[ 1 2432 -768 270 3 ]
[ 1 2432 -256 270 5 ]
[ 1 2944 -768 270 1 ]
[ 1 3200 -768 270 2 ]
[ 1 3200 -512 180 3 ]
[ 1 3200 0 180 4 ]
[ 1 3200 -256 180 4 ]
[ 1 2944 0 90 2 ]
[ 7 3072 0 180 0 ]
[ 7 3200 -128 450 0 ]
[ 7 3200 -641 450 0 ]
[ 7 3072 -768 360 0 ]
[ 7 2560 -768 0 0 ]
[ 7 2688 -897 90 0 ]
[ 7 2944 -897 90 0 ]
[ 7 3328 -512 180 0 ]
[ 7 3328 -256 180 0 ]
[ 7 3456 -129 270 0 ]
[ 7 3456 -640 270 0 ]
[ 1 3456 0 90 4 ]
[ 1 3456 -256 270 0 ]
[ 1 3456 -512 180 4 ]
[ 1 3456 -769 90 0 ]
[ 1 3712 -768 180 3 ]
[ 1 3712 0 0 0 ]
[ 7 3584 0 360 0 ]
[ 7 3584 -768 0 0 ]
[ 1 3968 -768 270 3 ]
[ 1 4224 -768 180 4 ]
[ 1 4224 0 90 1 ]
[ 1 3968 0 90 5 ]
[ 7 4096 0 0 0 ]
[ 7 3712 -896 270 0 ]
[ 7 3968 -896 270 0 ]
[ 7 4096 -769 360 0 ]
[ 7 4224 -640 90 1 ]
[ 7 4224 -128 270 1 ]
[ 7 256 -512 180 0 ]
[ 7 256 -256 180 0 ]
[ 7 128 -640 90 0 ]
[ 7 128 -768 90 0 ]
[ 7 128 -896 90 0 ]
[ 7 -128 -896 90 0 ]
[ 7 -128 -768 90 0 ]
[ 7 -128 -640 90 0 ]
[ 7 -128 -384 90 0 ]
[ 7 128 -128 90 0 ]
[ 7 128 0 90 0 ]
[ 7 -128 -128 90 0 ]
[ 7 -128 0 90 0 ]
[ 1 128 -256 0 0 ]
[ 1 128 -512 270 0 ]
[ 27 -128 -512 360 dmode 0 1 ]
[ 26 -128 -256 0 dmode 0 0 ]
[ 27 640 0 720 dmode 1 1 ]
[ 26 896 -768 180 dmode 1 0 ]
[ 27 1920 -512 0 dmode 2 1 ]
[ 26 1664 -512 900 dmode 2 0 ]
[ 27 1664 0 360 dmode 3 1 ]
[ 26 1920 -256 360 dmode 3 0 ]
[ 27 2944 -256 90 dmode 4 1 ]
[ 26 2688 -256 180 dmode 4 0 ]
[ 27 2688 -512 270 dmode 5 1 ]
[ 26 2944 -512 360 dmode 5 0 ]
[ 27 2688 -768 0 dmode 6 1 ]
[ 26 2688 0 0 dmode 6 0 ]
[ 27 1664 -256 180 dmode 7 1 ]
[ 26 2432 -512 0 dmode 7 0 ]
[ 28 4224 -512 270 barmode 7 ]
[ 28 4224 -256 270 barmode 7 ]
[ 1 384 1280 0 4 ]
[ 7 384 1408 90 0 ]
[ 7 512 1280 0 0 ]
[ 1 640 1280 0 5 ]
[ 1 384 1536 180 4 ]
[ 1 1152 1280 90 2 ]
[ 1 1152 1536 180 0 ]
[ 1 384 2048 270 5 ]
[ 1 896 2048 90 1 ]
[ 1 1152 2048 90 1 ]
[ 1 1152 1792 0 2 ]
[ 7 384 1920 90 0 ]
[ 7 512 2048 180 0 ]
[ 7 1024 2048 180 0 ]
[ 7 1152 1920 450 0 ]
[ 7 1152 1408 90 0 ]
[ 7 1024 1280 360 0 ]
[ 1 384 1792 180 2 ]
[ 1 1408 1280 0 0 ]
[ 1 1408 2048 0 4 ]
[ 1 1408 1792 270 1 ]
[ 1 1408 1536 180 0 ]
[ 1 1664 1280 180 4 ]
[ 1 1920 1280 270 4 ]
[ 1 2176 1280 0 1 ]
[ 1 2176 1536 180 3 ]
[ 1 2176 1792 270 5 ]
[ 1 2176 2048 180 3 ]
[ 1 1920 2048 180 1 ]
[ 7 1408 1920 90 0 ]
[ 7 1408 1408 90 0 ]
[ 7 1536 1280 180 0 ]
[ 7 2048 1280 180 0 ]
[ 7 2176 1408 270 0 ]
[ 7 2176 1920 450 0 ]
[ 7 2048 2048 180 0 ]
[ 7 1536 2048 180 0 ]
[ 7 640 1152 270 0 ]
[ 7 896 1152 270 0 ]
[ 7 1664 1152 270 0 ]
[ 7 1920 1152 270 0 ]
[ 7 1280 1536 360 0 ]
[ 7 1280 1792 0 0 ]
[ 7 2304 1792 0 0 ]
[ 7 2304 1536 0 0 ]
[ 7 2432 1407 270 0 ]
[ 7 2432 1920 270 0 ]
[ 7 2560 2048 540 0 ]
[ 1 2432 2048 0 5 ]
[ 1 2432 1280 270 3 ]
[ 1 2432 1792 270 5 ]
[ 1 2944 1280 270 1 ]
[ 1 3200 1280 270 2 ]
[ 1 3200 1536 180 3 ]
[ 1 3200 2048 180 4 ]
[ 1 3200 1792 180 4 ]
[ 1 2944 2048 90 2 ]
[ 7 3072 2048 180 0 ]
[ 7 3200 1920 450 0 ]
[ 7 3200 1407 450 0 ]
[ 7 3072 1280 360 0 ]
[ 7 2560 1280 0 0 ]
[ 7 2688 1151 90 0 ]
[ 7 2944 1151 90 0 ]
[ 7 3328 1536 180 0 ]
[ 7 3328 1792 180 0 ]
[ 7 3456 1919 270 0 ]
[ 7 3456 1408 270 0 ]
[ 1 3456 2048 90 4 ]
[ 1 3456 1792 270 0 ]
[ 1 3456 1536 180 4 ]
[ 1 3456 1279 90 0 ]
[ 1 3712 1280 180 3 ]
[ 1 3712 2048 0 0 ]
[ 7 3584 2048 360 0 ]
[ 7 3584 1280 0 0 ]
[ 1 3968 1280 270 3 ]
[ 1 4224 1280 180 4 ]
[ 1 4224 2048 90 1 ]
[ 1 3968 2048 90 5 ]
[ 7 4096 2048 0 0 ]
[ 7 3712 1152 270 0 ]
[ 7 3968 1152 270 0 ]
[ 7 4096 1279 360 0 ]
[ 7 4224 1408 90 1 ]
[ 7 4224 1920 270 1 ]
[ 7 256 1536 180 0 ]
[ 7 256 1792 180 0 ]
[ 7 128 1408 90 0 ]
[ 7 128 1280 90 0 ]
[ 7 128 1152 90 0 ]
[ 7 -128 1152 90 0 ]
[ 7 -128 1280 90 0 ]
[ 7 -128 1408 90 0 ]
[ 7 -128 1664 90 0 ]
[ 7 128 1920 90 0 ]
[ 7 128 2048 90 0 ]
[ 7 -128 1920 90 0 ]
[ 7 -128 2048 90 0 ]
[ 1 128 1792 0 0 ]
[ 1 128 1536 270 0 ]
[ 27 -128 1536 360 dmode 0 1 ]
[ 26 -128 1792 0 dmode 0 0 ]
[ 27 640 2048 720 dmode 1 1 ]
[ 26 896 1280 180 dmode 1 0 ]
[ 27 1920 1536 0 dmode 2 1 ]
[ 26 1664 1536 900 dmode 2 0 ]
[ 27 1664 2048 360 dmode 3 1 ]
[ 26 1920 1792 360 dmode 3 0 ]
[ 27 2944 1792 90 dmode 4 1 ]
[ 26 2688 1792 180 dmode 4 0 ]
[ 27 2688 1536 270 dmode 5 1 ]
[ 26 2944 1536 360 dmode 5 0 ]
[ 27 2688 1280 0 dmode 6 1 ]
[ 26 2688 2048 0 dmode 6 0 ]
[ 27 1664 1792 180 dmode 7 1 ]
[ 26 2432 1536 0 dmode 7 0 ]
[ 28 4224 1536 270 barmode 7 ]
[ 28 4224 1792 270 barmode 7 ]
[ 1 384 2304 0 4 ]
[ 7 384 2432 90 0 ]
[ 7 512 2304 0 0 ]
[ 1 640 2304 0 5 ]
[ 1 384 2560 180 4 ]
[ 1 1152 2304 90 2 ]
[ 1 1152 2560 180 0 ]
[ 1 384 3072 270 5 ]
[ 1 896 3072 90 1 ]
[ 1 1152 3072 90 1 ]
[ 1 1152 2816 0 2 ]
[ 7 384 2944 90 0 ]
[ 7 512 3072 180 0 ]
[ 7 1024 3072 180 0 ]
[ 7 1152 2944 450 0 ]
[ 7 1152 2432 90 0 ]
[ 7 1024 2304 360 0 ]
[ 1 384 2816 180 2 ]
[ 1 1408 2304 0 0 ]
[ 1 1408 3072 0 4 ]
[ 1 1408 2816 270 1 ]
[ 1 1408 2560 180 0 ]
[ 1 1664 2304 180 4 ]
[ 1 1920 2304 270 4 ]
[ 1 2176 2304 0 1 ]
[ 1 2176 2560 180 3 ]
[ 1 2176 2816 270 5 ]
[ 1 2176 3072 180 3 ]
[ 1 1920 3072 180 1 ]
[ 7 1408 2944 90 0 ]
[ 7 1408 2432 90 0 ]
[ 7 1536 2304 180 0 ]
[ 7 2048 2304 180 0 ]
[ 7 2176 2432 270 0 ]
[ 7 2176 2944 450 0 ]
[ 7 2048 3072 180 0 ]
[ 7 1536 3072 180 0 ]
[ 7 640 2176 270 0 ]
[ 7 896 2176 270 0 ]
[ 7 1664 2176 270 0 ]
[ 7 1920 2176 270 0 ]
[ 7 1280 2560 360 0 ]
[ 7 1280 2816 0 0 ]
[ 7 2304 2816 0 0 ]
[ 7 2304 2560 0 0 ]
[ 7 2432 2431 270 0 ]
[ 7 2432 2944 270 0 ]
[ 7 2560 3072 540 0 ]
[ 1 2432 3072 0 5 ]
[ 1 2432 2304 270 3 ]
[ 1 2432 2816 270 5 ]
[ 1 2944 2304 270 1 ]
[ 1 3200 2304 270 2 ]
[ 1 3200 2560 180 3 ]
[ 1 3200 3072 180 4 ]
[ 1 3200 2816 180 4 ]
[ 1 2944 3072 90 2 ]
[ 7 3072 3072 180 0 ]
[ 7 3200 2944 450 0 ]
[ 7 3200 2431 450 0 ]
[ 7 3072 2304 360 0 ]
[ 7 2560 2304 0 0 ]
[ 7 2688 2175 90 0 ]
[ 7 2944 2175 90 0 ]
[ 7 3328 2560 180 0 ]
[ 7 3328 2816 180 0 ]
[ 7 3456 2943 270 0 ]
[ 7 3456 2432 270 0 ]
[ 1 3456 3072 90 4 ]
[ 1 3456 2816 270 0 ]
[ 1 3456 2560 180 4 ]
[ 1 3456 2303 90 0 ]
[ 1 3712 2304 180 3 ]
[ 1 3712 3072 0 0 ]
[ 7 3584 3072 360 0 ]
[ 7 3584 2304 0 0 ]
[ 1 3968 2304 270 3 ]
[ 1 4224 2304 180 4 ]
[ 1 4224 3072 90 1 ]
[ 1 3968 3072 90 5 ]
[ 7 4096 3072 0 0 ]
[ 7 3712 2176 270 0 ]
[ 7 3968 2176 270 0 ]
[ 7 4096 2303 360 0 ]
[ 7 4224 2432 90 1 ]
[ 7 4224 2944 270 1 ]
[ 7 256 2560 180 0 ]
[ 7 256 2816 180 0 ]
[ 7 128 2432 90 0 ]
[ 7 128 2304 90 0 ]
[ 7 128 2176 90 0 ]
[ 7 -128 2176 90 0 ]
[ 7 -128 2304 90 0 ]
[ 7 -128 2432 90 0 ]
[ 7 -128 2688 90 0 ]
[ 7 128 2944 90 0 ]
[ 7 128 3072 90 0 ]
[ 7 -128 2944 90 0 ]
[ 7 -128 3072 90 0 ]
[ 1 128 2816 0 0 ]
[ 1 128 2560 270 0 ]
[ 27 -128 2560 360 dmode 0 1 ]
[ 26 -128 2816 0 dmode 0 0 ]
[ 27 640 3072 720 dmode 1 1 ]
[ 26 896 2304 180 dmode 1 0 ]
[ 27 1920 2560 0 dmode 2 1 ]
[ 26 1664 2560 900 dmode 2 0 ]
[ 27 1664 3072 360 dmode 3 1 ]
[ 26 1920 2816 360 dmode 3 0 ]
[ 27 2944 2816 90 dmode 4 1 ]
[ 26 2688 2816 180 dmode 4 0 ]
[ 27 2688 2560 270 dmode 5 1 ]
[ 26 2944 2560 360 dmode 5 0 ]
[ 27 2688 2304 0 dmode 6 1 ]
[ 26 2688 3072 0 dmode 6 0 ]
[ 27 1664 2816 180 dmode 7 1 ]
[ 26 2432 2560 0 dmode 7 0 ]
[ 28 4224 2560 270 barmode 7 ]
[ 28 4224 2816 270 barmode 7 ]
[ 1 384 -1792 0 4 ]
[ 7 384 -1664 90 0 ]
[ 7 512 -1792 0 0 ]
[ 1 640 -1792 0 5 ]
[ 1 384 -1536 180 4 ]
[ 1 1152 -1792 90 2 ]
[ 1 1152 -1536 180 0 ]
[ 1 384 -1024 270 5 ]
[ 1 896 -1024 90 1 ]
[ 1 1152 -1024 90 1 ]
[ 1 1152 -1280 0 2 ]
[ 7 384 -1152 90 0 ]
[ 7 512 -1024 180 0 ]
[ 7 1024 -1024 180 0 ]
[ 7 1152 -1152 450 0 ]
[ 7 1152 -1664 90 0 ]
[ 7 1024 -1792 360 0 ]
[ 1 384 -1280 180 2 ]
[ 1 1408 -1792 0 0 ]
[ 1 1408 -1024 0 4 ]
[ 1 1408 -1280 270 1 ]
[ 1 1408 -1536 180 0 ]
[ 1 1664 -1792 180 4 ]
[ 1 1920 -1792 270 4 ]
[ 1 2176 -1792 0 1 ]
[ 1 2176 -1536 180 3 ]
[ 1 2176 -1280 270 5 ]
[ 1 2176 -1024 180 3 ]
[ 1 1920 -1024 180 1 ]
[ 7 1408 -1152 90 0 ]
[ 7 1408 -1664 90 0 ]
[ 7 1536 -1792 180 0 ]
[ 7 2048 -1792 180 0 ]
[ 7 2176 -1664 270 0 ]
[ 7 2176 -1152 450 0 ]
[ 7 2048 -1024 180 0 ]
[ 7 1536 -1024 180 0 ]
[ 7 640 -1920 270 0 ]
[ 7 896 -1920 270 0 ]
[ 7 1664 -1920 270 0 ]
[ 7 1920 -1920 270 0 ]
[ 7 1280 -1536 360 0 ]
[ 7 1280 -1280 0 0 ]
[ 7 2304 -1280 0 0 ]
[ 7 2304 -1536 0 0 ]
[ 7 2432 -1665 270 0 ]
[ 7 2432 -1152 270 0 ]
[ 7 2560 -1024 540 0 ]
[ 1 2432 -1024 0 5 ]
[ 1 2432 -1792 270 3 ]
[ 1 2432 -1280 270 5 ]
[ 1 2944 -1792 270 1 ]
[ 1 3200 -1792 270 2 ]
[ 1 3200 -1536 180 3 ]
[ 1 3200 -1024 180 4 ]
[ 1 3200 -1280 180 4 ]
[ 1 2944 -1024 90 2 ]
[ 7 3072 -1024 180 0 ]
[ 7 3200 -1152 450 0 ]
[ 7 3200 -1665 450 0 ]
[ 7 3072 -1792 360 0 ]
[ 7 2560 -1792 0 0 ]
[ 7 2688 -1921 90 0 ]
[ 7 2944 -1921 90 0 ]
[ 7 3328 -1536 180 0 ]
[ 7 3328 -1280 180 0 ]
[ 7 3456 -1153 270 0 ]
[ 7 3456 -1664 270 0 ]
[ 1 3456 -1024 90 4 ]
[ 1 3456 -1280 270 0 ]
[ 1 3456 -1536 180 4 ]
[ 1 3456 -1793 90 0 ]
[ 1 3712 -1792 180 3 ]
[ 1 3712 -1024 0 0 ]
[ 7 3584 -1024 360 0 ]
[ 7 3584 -1792 0 0 ]
[ 1 3968 -1792 270 3 ]
[ 1 4224 -1792 180 4 ]
[ 1 4224 -1024 90 1 ]
[ 1 3968 -1024 90 5 ]
[ 7 4096 -1024 0 0 ]
[ 7 3712 -1920 270 0 ]
[ 7 3968 -1920 270 0 ]
[ 7 4096 -1793 360 0 ]
[ 7 4224 -1664 90 1 ]
[ 7 4224 -1152 270 1 ]
[ 7 256 -1536 180 0 ]
[ 7 256 -1280 180 0 ]
[ 7 128 -1664 90 0 ]
[ 7 128 -1792 90 0 ]
[ 7 128 -1920 90 0 ]
[ 7 -128 -1920 90 0 ]
[ 7 -128 -1792 90 0 ]
[ 7 -128 -1664 90 0 ]
[ 7 -128 -1408 90 0 ]
[ 7 128 -1152 90 0 ]
[ 7 128 -1024 90 0 ]
[ 7 -128 -1152 90 0 ]
[ 7 -128 -1024 90 0 ]
[ 1 128 -1280 0 0 ]
[ 1 128 -1536 270 0 ]
[ 27 -128 -1536 360 dmode 0 1 ]
[ 26 -128 -1280 0 dmode 0 0 ]
[ 27 640 -1024 720 dmode 1 1 ]
[ 26 896 -1792 180 dmode 1 0 ]
[ 27 1920 -1536 0 dmode 2 1 ]
[ 26 1664 -1536 900 dmode 2 0 ]
[ 27 1664 -1024 360 dmode 3 1 ]
[ 26 1920 -1280 360 dmode 3 0 ]
[ 27 2944 -1280 90 dmode 4 1 ]
[ 26 2688 -1280 180 dmode 4 0 ]
[ 27 2688 -1536 270 dmode 5 1 ]
[ 26 2944 -1536 360 dmode 5 0 ]
[ 27 2688 -1792 0 dmode 6 1 ]
[ 26 2688 -1024 0 dmode 6 0 ]
[ 27 1664 -1280 180 dmode 7 1 ]
[ 26 2432 -1536 0 dmode 7 0 ]
[ 28 4224 -1536 270 barmode 7 ]
[ 28 4224 -1280 270 barmode 7 ]
[ 6 4224 -1408 0 1 ]
[ 6 4224 -384 0 1 ]
[ 6 4224 1664 0 1 ]
[ 6 4224 2688 0 1 ]
Movables
Map_floor
[ 21 0 128 90 0 ]
[ 21 0 256 90 0 ]
[ 21 0 384 90 0 ]
[ 21 0 512 90 0 ]
[ 21 0 640 90 0 ]
[ 21 0 768 90 0 ]
[ 21 0 896 90 0 ]
[ 21 0 1024 90 0 ]
[ 21 128 640 90 0 ]
[ 21 256 640 90 0 ]
[ 21 384 640 90 0 ]
[ 21 768 256 90 0 ]
[ 21 768 128 90 0 ]
[ 21 768 1024 90 0 ]
[ 21 1792 128 90 0 ]
[ 21 1280 640 90 0 ]
[ 21 1792 1024 90 0 ]
[ 21 2304 640 90 0 ]
[ 21 3328 640 90 0 ]
[ 21 2816 128 90 0 ]
[ 21 3840 128 90 0 ]
[ 21 4224 640 90 0 ]
[ 21 3584 384 90 0 ]
[ 21 3584 512 90 0 ]
[ 21 3584 640 90 0 ]
[ 21 3584 768 90 0 ]
[ 21 3584 896 90 0 ]
[ 21 3712 384 90 0 ]
[ 21 3712 512 90 0 ]
[ 21 3712 640 90 0 ]
[ 21 3712 768 90 0 ]
[ 21 3712 896 90 0 ]
[ 21 3840 384 90 0 ]
[ 21 3840 512 90 0 ]
[ 21 3840 640 90 0 ]
[ 21 3840 768 90 0 ]
[ 21 3840 896 90 0 ]
[ 21 2560 384 90 0 ]
[ 21 2560 640 90 0 ]
[ 21 2560 896 90 0 ]
[ 21 2688 512 90 0 ]
[ 21 2688 768 90 0 ]
[ 21 2816 384 90 0 ]
[ 21 2816 640 90 0 ]
[ 21 2816 896 90 0 ]
[ 21 2944 512 90 0 ]
[ 21 2944 768 90 0 ]
[ 21 3072 384 90 0 ]
[ 21 3072 640 90 0 ]
[ 21 3072 896 90 0 ]
[ 21 512 384 90 0 ]
[ 21 512 512 90 0 ]
[ 21 512 640 90 0 ]
[ 21 512 768 90 0 ]
[ 21 512 896 90 0 ]
[ 21 640 384 90 0 ]
[ 21 640 512 90 0 ]
[ 21 640 640 90 0 ]
[ 21 640 768 90 0 ]
[ 21 640 896 90 0 ]
[ 21 768 384 90 0 ]
[ 21 768 512 90 0 ]
[ 21 768 640 90 0 ]
[ 21 768 768 90 0 ]
[ 21 768 896 90 0 ]
[ 21 896 384 90 0 ]
[ 21 896 512 90 0 ]
[ 21 896 640 90 0 ]
[ 21 896 768 90 0 ]
[ 21 896 896 90 0 ]
[ 21 1024 384 90 0 ]
[ 21 1024 512 90 0 ]
[ 21 1024 640 90 0 ]
[ 21 1024 768 90 0 ]
[ 21 1024 896 90 0 ]
[ 21 1536 384 90 0 ]
[ 21 1536 512 90 0 ]
[ 21 1536 640 90 0 ]
[ 21 1536 768 90 0 ]
[ 21 1536 896 90 0 ]
[ 21 1664 384 90 0 ]
[ 21 1664 512 90 0 ]
[ 21 1664 640 90 0 ]
[ 21 1664 768 90 0 ]
[ 21 1664 896 90 0 ]
[ 21 1792 384 90 0 ]
[ 21 1792 512 90 0 ]
[ 21 1792 640 90 0 ]
[ 21 1792 768 90 0 ]
[ 21 1792 896 90 0 ]
[ 21 1920 384 90 0 ]
[ 21 1920 512 90 0 ]
[ 21 1920 640 90 0 ]
[ 21 1920 768 90 0 ]
[ 21 1920 896 90 0 ]
[ 21 2048 384 90 0 ]
[ 21 2048 512 90 0 ]
[ 21 2048 640 90 0 ]
[ 21 2048 768 90 0 ]
[ 21 2048 896 90 0 ]
[ 3 1152 640 90 dmode 0 1 ]
[ 3 1408 640 90 dmode 1 1 ]
[ 2 2176 640 90 dmode 2 0 ]
[ 3 2432 640 90 dmode 3 1 ]
[ 3 1792 256 0 dmode 2 1 ]
[ 2 3200 640 90 dmode 4 0 ]
[ 3 3456 640 270 dmode 5 1 ]
[ 2 2816 768 180 dmode 6 0 ]
[ 2 2688 640 270 dmode 6 0 ]
[ 3 2816 512 360 dmode 6 1 ]
[ 3 2944 640 90 dmode 6 1 ]
[ 2 2816 1024 180 dmode 6 0 ]
[ 3 2816 256 180 dmode 6 1 ]
[ 2 2560 512 0 dmode 7 0 ]
[ 3 2560 768 0 dmode 7 1 ]
[ 3 2688 896 90 dmode 7 1 ]
[ 3 2944 896 90 dmode 7 1 ]
[ 3 3072 768 360 dmode 7 1 ]
[ 2 3072 512 0 dmode 7 0 ]
[ 2 2688 383 270 dmode 7 0 ]
[ 6 4096 383 270 0 ]
[ 6 4096 512 270 0 ]
[ 6 4096 640 270 0 ]
[ 6 4096 768 270 0 ]
[ 6 4096 896 270 0 ]
[ 2 2944 383 270 dmode 8 0 ]
[ 39 3840 256 270 barmode 8 1 ]
[ 38 3840 1024 270 barmode 7 0 ]
[ 3 3968 384 90 dmode 8 1 ]
[ 3 3968 512 90 dmode 8 1 ]
[ 3 3968 640 90 dmode 8 1 ]
[ 3 3968 768 90 dmode 8 1 ]
[ 3 3968 896 90 dmode 8 1 ]
[ 21 0 -896 90 0 ]
[ 21 0 -768 90 0 ]
[ 21 0 -640 90 0 ]
[ 21 0 -512 90 0 ]
[ 21 0 -384 90 0 ]
[ 21 0 -256 90 0 ]
[ 21 0 -128 90 0 ]
[ 21 0 0 90 0 ]
[ 21 128 -384 90 0 ]
[ 21 256 -384 90 0 ]
[ 21 384 -384 90 0 ]
[ 21 768 -768 90 0 ]
[ 21 768 -896 90 0 ]
[ 21 768 0 90 0 ]
[ 21 1792 -896 90 0 ]
[ 21 1280 -384 90 0 ]
[ 21 1792 0 90 0 ]
[ 21 2304 -384 90 0 ]
[ 21 3328 -384 90 0 ]
[ 21 2816 -896 90 0 ]
[ 21 3840 -896 90 0 ]
[ 21 4224 -384 90 0 ]
[ 21 3584 -640 90 0 ]
[ 21 3584 -512 90 0 ]
[ 21 3584 -384 90 0 ]
[ 21 3584 -256 90 0 ]
[ 21 3584 -128 90 0 ]
[ 21 3712 -640 90 0 ]
[ 21 3712 -512 90 0 ]
[ 21 3712 -384 90 0 ]
[ 21 3712 -256 90 0 ]
[ 21 3712 -128 90 0 ]
[ 21 3840 -640 90 0 ]
[ 21 3840 -512 90 0 ]
[ 21 3840 -384 90 0 ]
[ 21 3840 -256 90 0 ]
[ 21 3840 -128 90 0 ]
[ 21 2560 -640 90 0 ]
[ 21 2560 -384 90 0 ]
[ 21 2560 -128 90 0 ]
[ 21 2688 -512 90 0 ]
[ 21 2688 -256 90 0 ]
[ 21 2816 -640 90 0 ]
[ 21 2816 -384 90 0 ]
[ 21 2816 -128 90 0 ]
[ 21 2944 -512 90 0 ]
[ 21 2944 -256 90 0 ]
[ 21 3072 -640 90 0 ]
[ 21 3072 -384 90 0 ]
[ 21 3072 -128 90 0 ]
[ 21 512 -640 90 0 ]
[ 21 512 -512 90 0 ]
[ 21 512 -384 90 0 ]
[ 21 512 -256 90 0 ]
[ 21 512 -128 90 0 ]
[ 21 640 -640 90 0 ]
[ 21 640 -512 90 0 ]
[ 21 640 -384 90 0 ]
[ 21 640 -256 90 0 ]
[ 21 640 -128 90 0 ]
[ 21 768 -640 90 0 ]
[ 21 768 -512 90 0 ]
[ 21 768 -384 90 0 ]
[ 21 768 -256 90 0 ]
[ 21 768 -128 90 0 ]
[ 21 896 -640 90 0 ]
[ 21 896 -512 90 0 ]
[ 21 896 -384 90 0 ]
[ 21 896 -256 90 0 ]
[ 21 896 -128 90 0 ]
[ 21 1024 -640 90 0 ]
[ 21 1024 -512 90 0 ]
[ 21 1024 -384 90 0 ]
[ 21 1024 -256 90 0 ]
[ 21 1024 -128 90 0 ]
[ 21 1536 -640 90 0 ]
[ 21 1536 -512 90 0 ]
[ 21 1536 -384 90 0 ]
[ 21 1536 -256 90 0 ]
[ 21 1536 -128 90 0 ]
[ 21 1664 -640 90 0 ]
[ 21 1664 -512 90 0 ]
[ 21 1664 -384 90 0 ]
[ 21 1664 -256 90 0 ]
[ 21 1664 -128 90 0 ]
[ 21 1792 -640 90 0 ]
[ 21 1792 -512 90 0 ]
[ 21 1792 -384 90 0 ]
[ 21 1792 -256 90 0 ]
[ 21 1792 -128 90 0 ]
[ 21 1920 -640 90 0 ]
[ 21 1920 -512 90 0 ]
[ 21 1920 -384 90 0 ]
[ 21 1920 -256 90 0 ]
[ 21 1920 -128 90 0 ]
[ 21 2048 -640 90 0 ]
[ 21 2048 -512 90 0 ]
[ 21 2048 -384 90 0 ]
[ 21 2048 -256 90 0 ]
[ 21 2048 -128 90 0 ]
[ 3 1152 -384 90 dmode 0 1 ]
[ 3 1408 -384 90 dmode 1 1 ]
[ 2 2176 -384 90 dmode 2 0 ]
[ 3 2432 -384 90 dmode 3 1 ]
[ 3 1792 -768 0 dmode 2 1 ]
[ 2 3200 -384 90 dmode 4 0 ]
[ 3 3456 -384 270 dmode 5 1 ]
[ 2 2816 -256 180 dmode 6 0 ]
[ 2 2688 -384 270 dmode 6 0 ]
[ 3 2816 -512 360 dmode 6 1 ]
[ 3 2944 -384 90 dmode 6 1 ]
[ 2 2816 0 180 dmode 6 0 ]
[ 3 2816 -768 180 dmode 6 1 ]
[ 2 2560 -512 0 dmode 7 0 ]
[ 3 2560 -256 0 dmode 7 1 ]
[ 3 2688 -128 90 dmode 7 1 ]
[ 3 2944 -128 90 dmode 7 1 ]
[ 3 3072 -256 360 dmode 7 1 ]
[ 2 3072 -512 0 dmode 7 0 ]
[ 2 2688 -641 270 dmode 7 0 ]
[ 6 4096 -641 270 0 ]
[ 6 4096 -512 270 0 ]
[ 6 4096 -384 270 0 ]
[ 6 4096 -256 270 0 ]
[ 6 4096 -128 270 0 ]
[ 2 2944 -641 270 dmode 8 0 ]
[ 39 3840 -768 270 barmode 8 1 ]
[ 38 3840 0 270 barmode 7 0 ]
[ 3 3968 -640 90 dmode 8 1 ]
[ 3 3968 -512 90 dmode 8 1 ]
[ 3 3968 -384 90 dmode 8 1 ]
[ 3 3968 -256 90 dmode 8 1 ]
[ 3 3968 -128 90 dmode 8 1 ]
[ 21 0 1152 90 0 ]
[ 21 0 1280 90 0 ]
[ 21 0 1408 90 0 ]
[ 21 0 1536 90 0 ]
[ 21 0 1664 90 0 ]
[ 21 0 1792 90 0 ]
[ 21 0 1920 90 0 ]
[ 21 0 2048 90 0 ]
[ 21 128 1664 90 0 ]
[ 21 256 1664 90 0 ]
[ 21 384 1664 90 0 ]
[ 21 768 1280 90 0 ]
[ 21 768 1152 90 0 ]
[ 21 768 2048 90 0 ]
[ 21 1792 1152 90 0 ]
[ 21 1280 1664 90 0 ]
[ 21 1792 2048 90 0 ]
[ 21 2304 1664 90 0 ]
[ 21 3328 1664 90 0 ]
[ 21 2816 1152 90 0 ]
[ 21 3840 1152 90 0 ]
[ 21 4224 1664 90 0 ]
[ 21 3584 1408 90 0 ]
[ 21 3584 1536 90 0 ]
[ 21 3584 1664 90 0 ]
[ 21 3584 1792 90 0 ]
[ 21 3584 1920 90 0 ]
[ 21 3712 1408 90 0 ]
[ 21 3712 1536 90 0 ]
[ 21 3712 1664 90 0 ]
[ 21 3712 1792 90 0 ]
[ 21 3712 1920 90 0 ]
[ 21 3840 1408 90 0 ]
[ 21 3840 1536 90 0 ]
[ 21 3840 1664 90 0 ]
[ 21 3840 1792 90 0 ]
[ 21 3840 1920 90 0 ]
[ 21 2560 1408 90 0 ]
[ 21 2560 1664 90 0 ]
[ 21 2560 1920 90 0 ]
[ 21 2688 1536 90 0 ]
[ 21 2688 1792 90 0 ]
[ 21 2816 1408 90 0 ]
[ 21 2816 1664 90 0 ]
[ 21 2816 1920 90 0 ]
[ 21 2944 1536 90 0 ]
[ 21 2944 1792 90 0 ]
[ 21 3072 1408 90 0 ]
[ 21 3072 1664 90 0 ]
[ 21 3072 1920 90 0 ]
[ 21 512 1408 90 0 ]
[ 21 512 1536 90 0 ]
[ 21 512 1664 90 0 ]
[ 21 512 1792 90 0 ]
[ 21 512 1920 90 0 ]
[ 21 640 1408 90 0 ]
[ 21 640 1536 90 0 ]
[ 21 640 1664 90 0 ]
[ 21 640 1792 90 0 ]
[ 21 640 1920 90 0 ]
[ 21 768 1408 90 0 ]
[ 21 768 1536 90 0 ]
[ 21 768 1664 90 0 ]
[ 21 768 1792 90 0 ]
[ 21 768 1920 90 0 ]
[ 21 896 1408 90 0 ]
[ 21 896 1536 90 0 ]
[ 21 896 1664 90 0 ]
[ 21 896 1792 90 0 ]
[ 21 896 1920 90 0 ]
[ 21 1024 1408 90 0 ]
[ 21 1024 1536 90 0 ]
[ 21 1024 1664 90 0 ]
[ 21 1024 1792 90 0 ]
[ 21 1024 1920 90 0 ]
[ 21 1536 1408 90 0 ]
[ 21 1536 1536 90 0 ]
[ 21 1536 1664 90 0 ]
[ 21 1536 1792 90 0 ]
[ 21 1536 1920 90 0 ]
[ 21 1664 1408 90 0 ]
[ 21 1664 1536 90 0 ]
[ 21 1664 1664 90 0 ]
[ 21 1664 1792 90 0 ]
[ 21 1664 1920 90 0 ]
[ 21 1792 1408 90 0 ]
[ 21 1792 1536 90 0 ]
[ 21 1792 1664 90 0 ]
[ 21 1792 1792 90 0 ]
[ 21 1792 1920 90 0 ]
[ 21 1920 1408 90 0 ]
[ 21 1920 1536 90 0 ]
[ 21 1920 1664 90 0 ]
[ 21 1920 1792 90 0 ]
[ 21 1920 1920 90 0 ]
[ 21 2048 1408 90 0 ]
[ 21 2048 1536 90 0 ]
[ 21 2048 1664 90 0 ]
[ 21 2048 1792 90 0 ]
[ 21 2048 1920 90 0 ]
[ 3 1152 1664 90 dmode 0 1 ]
[ 3 1408 1664 90 dmode 1 1 ]
[ 2 2176 1664 90 dmode 2 0 ]
[ 3 2432 1664 90 dmode 3 1 ]
[ 3 1792 1280 0 dmode 2 1 ]
[ 2 3200 1664 90 dmode 4 0 ]
[ 3 3456 1664 270 dmode 5 1 ]
[ 2 2816 1792 180 dmode 6 0 ]
[ 2 2688 1664 270 dmode 6 0 ]
[ 3 2816 1536 360 dmode 6 1 ]
[ 3 2944 1664 90 dmode 6 1 ]
[ 2 2816 2048 180 dmode 6 0 ]
[ 3 2816 1280 180 dmode 6 1 ]
[ 2 2560 1536 0 dmode 7 0 ]
[ 3 2560 1792 0 dmode 7 1 ]
[ 3 2688 1920 90 dmode 7 1 ]
[ 3 2944 1920 90 dmode 7 1 ]
[ 3 3072 1792 360 dmode 7 1 ]
[ 2 3072 1536 0 dmode 7 0 ]
[ 2 2688 1407 270 dmode 7 0 ]
[ 6 4096 1407 270 0 ]
[ 6 4096 1536 270 0 ]
[ 6 4096 1664 270 0 ]
[ 6 4096 1792 270 0 ]
[ 6 4096 1920 270 0 ]
[ 2 2944 1407 270 dmode 8 0 ]
[ 39 3840 1280 270 barmode 8 1 ]
[ 38 3840 2048 270 barmode 7 0 ]
[ 3 3968 1408 90 dmode 8 1 ]
[ 3 3968 1536 90 dmode 8 1 ]
[ 3 3968 1664 90 dmode 8 1 ]
[ 3 3968 1792 90 dmode 8 1 ]
[ 3 3968 1920 90 dmode 8 1 ]
[ 21 0 2176 90 0 ]
[ 21 0 2304 90 0 ]
[ 21 0 2432 90 0 ]
[ 21 0 2560 90 0 ]
[ 21 0 2688 90 0 ]
[ 21 0 2816 90 0 ]
[ 21 0 2944 90 0 ]
[ 21 0 3072 90 0 ]
[ 21 128 2688 90 0 ]
[ 21 256 2688 90 0 ]
[ 21 384 2688 90 0 ]
[ 21 768 2304 90 0 ]
[ 21 768 2176 90 0 ]
[ 21 768 3072 90 0 ]
[ 21 1792 2176 90 0 ]
[ 21 1280 2688 90 0 ]
[ 21 1792 3072 90 0 ]
[ 21 2304 2688 90 0 ]
[ 21 3328 2688 90 0 ]
[ 21 2816 2176 90 0 ]
[ 21 3840 2176 90 0 ]
[ 21 4224 2688 90 0 ]
[ 21 3584 2432 90 0 ]
[ 21 3584 2560 90 0 ]
[ 21 3584 2688 90 0 ]
[ 21 3584 2816 90 0 ]
[ 21 3584 2944 90 0 ]
[ 21 3712 2432 90 0 ]
[ 21 3712 2560 90 0 ]
[ 21 3712 2688 90 0 ]
[ 21 3712 2816 90 0 ]
[ 21 3712 2944 90 0 ]
[ 21 3840 2432 90 0 ]
[ 21 3840 2560 90 0 ]
[ 21 3840 2688 90 0 ]
[ 21 3840 2816 90 0 ]
[ 21 3840 2944 90 0 ]
[ 21 2560 2432 90 0 ]
[ 21 2560 2688 90 0 ]
[ 21 2560 2944 90 0 ]
[ 21 2688 2560 90 0 ]
[ 21 2688 2816 90 0 ]
[ 21 2816 2432 90 0 ]
[ 21 2816 2688 90 0 ]
[ 21 2816 2944 90 0 ]
[ 21 2944 2560 90 0 ]
[ 21 2944 2816 90 0 ]
[ 21 3072 2432 90 0 ]
[ 21 3072 2688 90 0 ]
[ 21 3072 2944 90 0 ]
[ 21 512 2432 90 0 ]
[ 21 512 2560 90 0 ]
[ 21 512 2688 90 0 ]
[ 21 512 2816 90 0 ]
[ 21 512 2944 90 0 ]
[ 21 640 2432 90 0 ]
[ 21 640 2560 90 0 ]
[ 21 640 2688 90 0 ]
[ 21 640 2816 90 0 ]
[ 21 640 2944 90 0 ]
[ 21 768 2432 90 0 ]
[ 21 768 2560 90 0 ]
[ 21 768 2688 90 0 ]
[ 21 768 2816 90 0 ]
[ 21 768 2944 90 0 ]
[ 21 896 2432 90 0 ]
[ 21 896 2560 90 0 ]
[ 21 896 2688 90 0 ]
[ 21 896 2816 90 0 ]
[ 21 896 2944 90 0 ]
[ 21 1024 2432 90 0 ]
[ 21 1024 2560 90 0 ]
[ 21 1024 2688 90 0 ]
[ 21 1024 2816 90 0 ]
[ 21 1024 2944 90 0 ]
[ 21 1536 2432 90 0 ]
[ 21 1536 2560 90 0 ]
[ 21 1536 2688 90 0 ]
[ 21 1536 2816 90 0 ]
[ 21 1536 2944 90 0 ]
[ 21 1664 2432 90 0 ]
[ 21 1664 2560 90 0 ]
[ 21 1664 2688 90 0 ]
[ 21 1664 2816 90 0 ]
[ 21 1664 2944 90 0 ]
[ 21 1792 2432 90 0 ]
[ 21 1792 2560 90 0 ]
[ 21 1792 2688 90 0 ]
[ 21 1792 2816 90 0 ]
[ 21 1792 2944 90 0 ]
[ 21 1920 2432 90 0 ]
[ 21 1920 2560 90 0 ]
[ 21 1920 2688 90 0 ]
[ 21 1920 2816 90 0 ]
[ 21 1920 2944 90 0 ]
[ 21 2048 2432 90 0 ]
[ 21 2048 2560 90 0 ]
[ 21 2048 2688 90 0 ]
[ 21 2048 2816 90 0 ]
[ 21 2048 2944 90 0 ]
[ 3 1152 2688 90 dmode 0 1 ]
[ 3 1408 2688 90 dmode 1 1 ]
[ 2 2176 2688 90 dmode 2 0 ]
[ 3 2432 2688 90 dmode 3 1 ]
[ 3 1792 2304 0 dmode 2 1 ]
[ 2 3200 2688 90 dmode 4 0 ]
[ 3 3456 2688 270 dmode 5 1 ]
[ 2 2816 2816 180 dmode 6 0 ]
[ 2 2688 2688 270 dmode 6 0 ]
[ 3 2816 2560 360 dmode 6 1 ]
[ 3 2944 2688 90 dmode 6 1 ]
[ 2 2816 3072 180 dmode 6 0 ]
[ 3 2816 2304 180 dmode 6 1 ]
[ 2 2560 2560 0 dmode 7 0 ]
[ 3 2560 2816 0 dmode 7 1 ]
[ 3 2688 2944 90 dmode 7 1 ]
[ 3 2944 2944 90 dmode 7 1 ]
[ 3 3072 2816 360 dmode 7 1 ]
[ 2 3072 2560 0 dmode 7 0 ]
[ 2 2688 2431 270 dmode 7 0 ]
[ 6 4096 2431 270 0 ]
[ 6 4096 2560 270 0 ]
[ 6 4096 2688 270 0 ]
[ 6 4096 2816 270 0 ]
[ 6 4096 2944 270 0 ]
[ 2 2944 2431 270 dmode 8 0 ]
[ 39 3840 2304 270 barmode 8 1 ]
[ 38 3840 3072 270 barmode 7 0 ]
[ 3 3968 2432 90 dmode 8 1 ]
[ 3 3968 2560 90 dmode 8 1 ]
[ 3 3968 2688 90 dmode 8 1 ]
[ 3 3968 2816 90 dmode 8 1 ]
[ 3 3968 2944 90 dmode 8 1 ]
[ 21 0 -1920 90 0 ]
[ 21 0 -1792 90 0 ]
[ 21 0 -1664 90 0 ]
[ 21 0 -1536 90 0 ]
[ 21 0 -1408 90 0 ]
[ 21 0 -1280 90 0 ]
[ 21 0 -1152 90 0 ]
[ 21 0 -1024 90 0 ]
[ 21 128 -1408 90 0 ]
[ 21 256 -1408 90 0 ]
[ 21 384 -1408 90 0 ]
[ 21 768 -1792 90 0 ]
[ 21 768 -1920 90 0 ]
[ 21 768 -1024 90 0 ]
[ 21 1792 -1920 90 0 ]
[ 21 1280 -1408 90 0 ]
[ 21 1792 -1024 90 0 ]
[ 21 2304 -1408 90 0 ]
[ 21 3328 -1408 90 0 ]
[ 21 2816 -1920 90 0 ]
[ 21 3840 -1920 90 0 ]
[ 21 4224 -1408 90 0 ]
[ 21 3584 -1664 90 0 ]
[ 21 3584 -1536 90 0 ]
[ 21 3584 -1408 90 0 ]
[ 21 3584 -1280 90 0 ]
[ 21 3584 -1152 90 0 ]
[ 21 3712 -1664 90 0 ]
[ 21 3712 -1536 90 0 ]
[ 21 3712 -1408 90 0 ]
[ 21 3712 -1280 90 0 ]
[ 21 3712 -1152 90 0 ]
[ 21 3840 -1664 90 0 ]
[ 21 3840 -1536 90 0 ]
[ 21 3840 -1408 90 0 ]
[ 21 3840 -1280 90 0 ]
[ 21 3840 -1152 90 0 ]
[ 21 2560 -1664 90 0 ]
[ 21 2560 -1408 90 0 ]
[ 21 2560 -1152 90 0 ]
[ 21 2688 -1536 90 0 ]
[ 21 2688 -1280 90 0 ]
[ 21 2816 -1664 90 0 ]
[ 21 2816 -1408 90 0 ]
[ 21 2816 -1152 90 0 ]
[ 21 2944 -1536 90 0 ]
[ 21 2944 -1280 90 0 ]
[ 21 3072 -1664 90 0 ]
[ 21 3072 -1408 90 0 ]
[ 21 3072 -1152 90 0 ]
[ 21 512 -1664 90 0 ]
[ 21 512 -1536 90 0 ]
[ 21 512 -1408 90 0 ]
[ 21 512 -1280 90 0 ]
[ 21 512 -1152 90 0 ]
[ 21 640 -1664 90 0 ]
[ 21 640 -1536 90 0 ]
[ 21 640 -1408 90 0 ]
[ 21 640 -1280 90 0 ]
[ 21 640 -1152 90 0 ]
[ 21 768 -1664 90 0 ]
[ 21 768 -1536 90 0 ]
[ 21 768 -1408 90 0 ]
[ 21 768 -1280 90 0 ]
[ 21 768 -1152 90 0 ]
[ 21 896 -1664 90 0 ]
[ 21 896 -1536 90 0 ]
[ 21 896 -1408 90 0 ]
[ 21 896 -1280 90 0 ]
[ 21 896 -1152 90 0 ]
[ 21 1024 -1664 90 0 ]
[ 21 1024 -1536 90 0 ]
[ 21 1024 -1408 90 0 ]
[ 21 1024 -1280 90 0 ]
[ 21 1024 -1152 90 0 ]
[ 21 1536 -1664 90 0 ]
[ 21 1536 -1536 90 0 ]
[ 21 1536 -1408 90 0 ]
[ 21 1536 -1280 90 0 ]
[ 21 1536 -1152 90 0 ]
[ 21 1664 -1664 90 0 ]
[ 21 1664 -1536 90 0 ]
[ 21 1664 -1408 90 0 ]
[ 21 1664 -1280 90 0 ]
[ 21 1664 -1152 90 0 ]
[ 21 1792 -1664 90 0 ]
[ 21 1792 -1536 90 0 ]
[ 21 1792 -1408 90 0 ]
[ 21 1792 -1280 90 0 ]
[ 21 1792 -1152 90 0 ]
[ 21 1920 -1664 90 0 ]
[ 21 1920 -1536 90 0 ]
[ 21 1920 -1408 90 0 ]
[ 21 1920 -1280 90 0 ]
[ 21 1920 -1152 90 0 ]
[ 21 2048 -1664 90 0 ]
[ 21 2048 -1536 90 0 ]
[ 21 2048 -1408 90 0 ]
[ 21 2048 -1280 90 0 ]
[ 21 2048 -1152 90 0 ]
[ 3 1152 -1408 90 dmode 0 1 ]
[ 3 1408 -1408 90 dmode 1 1 ]
[ 2 2176 -1408 90 dmode 2 0 ]
[ 3 2432 -1408 90 dmode 3 1 ]
[ 3 1792 -1792 0 dmode 2 1 ]
[ 2 3200 -1408 90 dmode 4 0 ]
[ 3 3456 -1408 270 dmode 5 1 ]
[ 2 2816 -1280 180 dmode 6 0 ]
[ 2 2688 -1408 270 dmode 6 0 ]
[ 3 2816 -1536 360 dmode 6 1 ]
[ 3 2944 -1408 90 dmode 6 1 ]
[ 2 2816 -1024 180 dmode 6 0 ]
[ 3 2816 -1792 180 dmode 6 1 ]
[ 2 2560 -1536 0 dmode 7 0 ]
[ 3 2560 -1280 0 dmode 7 1 ]
[ 3 2688 -1152 90 dmode 7 1 ]
[ 3 2944 -1152 90 dmode 7 1 ]
[ 3 3072 -1280 360 dmode 7 1 ]
[ 2 3072 -1536 0 dmode 7 0 ]
[ 2 2688 -1665 270 dmode 7 0 ]
[ 6 4096 -1665 270 0 ]
[ 6 4096 -1536 270 0 ]
[ 6 4096 -1408 270 0 ]
[ 6 4096 -1280 270 0 ]
[ 6 4096 -1152 270 0 ]
[ 2 2944 -1665 270 dmode 8 0 ]
[ 39 3840 -1792 270 barmode 8 1 ]
[ 38 3840 -1024 270 barmode 7 0 ]
[ 3 3968 -1664 90 dmode 8 1 ]
[ 3 3968 -1536 90 dmode 8 1 ]
[ 3 3968 -1408 90 dmode 8 1 ]
[ 3 3968 -1280 90 dmode 8 1 ]
[ 3 3968 -1152 90 dmode 8 1 ]
[ 100 768 640 541 ]
[ 100 1792 640 541 ]
[ 100 2816 640 541 ]
[ 100 3840 640 541 ]
[ 102 0 0 69 0 1024 ]
[ 102 0 1152 69 0 -1024 ]
[ 100 0 640 642 ]
[ 102 768 0 69 0 1024 ]
[ 102 768 1151 69 0 -1024 ]
[ 102 1792 1151 69 0 -1024 ]
[ 102 1792 0 69 0 1024 ]
[ 102 2816 0 69 0 1024 ]
[ 102 2816 1151 59 0 -1024 ]
[ 102 3840 1151 69 0 -1024 ]
[ 102 3840 0 69 0 1024 ]
Electric
PLayer 572.398 624.333