Does_not_exist
Map_basic
[ 1 1024 -512 90 1 ]
[ 2 1280 -512 90 dmode 0 0 ]
[ 7 1152 -512 180 0 ]
[ 7 1408 -512 360 1 ]
[ 3 1536 0 0 0 ]
[ 3 1536 -512 0 0 ]
[ 23 1024 384 90 0 ]
[ 23 1024 256 90 0 ]
[ 23 1024 128 90 0 ]
[ 23 1280 512 180 0 ]
[ 23 1152 512 180 0 ]
[ 23 1408 512 180 0 ]
[ 23 1536 384 270 0 ]
[ 23 1536 256 270 0 ]
[ 23 1536 128 270 0 ]
[ 4 1536 512 0 0 ]
[ 4 1024 512 0 0 ]
[ 4 1024 0 0 0 ]
[ 18 1280 256 0 1 ]
[ 8 1792 512 0 0 ]
[ 8 1792 -512 0 0 ]
[ 9 1664 512 0 0 ]
[ 9 1664 -512 0 0 ]
[ 9 1920 -512 0 0 ]
[ 9 2048 -512 0 0 ]
[ 9 2176 -512 0 0 ]
[ 9 2304 -512 0 0 ]
[ 9 2432 -512 0 0 ]
[ 9 2560 -512 0 0 ]
[ 9 2688 -512 0 0 ]
[ 9 1920 512 0 0 ]
[ 9 2048 512 0 0 ]
[ 9 2176 512 0 0 ]
[ 9 2304 512 0 0 ]
[ 9 2432 512 0 0 ]
[ 9 2560 512 0 0 ]
[ 9 2688 512 0 0 ]
[ 23 2944 512 0 0 ]
[ 23 2944 -512 0 0 ]
[ 3 2816 512 0 0 ]
[ 3 2816 -512 0 0 ]
[ 25 3200 512 180 0 ]
[ 25 3328 512 180 0 ]
[ 25 3456 512 180 0 ]
[ 25 3200 0 180 0 ]
[ 25 3328 0 180 0 ]
[ 25 3456 0 180 0 ]
[ 25 3456 -512 180 0 ]
[ 25 3328 -512 180 0 ]
[ 25 3200 -512 180 0 ]
[ 13 3584 -512 180 0 ]
[ 24 3072 -512 270 lmode 0 0 ]
[ 3 3072 0 0 3 ]
[ 3 3072 512 0 3 ]
[ 13 4096 -512 270 0 ]
[ 25 3712 512 360 0 ]
[ 25 3712 -512 0 0 ]
[ 25 3968 -512 0 0 ]
[ 25 4096 -384 90 0 ]
[ 25 4096 -128 90 0 ]
[ 3 4096 0 0 3 ]
[ 3 3584 512 0 3 ]
[ 1 512 512 0 2 ]
[ 1 512 -512 0 2 ]
[ 7 640 512 360 0 ]
[ 7 768 512 0 0 ]
[ 7 896 512 0 1 ]
[ 7 512 384 90 0 ]
[ 7 512 -384 90 0 ]
[ 7 512 -256 90 0 ]
[ 7 512 -128 90 0 ]
[ 7 512 128 90 0 ]
[ 7 640 -512 180 0 ]
[ 7 768 -512 180 0 ]
[ 7 896 -512 180 0 ]
[ 1 512 0 90 4 ]
[ 17 3072 -128 270 0 ]
[ 17 3072 -256 270 0 ]
[ 17 1664 -256 270 0 ]
[ 17 1792 -128 270 0 ]
[ 17 1920 0 270 0 ]
[ 17 1792 128 270 0 ]
[ 17 1920 256 270 0 ]
[ 17 2048 -128 270 0 ]
[ 17 2176 -256 270 0 ]
[ 17 2304 -128 270 0 ]
[ 17 2432 0 270 0 ]
[ 17 2304 128 270 0 ]
[ 17 2176 256 270 0 ]
[ 17 2432 384 270 0 ]
[ 17 2560 256 270 0 ]
[ 17 2688 128 270 0 ]
[ 17 2816 0 270 0 ]
[ 17 2688 -128 270 0 ]
[ 17 2560 -256 270 0 ]
[ 17 2432 -384 270 0 ]
[ 17 1792 -384 0 0 ]
[ 24 4096 -256 0 lmode 2 0 ]
[ 3 3840 -512 0 3 ]
[ 19 3328 256 0 3 ]
[ 17 3312 256 0 0 ]
[ 13 4096 512 270 0 ]
[ 20 3584 0 0 3 ]
[ 17 3584 -128 270 0 ]
[ 25 3840 512 0 0 ]
[ 25 3968 512 0 0 ]
[ 25 4096 384 90 0 ]
[ 25 4096 128 90 0 ]
[ 25 4096 256 90 0 ]
[ 3 512 256 0 1 ]
Movables
[ 3200 256 0 ]
[ 3200 128 0 ]
[ 3200 384 0 ]
[ 3456 128 0 ]
[ 3456 384 0 ]
[ 3456 256 0 ]
Map_floor
[ 1 1152 -128 90 0 ]
[ 1 1152 -256 0 0 ]
[ 1 1152 -384 180 0 ]
[ 10 1536 -384 0 0 ]
[ 10 1536 -256 0 0 ]
[ 10 1536 -128 0 0 ]
[ 1 1280 -385 0 0 ]
[ 1 1280 -129 0 0 ]
[ 1 1280 -256 180 0 ]
[ 1 1408 -385 90 0 ]
[ 1 1408 -256 0 0 ]
[ 1 1408 -129 90 0 ]
[ 3 1152 0 360 dmode 0 1 ]
[ 3 1280 0 0 dmode 0 1 ]
[ 3 1408 0 0 dmode 0 1 ]
[ 22 1408 128 0 0 ]
[ 22 1408 256 0 0 ]
[ 22 1408 384 0 0 ]
[ 22 1280 384 0 0 ]
[ 22 1280 128 0 0 ]
[ 22 1280 256 0 0 ]
[ 22 1152 128 0 0 ]
[ 22 1152 256 0 0 ]
[ 22 1152 384 0 0 ]
[ 10 3072 -256 180 1 ]
[ 10 3072 -384 180 1 ]
[ 10 3072 -128 180 1 ]
[ 24 3072 128 270 lmode 1 1 ]
[ 24 3072 256 270 lmode 1 1 ]
[ 24 3072 384 270 lmode 1 1 ]
[ 42 3328 -384 270 0 ]
[ 42 3456 -128 270 0 ]
[ 23 3584 -384 270 lmode 1 0 ]
[ 23 3584 -256 270 lmode 1 0 ]
[ 23 3584 -128 270 lmode 1 0 ]
[ 24 3712 0 180 lmode 3 1 ]
[ 24 3968 0 180 lmode 3 1 ]
[ 24 3840 0 180 lmode 3 1 ]
[ 23 3584 128 90 lmode 3 0 ]
[ 23 3584 256 90 lmode 3 0 ]
[ 23 3584 384 90 lmode 3 0 ]
[ 20 3200 127 270 0 ]
[ 20 3328 127 270 0 ]
[ 20 3456 127 270 0 ]
[ 20 3328 256 270 0 ]
[ 20 3200 256 270 0 ]
[ 20 3200 384 270 0 ]
[ 20 3328 384 270 0 ]
[ 20 3456 384 270 0 ]
[ 13 3840 127 270 0 ]
[ 13 3712 127 270 0 ]
[ 13 3712 256 270 0 ]
[ 13 3968 127 270 0 ]
[ 13 3712 384 270 0 ]
[ 2 1024 -384 270 dmode 3 0 ]
[ 2 1024 -256 270 dmode 3 0 ]
[ 2 1024 -128 270 dmode 3 0 ]
[ 3 640 0 360 dmode 3 1 ]
[ 3 768 0 0 dmode 3 1 ]
[ 3 896 0 0 dmode 3 1 ]
[ 17 768 -256 0 dmode 3 0 ]
[ 6 896 128 0 0 ]
[ 6 768 384 0 0 ]
[ 6 640 384 0 0 ]
[ 6 640 256 0 0 ]
[ 6 640 128 0 0 ]
[ 6 768 128 0 0 ]
[ 6 768 256 0 0 ]
[ 6 896 256 0 0 ]
[ 6 896 384 0 0 ]
[ 21 896 -384 0 0 ]
[ 21 896 -256 0 0 ]
[ 21 896 -128 0 0 ]
[ 21 768 -128 0 0 ]
[ 21 640 -128 0 0 ]
[ 21 640 -256 0 0 ]
[ 21 640 -384 0 0 ]
[ 21 768 -384 0 0 ]
[ 9 1664 -384 270 5 ]
[ 9 1664 -256 270 3 ]
[ 9 1664 -128 270 3 ]
[ 9 1664 0 270 3 ]
[ 9 1664 128 270 3 ]
[ 9 1664 256 270 4 ]
[ 9 1664 384 270 4 ]
[ 9 2176 -384 270 3 ]
[ 9 1792 -128 270 2 ]
[ 9 1792 0 270 5 ]
[ 9 1792 128 270 4 ]
[ 9 1792 384 270 3 ]
[ 9 1920 -384 270 5 ]
[ 9 1920 -256 270 2 ]
[ 9 1920 -128 270 2 ]
[ 9 1920 0 270 0 ]
[ 9 1920 128 270 5 ]
[ 9 1920 256 270 1 ]
[ 9 1920 384 270 5 ]
[ 9 2048 -384 270 1 ]
[ 9 2048 -256 270 2 ]
[ 9 2048 -128 270 1 ]
[ 9 2048 0 270 1 ]
[ 9 2048 128 270 1 ]
[ 9 2048 256 270 3 ]
[ 9 2048 384 270 3 ]
[ 9 1792 -384 270 2 ]
[ 9 2176 -256 270 1 ]
[ 9 2176 -128 270 1 ]
[ 9 2176 0 270 3 ]
[ 9 2176 128 270 2 ]
[ 9 2176 256 270 4 ]
[ 9 2176 384 270 2 ]
[ 9 2304 -384 270 3 ]
[ 9 2304 -256 270 5 ]
[ 9 2304 -128 270 2 ]
[ 9 2304 0 270 1 ]
[ 9 2304 128 270 4 ]
[ 9 2304 256 270 1 ]
[ 9 2304 384 270 2 ]
[ 9 2432 -384 270 4 ]
[ 9 2432 -256 270 1 ]
[ 9 2432 -128 270 5 ]
[ 9 2432 0 270 0 ]
[ 9 2432 128 270 5 ]
[ 9 2432 256 270 1 ]
[ 9 2432 384 270 3 ]
[ 9 2560 -384 270 4 ]
[ 9 2560 -256 270 0 ]
[ 9 2560 -128 270 4 ]
[ 9 2560 0 270 4 ]
[ 9 2560 128 270 2 ]
[ 9 2560 256 270 0 ]
[ 9 2560 384 270 2 ]
[ 9 2688 -384 270 3 ]
[ 9 2688 -256 270 4 ]
[ 9 2688 -128 270 3 ]
[ 9 2688 0 270 2 ]
[ 9 2688 128 270 3 ]
[ 9 2688 256 270 2 ]
[ 9 2688 384 270 3 ]
[ 9 2816 -384 270 3 ]
[ 9 2816 -128 270 0 ]
[ 9 2816 0 270 0 ]
[ 9 2816 128 270 5 ]
[ 9 2816 384 270 4 ]
[ 9 2944 -384 270 0 ]
[ 9 2944 -256 270 2 ]
[ 9 2944 -128 270 1 ]
[ 9 2944 0 270 0 ]
[ 9 2944 128 270 0 ]
[ 9 2944 256 270 5 ]
[ 9 2944 384 270 4 ]
[ 7 1792 -256 0 ]
[ 8 2816 256 0 ]
[ 7 2816 -256 1 ]
[ 8 1792 256 1 ]
[ 13 3840 256 270 0 ]
[ 13 3968 384 270 0 ]
[ 13 3968 256 270 0 ]
[ 13 3840 384 270 0 ]
[ 20 3456 256 90 0 ]
[ 100 1024 0 600 ]
[ 100 3584 0 600 ]
[ 100 2304 0 637 ]
Electric
[ 30 3200 -512 630 1 ]
[ 35 3200 -384 450 lmode 0 1 ]
[ 27 3200 -256 90 ]
[ 28 3328 -256 180 ]
[ 31 3456 -512 630 0 ]
[ 27 3456 -256 360 ]
[ 34 3456 -384 630 lmode 0 0 ]
[ 37 3200 0 450 lmode 1 ]
[ 27 3328 -128 360 ]
[ 27 3200 -128 540 ]
[ 36 3968 -496 360 lmode 2 ]
[ 25 4096 -496 0 ]
[ 28 3840 -496 180 ]
[ 34 3712 -496 180 lmode 2 0 ]
[ 31 3584 -512 180 0 ]
[ 27 3712 -128 450 ]
[ 27 3968 -384 270 ]
[ 27 3712 -384 540 ]
[ 29 3840 -384 180 ]
[ 26 3712 -256 270 ]
[ 26 3840 -256 270 ]
[ 37 3072 512 540 lmode 3 ]
[ 28 3968 -128 0 ]
[ 28 3840 -128 0 ]
[ 28 3968 -256 90 ]
[ 25 4096 -384 270 ]
[ 26 3200 512 180 ]
[ 26 3328 512 180 ]
[ 26 3456 512 180 ]
[ 26 3584 512 180 ]
[ 26 3712 512 180 ]
[ 26 3840 512 180 ]
[ 26 3968 512 180 ]
[ 26 4096 -128 270 ]
[ 26 4096 0 270 ]
[ 26 4096 128 270 ]
[ 26 4096 256 270 ]
[ 26 4096 384 270 ]
[ 27 4096 512 360 ]
[ 28 4096 -256 270 ]
PLayer 1291.09 -247.28