Does_not_exist
Map_basic
[ 1 768 256 90 0 ]
[ 1 1024 512 270 5 ]
[ 1 768 512 0 4 ]
[ 1 1408 512 180 3 ]
[ 1 1408 -128 270 0 ]
[ 1 768 -128 270 1 ]
[ 1 256 -128 90 0 ]
[ 1 256 1152 0 1 ]
[ 1 1408 1152 0 4 ]
[ 1 2176 1152 180 3 ]
[ 1 2176 -896 180 0 ]
[ 1 -512 -128 90 3 ]
[ 1 -512 -896 270 5 ]
[ 1 -512 1152 270 2 ]
[ 1 -512 1919 90 4 ]
[ 1 2176 1919 180 0 ]
[ 1 3840 1920 270 5 ]
[ 1 3840 1152 270 4 ]
[ 1 3456 1152 90 5 ]
[ 7 3456 640 90 0 ]
[ 7 3456 768 90 0 ]
[ 7 3456 896 90 0 ]
[ 7 3456 1024 90 0 ]
[ 7 3840 640 90 0 ]
[ 7 3840 768 90 0 ]
[ 7 3840 896 90 0 ]
[ 7 3840 1024 90 0 ]
[ 7 3840 1280 270 0 ]
[ 7 3840 1408 270 0 ]
[ 7 3840 1536 270 0 ]
[ 7 3840 1664 270 0 ]
[ 7 3840 1792 270 0 ]
[ 7 3712 1920 0 0 ]
[ 7 3584 1920 0 0 ]
[ 7 3456 1920 0 0 ]
[ 7 3328 1920 0 0 ]
[ 7 3200 1920 0 0 ]
[ 7 3072 1920 0 0 ]
[ 7 2944 1920 0 0 ]
[ 7 2816 1920 0 0 ]
[ 7 2688 1920 0 0 ]
[ 7 2560 1920 0 0 ]
[ 7 2432 1920 0 0 ]
[ 7 2304 1920 0 0 ]
[ 7 896 256 0 0 ]
[ 7 768 384 270 0 ]
[ 7 896 512 540 0 ]
[ 7 1152 512 180 0 ]
[ 7 1280 512 180 0 ]
[ 7 1408 384 450 0 ]
[ 7 1408 128 90 0 ]
[ 7 1408 0 90 0 ]
[ 7 1280 -128 0 0 ]
[ 7 1152 -128 0 0 ]
[ 7 1024 -128 360 0 ]
[ 7 896 -128 0 0 ]
[ 7 640 -128 0 0 ]
[ 7 512 -128 0 0 ]
[ 7 384 -128 0 0 ]
[ 7 255 0 270 0 ]
[ 7 255 128 270 0 ]
[ 7 255 256 270 0 ]
[ 7 255 384 270 0 ]
[ 7 255 640 270 0 ]
[ 7 255 768 270 0 ]
[ 7 255 1024 270 0 ]
[ 7 384 1151 0 0 ]
[ 7 640 1151 0 0 ]
[ 7 768 1151 0 0 ]
[ 7 896 1151 0 0 ]
[ 7 1024 1151 0 0 ]
[ 7 1152 1151 0 0 ]
[ 7 1280 1151 0 0 ]
[ 7 1535 1151 0 0 ]
[ 7 1664 1151 0 0 ]
[ 7 1792 1151 0 0 ]
[ 7 1920 1151 0 0 ]
[ 7 2048 1151 0 0 ]
[ 7 2176 1024 270 0 ]
[ 7 2176 896 270 0 ]
[ 7 2176 768 270 0 ]
[ 7 2176 640 270 0 ]
[ 7 2176 512 270 0 ]
[ 7 2176 384 270 0 ]
[ 7 2176 256 270 0 ]
[ 7 2176 128 270 0 ]
[ 7 2176 0 630 1 ]
[ 7 2175 -256 90 1 ]
[ 7 2175 -384 90 0 ]
[ 7 2175 -512 90 0 ]
[ 7 2175 -640 90 0 ]
[ 7 2175 -768 90 0 ]
[ 7 256 -896 180 0 ]
[ 7 384 -896 180 0 ]
[ 7 512 -896 180 0 ]
[ 7 640 -896 180 0 ]
[ 7 768 -896 180 0 ]
[ 7 896 -896 180 0 ]
[ 7 1024 -896 180 0 ]
[ 7 1152 -896 180 0 ]
[ 7 1280 -896 180 0 ]
[ 7 1408 -896 180 0 ]
[ 7 1536 -896 180 0 ]
[ 7 1664 -896 180 0 ]
[ 7 1792 -896 180 0 ]
[ 7 1919 -896 180 0 ]
[ 7 2048 -896 180 0 ]
[ 7 -385 -896 180 0 ]
[ 7 -256 -896 180 0 ]
[ 7 -128 -896 180 0 ]
[ 7 0 -896 180 0 ]
[ 7 128 -896 180 0 ]
[ 7 -512 -768 450 0 ]
[ 7 -512 -640 450 1 ]
[ 7 -512 -384 270 1 ]
[ 7 -512 -256 270 0 ]
[ 7 -512 0 270 0 ]
[ 7 -512 128 270 0 ]
[ 7 -512 1024 270 0 ]
[ 7 -512 895 270 0 ]
[ 7 -512 768 270 0 ]
[ 7 -512 640 270 0 ]
[ 7 -512 512 270 0 ]
[ 7 -512 384 270 0 ]
[ 7 -512 255 270 0 ]
[ 7 -512 1280 270 0 ]
[ 7 -512 1408 270 0 ]
[ 7 -512 1536 270 0 ]
[ 7 -512 1664 270 0 ]
[ 7 -512 1792 270 0 ]
[ 7 -385 1920 0 0 ]
[ 7 -256 1920 0 0 ]
[ 7 -128 1920 0 0 ]
[ 7 0 1920 0 0 ]
[ 7 128 1920 0 0 ]
[ 7 384 1920 0 0 ]
[ 7 512 1920 0 0 ]
[ 7 640 1920 0 0 ]
[ 7 768 1920 0 0 ]
[ 7 896 1920 0 0 ]
[ 7 1024 1920 0 0 ]
[ 7 1152 1920 0 0 ]
[ 7 1280 1920 0 0 ]
[ 7 1536 1920 0 0 ]
[ 7 1664 1920 0 0 ]
[ 7 2048 1920 0 0 ]
[ 7 1919 1920 0 0 ]
[ 7 1792 1920 0 0 ]
[ 1 256 1920 90 2 ]
[ 1 1408 1920 90 3 ]
[ 1 3456 1408 270 0 ]
[ 7 2176 1280 90 0 ]
[ 7 2304 1408 180 0 ]
[ 7 2432 1408 180 0 ]
[ 7 2560 1408 180 0 ]
[ 7 2688 1408 180 0 ]
[ 7 2816 1408 180 0 ]
[ 7 2943 1408 180 0 ]
[ 7 3071 1408 180 0 ]
[ 7 3200 1408 180 0 ]
[ 7 3328 1408 180 0 ]
[ 7 3456 1280 270 0 ]
[ 2 1024 256 0 dmode 0 0 ]
[ 28 1408 256 90 dmode 1 ]
[ 18 512 128 0 1 ]
[ 17 1536 768 180 0 ]
[ 17 1664 768 180 0 ]
[ 17 1664 640 180 0 ]
[ 17 1664 512 180 0 ]
[ 17 1664 384 180 0 ]
[ 17 1664 256 180 0 ]
[ 17 1536 1024 180 0 ]
[ 17 1664 1024 180 0 ]
[ 17 1792 1024 180 0 ]
[ 17 1920 1024 180 0 ]
[ 17 1920 768 180 0 ]
[ 17 1920 640 180 0 ]
[ 17 1920 512 180 0 ]
[ 17 1920 384 180 0 ]
[ 17 1920 256 180 0 ]
[ 17 1920 128 180 0 ]
[ 17 1920 0 180 0 ]
[ 17 1920 -128 180 0 ]
[ 17 1920 -256 180 0 ]
[ 17 1920 -384 180 0 ]
[ 17 2048 -384 180 0 ]
[ 3 2176 -128 0 1 ]
[ 17 1664 128 270 0 ]
[ 17 1664 0 270 0 ]
[ 17 1664 -128 270 0 ]
[ 17 1664 -256 270 0 ]
[ 17 1664 -384 270 0 ]
[ 17 1536 -384 270 0 ]
[ 17 1408 -384 270 0 ]
[ 17 1280 -384 270 0 ]
[ 17 1664 -640 270 0 ]
[ 17 1920 -640 270 0 ]
[ 17 1664 -768 270 0 ]
[ 17 1920 -768 270 0 ]
[ 17 2048 -640 270 0 ]
[ 17 1536 -640 270 0 ]
[ 17 1408 -640 270 0 ]
[ 17 1280 -640 270 0 ]
[ 17 1024 -640 270 0 ]
[ 17 1151 -640 270 0 ]
[ 17 1151 -384 270 0 ]
[ 17 1024 -384 270 0 ]
[ 17 896 -640 270 0 ]
[ 17 896 -384 270 0 ]
[ 28 -512 -512 270 barmode 2 ]
[ 28 256 512 90 barmode 3 ]
[ 2 512 1152 180 dmode 4 0 ]
[ 2 256 896 180 dmode 5 0 ]
[ 17 -256 1408 270 0 ]
[ 17 -128 1408 270 0 ]
[ 17 0 1408 270 0 ]
[ 17 0 1536 270 0 ]
[ 17 0 1663 270 0 ]
[ 17 -128 1663 270 0 ]
[ 17 -256 1663 270 0 ]
[ 17 -256 1536 270 0 ]
[ 17 512 1408 270 0 ]
[ 17 640 1408 270 0 ]
[ 17 768 1408 270 0 ]
[ 17 768 1536 270 0 ]
[ 17 768 1663 270 0 ]
[ 17 1408 1792 270 0 ]
[ 17 1408 1663 270 0 ]
[ 17 1152 1663 270 0 ]
[ 17 1024 1663 270 0 ]
[ 17 896 1663 270 0 ]
[ 17 896 1408 270 0 ]
[ 17 1024 1408 270 0 ]
[ 17 1152 1408 270 0 ]
[ 17 1280 1408 270 0 ]
[ 17 1408 1408 270 0 ]
[ 17 1408 1280 270 0 ]
[ 17 384 1408 270 0 ]
[ 17 512 1536 270 0 ]
[ 17 512 1663 270 0 ]
[ 17 1536 1408 270 0 ]
[ 17 1663 1408 270 0 ]
[ 17 1663 1536 270 0 ]
[ 17 1663 1663 270 0 ]
[ 17 1792 1663 270 0 ]
[ 17 1920 1663 270 0 ]
[ 17 2048 1663 270 0 ]
[ 17 1920 1536 270 0 ]
[ 17 1920 1408 270 0 ]
[ 17 2304 1536 270 0 ]
[ 17 2304 1663 270 0 ]
[ 17 2559 1792 270 0 ]
[ 17 2559 1663 270 0 ]
[ 17 2816 1536 270 0 ]
[ 17 2816 1663 270 0 ]
[ 17 3072 1792 270 0 ]
[ 17 3072 1663 270 0 ]
[ 17 3328 1536 270 0 ]
[ 17 3328 1663 270 0 ]
[ 17 3520 1408 270 0 ]
[ 17 3744 1408 270 0 ]
[ 11 3712 1152 180 0 ]
[ 11 3584 1152 180 0 ]
[ 1 3456 512 270 3 ]
[ 1 3840 512 90 2 ]
[ 3 2176 1408 0 1 ]
Movables
Map_floor
[ 21 -384 -896 270 0 ]
[ 21 -384 -768 270 0 ]
[ 21 -384 -640 270 0 ]
[ 21 -384 -512 270 0 ]
[ 21 -384 -384 270 0 ]
[ 21 -384 -256 270 0 ]
[ 21 -384 -128 270 0 ]
[ 21 -384 0 270 0 ]
[ 21 -384 128 270 0 ]
[ 21 -384 256 270 0 ]
[ 21 -384 384 270 0 ]
[ 21 -384 512 270 0 ]
[ 21 -384 640 270 0 ]
[ 21 -384 768 270 0 ]
[ 21 -384 896 270 0 ]
[ 21 -384 1024 270 0 ]
[ 21 -256 -896 270 0 ]
[ 21 -256 -768 270 0 ]
[ 21 -128 -896 270 0 ]
[ 21 -128 -768 270 0 ]
[ 21 -128 -512 270 0 ]
[ 21 -128 -256 270 0 ]
[ 21 -128 -128 270 0 ]
[ 21 -128 0 270 0 ]
[ 21 -128 128 270 0 ]
[ 21 -128 256 270 0 ]
[ 21 -128 384 270 0 ]
[ 21 -128 512 270 0 ]
[ 21 -128 640 270 0 ]
[ 21 -128 768 270 0 ]
[ 21 -128 896 270 0 ]
[ 21 -128 1024 270 0 ]
[ 21 0 -896 270 0 ]
[ 21 0 -768 270 0 ]
[ 21 0 -512 270 0 ]
[ 21 128 -896 270 0 ]
[ 21 128 -768 270 0 ]
[ 21 128 -512 270 0 ]
[ 21 128 -256 270 0 ]
[ 21 128 -128 270 0 ]
[ 21 128 0 270 0 ]
[ 21 128 128 270 0 ]
[ 21 128 256 270 0 ]
[ 21 128 384 270 0 ]
[ 21 128 512 270 0 ]
[ 21 128 640 270 0 ]
[ 21 128 768 270 0 ]
[ 21 128 896 270 0 ]
[ 21 128 1024 270 0 ]
[ 21 256 -896 270 0 ]
[ 21 256 -768 270 0 ]
[ 21 256 -512 270 0 ]
[ 21 256 -256 270 0 ]
[ 21 256 -128 270 0 ]
[ 21 256 0 270 0 ]
[ 21 256 128 270 0 ]
[ 21 256 256 270 0 ]
[ 21 256 384 270 0 ]
[ 21 256 512 270 0 ]
[ 21 256 640 270 0 ]
[ 21 256 768 270 0 ]
[ 21 256 896 270 0 ]
[ 21 256 1024 270 0 ]
[ 21 384 -896 270 0 ]
[ 21 384 -768 270 0 ]
[ 21 384 -512 270 0 ]
[ 21 384 -256 270 0 ]
[ 21 384 -128 270 0 ]
[ 21 384 0 270 0 ]
[ 21 384 128 270 0 ]
[ 21 384 256 270 0 ]
[ 21 384 384 270 0 ]
[ 21 384 640 270 0 ]
[ 21 384 768 270 0 ]
[ 21 512 -896 270 0 ]
[ 21 512 -768 270 0 ]
[ 21 512 -512 270 0 ]
[ 21 512 -256 270 0 ]
[ 21 512 -128 270 0 ]
[ 21 512 0 270 0 ]
[ 21 512 128 270 0 ]
[ 21 512 640 270 0 ]
[ 21 640 -896 270 0 ]
[ 21 640 -768 270 0 ]
[ 21 640 -512 270 0 ]
[ 21 640 -256 270 0 ]
[ 21 640 -128 270 0 ]
[ 21 640 0 270 0 ]
[ 21 640 128 270 0 ]
[ 21 640 384 270 0 ]
[ 21 640 640 270 0 ]
[ 21 640 1024 270 0 ]
[ 21 768 -896 270 0 ]
[ 21 768 -128 270 0 ]
[ 21 768 256 270 0 ]
[ 21 768 384 270 0 ]
[ 21 768 512 270 0 ]
[ 21 768 640 270 0 ]
[ 21 768 768 270 0 ]
[ 21 768 1024 270 0 ]
[ 21 896 -896 270 0 ]
[ 21 896 -768 270 0 ]
[ 21 896 -640 270 0 ]
[ 21 896 -512 270 0 ]
[ 21 896 -384 270 0 ]
[ 21 896 -256 270 0 ]
[ 21 896 -128 270 0 ]
[ 21 896 0 270 0 ]
[ 21 896 128 270 0 ]
[ 21 896 256 270 0 ]
[ 21 896 384 270 0 ]
[ 21 896 512 270 0 ]
[ 21 896 640 270 0 ]
[ 21 896 768 270 0 ]
[ 21 896 896 270 0 ]
[ 21 896 1024 270 0 ]
[ 21 1024 -896 270 0 ]
[ 21 1024 -768 270 0 ]
[ 21 1024 -640 270 0 ]
[ 21 1024 -512 270 0 ]
[ 21 1024 -384 270 0 ]
[ 21 1024 -256 270 0 ]
[ 21 1024 -128 270 0 ]
[ 21 1024 0 270 0 ]
[ 21 1024 128 270 0 ]
[ 21 1024 256 270 0 ]
[ 21 1024 512 270 0 ]
[ 21 1024 640 270 0 ]
[ 21 1024 768 270 0 ]
[ 21 1024 896 270 0 ]
[ 21 1024 1024 270 0 ]
[ 21 1152 -896 270 0 ]
[ 21 1152 -768 270 0 ]
[ 21 1152 -640 270 0 ]
[ 21 1152 -512 270 0 ]
[ 21 1152 -384 270 0 ]
[ 21 1152 -256 270 0 ]
[ 21 1152 -128 270 0 ]
[ 21 1152 0 270 0 ]
[ 21 1152 128 270 0 ]
[ 21 1152 384 270 0 ]
[ 21 1152 512 270 0 ]
[ 21 1152 640 270 0 ]
[ 21 1152 768 270 0 ]
[ 21 1152 896 270 0 ]
[ 21 1152 1024 270 0 ]
[ 21 1280 -896 270 0 ]
[ 21 1280 -768 270 0 ]
[ 21 1280 -640 270 0 ]
[ 21 1280 -512 270 0 ]
[ 21 1280 -384 270 0 ]
[ 21 1280 -256 270 0 ]
[ 21 1280 -128 270 0 ]
[ 21 1280 0 270 0 ]
[ 21 1280 128 270 0 ]
[ 21 1280 384 270 0 ]
[ 21 1280 512 270 0 ]
[ 21 1280 640 270 0 ]
[ 21 1280 768 270 0 ]
[ 21 1280 896 270 0 ]
[ 21 1280 1024 270 0 ]
[ 21 1408 -896 270 0 ]
[ 21 1408 -768 270 0 ]
[ 21 1408 -640 270 0 ]
[ 21 1408 -512 270 0 ]
[ 21 1408 -384 270 0 ]
[ 21 1408 -256 270 0 ]
[ 21 1408 -128 270 0 ]
[ 21 1408 0 270 0 ]
[ 21 1408 128 270 0 ]
[ 21 1408 256 270 0 ]
[ 21 1408 384 270 0 ]
[ 21 1408 512 270 0 ]
[ 21 1536 -896 270 0 ]
[ 21 1536 -768 270 0 ]
[ 21 1536 -640 270 0 ]
[ 21 1536 -512 270 0 ]
[ 21 1536 -384 270 0 ]
[ 21 1536 -256 270 0 ]
[ 21 1536 -128 270 0 ]
[ 21 1536 0 270 0 ]
[ 21 1536 128 270 0 ]
[ 21 1536 256 270 0 ]
[ 21 1536 384 270 0 ]
[ 21 1536 512 270 0 ]
[ 21 1536 640 270 0 ]
[ 21 1536 768 270 0 ]
[ 21 1536 896 270 0 ]
[ 21 1536 1024 270 0 ]
[ 21 1664 -896 270 0 ]
[ 21 1664 -768 270 0 ]
[ 21 1664 -640 270 0 ]
[ 21 1664 -512 270 0 ]
[ 21 1664 -384 270 0 ]
[ 21 1664 -256 270 0 ]
[ 21 1664 -128 270 0 ]
[ 21 1664 0 270 0 ]
[ 21 1664 128 270 0 ]
[ 21 1664 256 270 0 ]
[ 21 1664 384 270 0 ]
[ 21 1664 512 270 0 ]
[ 21 1664 640 270 0 ]
[ 21 1664 768 270 0 ]
[ 21 1664 896 270 0 ]
[ 21 1664 1024 270 0 ]
[ 21 1792 -896 270 0 ]
[ 21 1792 -768 270 0 ]
[ 21 1792 -640 270 0 ]
[ 21 1792 -512 270 0 ]
[ 21 1792 -384 270 0 ]
[ 21 1792 -256 270 0 ]
[ 21 1792 -128 270 0 ]
[ 21 1792 0 270 0 ]
[ 21 1792 128 270 0 ]
[ 21 1792 256 270 0 ]
[ 21 1792 384 270 0 ]
[ 21 1792 512 270 0 ]
[ 21 1792 640 270 0 ]
[ 21 1792 768 270 0 ]
[ 21 1792 896 270 0 ]
[ 21 1792 1024 270 0 ]
[ 21 1920 -896 270 0 ]
[ 21 1920 -768 270 0 ]
[ 21 1920 -640 270 0 ]
[ 21 1920 -512 270 0 ]
[ 21 1920 -384 270 0 ]
[ 21 1920 -256 270 0 ]
[ 21 1920 -128 270 0 ]
[ 21 1920 0 270 0 ]
[ 21 1920 128 270 0 ]
[ 21 1920 256 270 0 ]
[ 21 1920 384 270 0 ]
[ 21 1920 512 270 0 ]
[ 21 1920 640 270 0 ]
[ 21 1920 768 270 0 ]
[ 21 1920 896 270 0 ]
[ 21 1920 1024 270 0 ]
[ 21 2047 -896 270 0 ]
[ 21 2047 -768 270 0 ]
[ 21 2047 -640 270 0 ]
[ 21 2047 -512 270 0 ]
[ 21 2047 -384 270 0 ]
[ 21 2047 -256 270 0 ]
[ 21 2047 -128 270 0 ]
[ 21 2047 0 270 0 ]
[ 21 2047 128 270 0 ]
[ 21 2047 256 270 0 ]
[ 21 2047 384 270 0 ]
[ 21 2047 512 270 0 ]
[ 21 2047 640 270 0 ]
[ 21 2047 768 270 0 ]
[ 21 2047 896 270 0 ]
[ 21 2047 1024 270 0 ]
[ 1 3583 1408 90 0 ]
[ 1 3712 1408 180 0 ]
[ 1 3712 1536 0 0 ]
[ 1 3712 1664 270 0 ]
[ 1 3712 1792 180 0 ]
[ 1 -384 1536 180 0 ]
[ 1 -384 1664 0 0 ]
[ 1 -384 1792 180 0 ]
[ 1 -256 1536 0 0 ]
[ 1 -256 1664 180 0 ]
[ 1 -256 1792 0 0 ]
[ 1 -128 1536 0 0 ]
[ 1 -128 1664 180 0 ]
[ 1 -128 1792 90 0 ]
[ 1 0 1536 180 0 ]
[ 1 0 1664 90 0 ]
[ 1 0 1792 180 0 ]
[ 1 128 1536 180 0 ]
[ 1 128 1664 180 0 ]
[ 1 128 1792 90 0 ]
[ 1 384 1536 270 0 ]
[ 1 384 1664 0 0 ]
[ 1 384 1792 180 0 ]
[ 1 512 1536 0 0 ]
[ 1 512 1664 0 0 ]
[ 1 512 1792 180 0 ]
[ 1 640 1536 0 0 ]
[ 1 640 1664 270 0 ]
[ 1 640 1792 0 0 ]
[ 1 768 1536 0 0 ]
[ 1 768 1664 270 0 ]
[ 1 768 1792 180 0 ]
[ 1 896 1536 270 0 ]
[ 1 896 1664 90 0 ]
[ 1 896 1792 180 0 ]
[ 1 1024 1536 180 0 ]
[ 1 1024 1664 180 0 ]
[ 1 1024 1792 90 0 ]
[ 1 1152 1536 90 0 ]
[ 1 1152 1664 90 0 ]
[ 1 1152 1792 270 0 ]
[ 1 1280 1536 270 0 ]
[ 1 1280 1664 180 0 ]
[ 1 1280 1792 0 0 ]
[ 1 1408 1536 180 0 ]
[ 1 1408 1664 90 0 ]
[ 1 1408 1792 180 0 ]
[ 1 1536 1536 90 0 ]
[ 1 1536 1664 180 0 ]
[ 1 1536 1792 90 0 ]
[ 1 1664 1536 90 0 ]
[ 1 1664 1664 0 0 ]
[ 1 1664 1792 0 0 ]
[ 1 1792 1536 180 0 ]
[ 1 1792 1664 90 0 ]
[ 1 1792 1792 90 0 ]
[ 1 1920 1536 90 0 ]
[ 1 1920 1664 90 0 ]
[ 1 1920 1792 0 0 ]
[ 1 2047 1536 180 0 ]
[ 1 2047 1664 180 0 ]
[ 1 2047 1792 90 0 ]
[ 1 2176 1536 0 0 ]
[ 1 2176 1664 270 0 ]
[ 1 2176 1792 270 0 ]
[ 1 2304 1536 270 0 ]
[ 1 2304 1664 180 0 ]
[ 1 2304 1792 270 0 ]
[ 1 2432 1536 0 0 ]
[ 1 2432 1664 180 0 ]
[ 1 2432 1792 180 0 ]
[ 1 2560 1536 90 0 ]
[ 1 2560 1664 0 0 ]
[ 1 2560 1792 180 0 ]
[ 1 2688 1536 180 0 ]
[ 1 2688 1664 270 0 ]
[ 1 2688 1792 270 0 ]
[ 1 2816 1536 270 0 ]
[ 1 2816 1664 90 0 ]
[ 1 2816 1792 90 0 ]
[ 1 2943 1536 270 0 ]
[ 1 2943 1664 90 0 ]
[ 1 2943 1792 270 0 ]
[ 1 3072 1536 90 0 ]
[ 1 3072 1664 90 0 ]
[ 1 3072 1792 90 0 ]
[ 1 3200 1536 180 0 ]
[ 1 3200 1664 90 0 ]
[ 1 3200 1792 0 0 ]
[ 1 3328 1536 180 0 ]
[ 1 3328 1664 180 0 ]
[ 1 3328 1792 180 0 ]
[ 1 3456 1536 180 0 ]
[ 1 3456 1664 90 0 ]
[ 1 3456 1792 0 0 ]
[ 1 3583 1536 0 0 ]
[ 1 3583 1664 270 0 ]
[ 1 3583 1792 180 0 ]
[ 1 -384 1408 270 0 ]
[ 1 -256 1408 180 0 ]
[ 1 -128 1408 270 0 ]
[ 1 0 1408 0 0 ]
[ 1 128 1408 90 0 ]
[ 1 384 1408 270 0 ]
[ 1 512 1408 270 0 ]
[ 1 640 1408 90 0 ]
[ 1 768 1408 180 0 ]
[ 1 896 1408 180 0 ]
[ 1 1024 1408 270 0 ]
[ 1 1152 1408 0 0 ]
[ 1 1280 1408 180 0 ]
[ 1 1408 1408 0 0 ]
[ 1 1536 1408 0 0 ]
[ 1 1664 1408 90 0 ]
[ 1 1792 1408 0 0 ]
[ 1 1920 1408 270 0 ]
[ 1 2047 1408 0 0 ]
[ 1 -384 1280 90 0 ]
[ 1 -256 1280 180 0 ]
[ 1 -128 1280 90 0 ]
[ 1 0 1280 270 0 ]
[ 1 128 1280 180 0 ]
[ 1 384 1280 0 0 ]
[ 1 512 1280 0 0 ]
[ 1 640 1280 270 0 ]
[ 1 768 1280 270 0 ]
[ 1 896 1280 0 0 ]
[ 1 1024 1280 90 0 ]
[ 1 1152 1280 0 0 ]
[ 1 1280 1280 270 0 ]
[ 1 1408 1280 270 0 ]
[ 1 1536 1280 90 0 ]
[ 1 1664 1280 180 0 ]
[ 1 1792 1280 90 0 ]
[ 1 1920 1280 90 0 ]
[ 1 2047 1280 180 0 ]
[ 3 1152 256 0 dmode 0 1 ]
[ 3 1280 256 0 dmode 0 1 ]
[ 2 768 0 90 dmode 0 0 ]
[ 2 768 128 90 dmode 0 0 ]
[ 2 1024 384 90 dmode 1 0 ]
[ 21 512 384 90 0 ]
[ 21 512 256 90 0 ]
[ 21 640 256 90 0 ]
[ 21 640 768 90 0 ]
[ 17 384 1024 90 dmode 2 0 ]
[ 3 1408 640 90 dmode 2 1 ]
[ 3 1408 768 90 dmode 2 1 ]
[ 3 1408 896 90 dmode 2 1 ]
[ 3 1408 1024 90 dmode 2 1 ]
[ 38 512 896 90 dmode 2 0 ]
[ 38 384 896 90 dmode 2 0 ]
[ 38 512 1024 90 dmode 2 0 ]
[ 21 512 768 90 0 ]
[ 21 768 896 90 0 ]
[ 21 640 896 90 0 ]
[ 2 384 512 180 dmode 2 0 ]
[ 2 512 512 180 dmode 2 0 ]
[ 2 640 512 180 dmode 2 0 ]
[ 39 768 -768 270 barmode 2 1 ]
[ 39 768 -640 270 barmode 2 1 ]
[ 39 768 -512 270 barmode 2 1 ]
[ 39 768 -384 270 barmode 2 1 ]
[ 39 768 -256 270 barmode 2 1 ]
[ 39 640 -640 90 barmode 2 1 ]
[ 39 512 -640 90 barmode 2 1 ]
[ 39 384 -640 90 barmode 2 1 ]
[ 39 256 -640 90 barmode 2 1 ]
[ 39 128 -640 90 barmode 2 1 ]
[ 39 0 -640 90 barmode 2 1 ]
[ 39 -128 -640 90 barmode 2 1 ]
[ 39 -256 -640 90 barmode 2 1 ]
[ 38 640 -384 90 barmode 2 0 ]
[ 38 512 -384 90 barmode 2 0 ]
[ 38 384 -384 90 barmode 2 0 ]
[ 38 256 -384 90 barmode 2 0 ]
[ 38 128 -384 90 barmode 2 0 ]
[ 38 0 -384 90 barmode 2 0 ]
[ 21 -128 -385 90 0 ]
[ 38 -256 -512 90 barmode 2 0 ]
[ 38 -256 -384 90 barmode 2 0 ]
[ 38 -256 256 90 barmode 2 0 ]
[ 39 -256 1024 90 barmode 2 1 ]
[ 38 0 -256 90 barmode 3 0 ]
[ 38 0 -128 90 barmode 3 0 ]
[ 38 0 0 90 barmode 3 0 ]
[ 38 0 128 90 barmode 3 0 ]
[ 39 -256 -256 90 barmode 3 1 ]
[ 39 -256 -128 90 barmode 3 1 ]
[ 39 -256 0 90 barmode 3 1 ]
[ 39 -256 128 90 barmode 3 1 ]
[ 39 0 256 90 barmode 3 1 ]
[ 39 0 384 90 barmode 3 1 ]
[ 39 0 512 90 barmode 3 1 ]
[ 39 -256 384 90 barmode 3 1 ]
[ 39 -256 512 90 barmode 3 1 ]
[ 39 -256 640 90 barmode 3 1 ]
[ 39 -256 768 90 barmode 3 1 ]
[ 39 -256 896 90 barmode 3 1 ]
[ 38 0 640 90 barmode 3 0 ]
[ 38 0 768 90 barmode 3 0 ]
[ 38 0 896 90 barmode 3 0 ]
[ 38 0 1024 90 barmode 3 0 ]
[ 3 -384 1152 180 dmode 4 1 ]
[ 3 -256 1152 180 dmode 4 1 ]
[ 3 -128 1152 180 dmode 4 1 ]
[ 3 0 1152 180 dmode 4 1 ]
[ 3 128 1152 180 dmode 4 1 ]
[ 3 256 1280 270 dmode 5 1 ]
[ 3 256 1408 270 dmode 5 1 ]
[ 3 256 1536 270 dmode 5 1 ]
[ 3 256 1664 270 dmode 5 1 ]
[ 3 256 1792 270 dmode 5 1 ]
[ 6 3584 1168 270 0 ]
[ 6 3712 1168 270 0 ]
[ 6 3712 1280 180 0 ]
[ 6 3584 1280 180 0 ]
[ 1 3584 1280 90 0 ]
[ 1 3712 1280 180 0 ]
[ 100 895 384 600 ]
[ 100 255 1152 677 ]
[ 100 3200 1536 677 ]
Electric
PLayer 901.779 375.476