Does_not_exist
Map_basic
[ 8 384 0 0 0 ]
[ 8 896 0 0 0 ]
[ 8 384 512 0 0 ]
[ 8 896 512 0 0 ]
[ 9 384 384 90 0 ]
[ 9 384 256 90 0 ]
[ 9 384 128 90 0 ]
[ 9 512 0 180 0 ]
[ 9 640 0 180 0 ]
[ 9 768 0 180 0 ]
[ 9 896 128 270 0 ]
[ 9 896 256 270 0 ]
[ 9 896 384 270 0 ]
[ 9 256 512 360 0 ]
[ 9 0 512 0 0 ]
[ 9 128 512 0 0 ]
[ 9 1024 512 0 0 ]
[ 9 1152 512 0 0 ]
[ 9 1280 512 0 0 ]
[ 8 -128 512 0 0 ]
[ 8 1407 512 0 0 ]
[ 9 0 1024 0 0 ]
[ 9 128 1024 0 0 ]
[ 9 256 1024 0 0 ]
[ 9 1024 1024 0 0 ]
[ 9 1152 1024 0 0 ]
[ 9 1280 1024 0 0 ]
[ 8 1408 1024 0 0 ]
[ 8 -128 1023 0 0 ]
[ 8 -640 512 0 0 ]
[ 8 1920 512 0 0 ]
[ 8 1920 1024 0 0 ]
[ 9 384 1152 90 0 ]
[ 9 384 1280 90 0 ]
[ 9 384 1408 90 0 ]
[ 9 384 1536 90 0 ]
[ 9 384 1920 90 0 ]
[ 9 384 1792 90 0 ]
[ 9 384 1664 90 0 ]
[ 9 896 1152 90 0 ]
[ 9 896 1280 90 0 ]
[ 9 896 1408 90 0 ]
[ 9 896 1536 90 0 ]
[ 9 896 1664 90 0 ]
[ 9 896 1792 90 0 ]
[ 9 896 1920 90 0 ]
[ 9 -512 511 180 0 ]
[ 9 -384 511 180 0 ]
[ 9 -256 511 180 0 ]
[ 9 1536 511 0 0 ]
[ 9 1664 511 0 0 ]
[ 9 1792 511 0 0 ]
[ 8 -640 1024 90 0 ]
[ 9 -384 1024 180 0 ]
[ 9 -512 1024 180 0 ]
[ 9 -256 1024 180 0 ]
[ 9 1536 1024 180 0 ]
[ 9 1664 1024 180 0 ]
[ 9 1792 1024 180 0 ]
[ 9 -768 512 360 0 ]
[ 9 -1024 512 0 0 ]
[ 9 -896 512 0 0 ]
[ 8 -1664 512 0 0 ]
[ 9 -1024 1024 0 0 ]
[ 9 -896 1024 0 0 ]
[ 9 -768 1024 0 0 ]
[ 8 -1664 1023 0 0 ]
[ 8 -2176 512 0 0 ]
[ 9 -2048 511 180 0 ]
[ 9 -1920 511 180 0 ]
[ 9 -1792 511 180 0 ]
[ 8 -2176 1024 90 0 ]
[ 9 2560 512 0 0 ]
[ 9 2688 512 0 0 ]
[ 9 2816 512 0 0 ]
[ 8 2943 512 0 0 ]
[ 9 2560 1024 0 0 ]
[ 9 2688 1024 0 0 ]
[ 9 2816 1024 0 0 ]
[ 8 2944 1024 0 0 ]
[ 9 -2176 640 270 0 ]
[ 9 -2176 768 270 0 ]
[ 9 -2176 896 270 0 ]
[ 8 -2177 1535 270 0 ]
[ 8 -1664 1535 270 0 ]
[ 9 -1664 1152 90 0 ]
[ 9 -1664 1280 90 0 ]
[ 9 -1664 1408 90 0 ]
[ 9 -1792 1535 180 0 ]
[ 9 -1921 1535 180 0 ]
[ 9 -2048 1535 180 0 ]
[ 9 -2177 1408 270 0 ]
[ 9 -2177 1280 270 0 ]
[ 9 -2177 1152 270 0 ]
[ 29 -1920 1280 0 0 ]
[ 8 2432 512 0 0 ]
[ 8 2432 1024 0 0 ]
[ 9 2048 511 0 0 ]
[ 9 2176 511 0 0 ]
[ 9 2304 511 0 0 ]
[ 9 2048 1024 180 0 ]
[ 9 2176 1024 180 0 ]
[ 9 2304 1024 180 0 ]
[ 8 -1152 512 0 0 ]
[ 8 -1152 1024 90 0 ]
[ 9 -1280 512 360 0 ]
[ 9 -1536 512 0 0 ]
[ 9 -1408 512 0 0 ]
[ 9 -1536 1024 0 0 ]
[ 9 -1408 1024 0 0 ]
[ 9 -1280 1024 0 0 ]
[ 8 384 1024 180 0 ]
[ 8 896 1024 180 0 ]
[ 8 384 3840 0 0 ]
[ 8 896 3840 0 0 ]
[ 8 384 4352 0 0 ]
[ 8 896 4352 0 0 ]
[ 9 384 4224 90 0 ]
[ 9 384 4096 90 0 ]
[ 9 384 3968 90 0 ]
[ 9 512 3840 180 0 ]
[ 9 640 3840 180 0 ]
[ 9 768 3840 180 0 ]
[ 9 896 3968 270 0 ]
[ 9 896 4096 270 0 ]
[ 9 896 4224 270 0 ]
[ 9 256 4352 360 0 ]
[ 9 0 4352 0 0 ]
[ 9 128 4352 0 0 ]
[ 9 1024 4352 0 0 ]
[ 9 1152 4352 0 0 ]
[ 9 1280 4352 0 0 ]
[ 8 -128 4352 0 0 ]
[ 8 1407 4352 0 0 ]
[ 9 0 4864 0 0 ]
[ 9 128 4864 0 0 ]
[ 9 256 4864 0 0 ]
[ 9 1024 4864 0 0 ]
[ 9 1152 4864 0 0 ]
[ 9 1280 4864 0 0 ]
[ 8 1408 4864 0 0 ]
[ 8 -128 4863 0 0 ]
[ 8 -640 4352 0 0 ]
[ 8 1920 4352 0 0 ]
[ 8 1920 4864 0 0 ]
[ 9 384 4992 90 0 ]
[ 9 384 5120 90 0 ]
[ 9 384 5248 90 0 ]
[ 9 384 5376 90 0 ]
[ 9 384 5760 90 0 ]
[ 9 384 5632 90 0 ]
[ 9 384 5504 90 0 ]
[ 9 896 4992 90 0 ]
[ 9 896 5120 90 0 ]
[ 9 896 5248 90 0 ]
[ 9 896 5376 90 0 ]
[ 9 896 5504 90 0 ]
[ 9 896 5632 90 0 ]
[ 9 896 5760 90 0 ]
[ 9 -512 4351 180 0 ]
[ 9 -384 4351 180 0 ]
[ 9 -256 4351 180 0 ]
[ 9 1536 4351 0 0 ]
[ 9 1664 4351 0 0 ]
[ 9 1792 4351 0 0 ]
[ 8 -640 4864 90 0 ]
[ 9 -384 4864 180 0 ]
[ 9 -512 4864 180 0 ]
[ 9 -256 4864 180 0 ]
[ 9 1536 4864 180 0 ]
[ 9 1664 4864 180 0 ]
[ 9 1792 4864 180 0 ]
[ 9 -768 4352 360 0 ]
[ 9 -1024 4352 0 0 ]
[ 9 -896 4352 0 0 ]
[ 8 -1664 4352 0 0 ]
[ 9 -1024 4864 0 0 ]
[ 9 -896 4864 0 0 ]
[ 9 -768 4864 0 0 ]
[ 8 -1664 4863 0 0 ]
[ 9 2560 4352 0 0 ]
[ 9 2688 4352 0 0 ]
[ 9 2816 4352 0 0 ]
[ 8 2943 4352 0 0 ]
[ 9 2560 4864 0 0 ]
[ 9 2688 4864 0 0 ]
[ 9 2816 4864 0 0 ]
[ 8 2944 4864 0 0 ]
[ 8 3456 4352 0 0 ]
[ 8 3456 4864 0 0 ]
[ 9 3072 4351 0 0 ]
[ 9 3200 4351 0 0 ]
[ 9 3328 4351 0 0 ]
[ 9 3456 4480 270 0 ]
[ 9 3456 4608 270 0 ]
[ 9 3456 4736 270 0 ]
[ 8 2943 5375 270 0 ]
[ 8 3456 5375 270 0 ]
[ 9 3456 4992 90 0 ]
[ 9 3456 5120 90 0 ]
[ 9 3456 5248 90 0 ]
[ 9 3328 5375 180 0 ]
[ 9 3199 5375 180 0 ]
[ 9 3072 5375 180 0 ]
[ 9 2943 5248 270 0 ]
[ 9 2943 5120 270 0 ]
[ 9 2943 4992 270 0 ]
[ 8 2432 4352 0 0 ]
[ 8 2432 4864 0 0 ]
[ 9 2048 4351 0 0 ]
[ 9 2176 4351 0 0 ]
[ 9 2304 4351 0 0 ]
[ 9 2048 4864 180 0 ]
[ 9 2176 4864 180 0 ]
[ 9 2304 4864 180 0 ]
[ 8 -1152 4352 0 0 ]
[ 8 -1152 4864 90 0 ]
[ 9 -1280 4352 360 0 ]
[ 9 -1536 4352 0 0 ]
[ 9 -1408 4352 0 0 ]
[ 9 -1536 4864 0 0 ]
[ 9 -1408 4864 0 0 ]
[ 9 -1280 4864 0 0 ]
[ 8 384 4864 180 0 ]
[ 8 896 4864 180 0 ]
[ 9 -1664 4480 270 0 ]
[ 9 -1664 4736 270 0 ]
[ 8 384 7168 0 0 ]
[ 8 896 7168 0 0 ]
[ 8 384 7680 0 0 ]
[ 8 896 7680 0 0 ]
[ 9 384 7552 90 0 ]
[ 9 384 7424 90 0 ]
[ 9 384 7296 90 0 ]
[ 9 512 7168 180 0 ]
[ 9 640 7168 180 0 ]
[ 9 768 7168 180 0 ]
[ 9 896 7296 270 0 ]
[ 9 896 7424 270 0 ]
[ 9 896 7552 270 0 ]
[ 9 256 7680 360 0 ]
[ 9 0 7680 0 0 ]
[ 9 128 7680 0 0 ]
[ 9 1024 7680 0 0 ]
[ 9 1152 7680 0 0 ]
[ 9 1280 7680 0 0 ]
[ 8 -128 7680 0 0 ]
[ 8 1407 7680 0 0 ]
[ 9 0 8192 0 0 ]
[ 9 128 8192 0 0 ]
[ 9 256 8192 0 0 ]
[ 9 1024 8192 0 0 ]
[ 9 1152 8192 0 0 ]
[ 9 1280 8192 0 0 ]
[ 8 1408 8192 0 0 ]
[ 8 -128 8191 0 0 ]
[ 8 -640 7680 0 0 ]
[ 8 1920 7680 0 0 ]
[ 8 1920 8192 0 0 ]
[ 9 384 8320 90 0 ]
[ 9 384 8448 90 0 ]
[ 9 384 8576 90 0 ]
[ 9 384 8704 90 0 ]
[ 9 384 9088 90 0 ]
[ 9 384 8960 90 0 ]
[ 9 384 8832 90 0 ]
[ 9 896 8320 90 0 ]
[ 9 896 8448 90 0 ]
[ 9 896 8576 90 0 ]
[ 9 896 8704 90 0 ]
[ 9 896 8832 90 0 ]
[ 9 896 8960 90 0 ]
[ 9 896 9088 90 0 ]
[ 9 -512 7679 180 0 ]
[ 9 -384 7679 180 0 ]
[ 9 -256 7679 180 0 ]
[ 9 1536 7679 0 0 ]
[ 9 1664 7679 0 0 ]
[ 9 1792 7679 0 0 ]
[ 8 -640 8192 90 0 ]
[ 9 -384 8192 180 0 ]
[ 9 -512 8192 180 0 ]
[ 9 -256 8192 180 0 ]
[ 9 1536 8192 180 0 ]
[ 9 1664 8192 180 0 ]
[ 9 1792 8192 180 0 ]
[ 9 -768 7680 360 0 ]
[ 9 -1024 7680 0 0 ]
[ 9 -896 7680 0 0 ]
[ 8 -1664 7680 0 0 ]
[ 9 -1024 8192 0 0 ]
[ 9 -896 8192 0 0 ]
[ 9 -768 8192 0 0 ]
[ 8 -1664 8191 0 0 ]
[ 9 2560 7680 0 0 ]
[ 9 2688 7680 0 0 ]
[ 9 2816 7680 0 0 ]
[ 8 2943 7680 0 0 ]
[ 9 2560 8192 0 0 ]
[ 9 2688 8192 0 0 ]
[ 9 2816 8192 0 0 ]
[ 8 2944 8192 0 0 ]
[ 8 2432 7680 0 0 ]
[ 8 2432 8192 0 0 ]
[ 9 2048 7679 0 0 ]
[ 9 2176 7679 0 0 ]
[ 9 2304 7679 0 0 ]
[ 9 2048 8192 180 0 ]
[ 9 2176 8192 180 0 ]
[ 9 2304 8192 180 0 ]
[ 8 -1152 7680 0 0 ]
[ 8 -1152 8192 90 0 ]
[ 9 -1280 7680 360 0 ]
[ 9 -1536 7680 0 0 ]
[ 9 -1408 7680 0 0 ]
[ 9 -1536 8192 0 0 ]
[ 9 -1408 8192 0 0 ]
[ 9 -1280 8192 0 0 ]
[ 8 384 8192 180 0 ]
[ 8 896 8192 180 0 ]
[ 9 -1664 7808 270 0 ]
[ 9 -1664 7936 270 0 ]
[ 9 -1664 8064 270 0 ]
[ 9 2944 7808 270 0 ]
[ 9 2944 7936 270 0 ]
[ 9 2944 8064 270 0 ]
[ 8 384 11136 0 0 ]
[ 8 896 11136 0 0 ]
[ 8 384 11648 0 0 ]
[ 8 896 11648 0 0 ]
[ 9 384 11520 90 0 ]
[ 9 384 11392 90 0 ]
[ 9 384 11264 90 0 ]
[ 9 512 11136 180 0 ]
[ 9 640 11136 180 0 ]
[ 9 768 11136 180 0 ]
[ 9 896 11264 270 0 ]
[ 9 896 11392 270 0 ]
[ 9 896 11520 270 0 ]
[ 9 256 11648 360 0 ]
[ 9 0 11648 0 0 ]
[ 9 128 11648 0 0 ]
[ 9 1024 11648 0 0 ]
[ 9 1152 11648 0 0 ]
[ 9 1280 11648 0 0 ]
[ 8 -128 11648 0 0 ]
[ 8 1407 11648 0 0 ]
[ 9 0 12160 0 0 ]
[ 9 128 12160 0 0 ]
[ 9 256 12160 0 0 ]
[ 9 1024 12160 0 0 ]
[ 9 1152 12160 0 0 ]
[ 9 1280 12160 0 0 ]
[ 8 1408 12160 0 0 ]
[ 8 -128 12159 0 0 ]
[ 8 -640 11648 0 0 ]
[ 8 1920 11648 0 0 ]
[ 8 1920 12160 0 0 ]
[ 9 384 12288 90 0 ]
[ 9 384 12416 90 0 ]
[ 9 384 12544 90 0 ]
[ 9 384 12672 90 0 ]
[ 9 384 13056 90 0 ]
[ 9 384 12928 90 0 ]
[ 9 384 12800 90 0 ]
[ 9 896 12288 90 0 ]
[ 9 896 12416 90 0 ]
[ 9 896 12544 90 0 ]
[ 9 896 12672 90 0 ]
[ 9 896 12800 90 0 ]
[ 9 896 12928 90 0 ]
[ 9 896 13056 90 0 ]
[ 9 -512 11647 180 0 ]
[ 9 -384 11647 180 0 ]
[ 9 -256 11647 180 0 ]
[ 9 1536 11647 0 0 ]
[ 9 1664 11647 0 0 ]
[ 9 1792 11647 0 0 ]
[ 8 -640 12160 90 0 ]
[ 9 -384 12160 180 0 ]
[ 9 -512 12160 180 0 ]
[ 9 -256 12160 180 0 ]
[ 9 1536 12160 180 0 ]
[ 9 1664 12160 180 0 ]
[ 9 1792 12160 180 0 ]
[ 9 -768 11648 360 0 ]
[ 9 -1024 11648 0 0 ]
[ 9 -896 11648 0 0 ]
[ 8 -1664 11648 0 0 ]
[ 9 -1024 12160 0 0 ]
[ 9 -896 12160 0 0 ]
[ 9 -768 12160 0 0 ]
[ 8 -1664 12159 0 0 ]
[ 9 2560 11648 0 0 ]
[ 9 2688 11648 0 0 ]
[ 9 2816 11648 0 0 ]
[ 8 2943 11648 0 0 ]
[ 9 2560 12160 0 0 ]
[ 9 2688 12160 0 0 ]
[ 9 2816 12160 0 0 ]
[ 8 2944 12160 0 0 ]
[ 8 3456 11648 0 0 ]
[ 8 3456 12160 0 0 ]
[ 9 3072 11647 0 0 ]
[ 9 3200 11647 0 0 ]
[ 9 3328 11647 0 0 ]
[ 9 3456 11776 270 0 ]
[ 9 3456 11904 270 0 ]
[ 9 3456 12032 270 0 ]
[ 8 2943 12671 270 0 ]
[ 8 3456 12671 270 0 ]
[ 9 3456 12288 90 0 ]
[ 9 3456 12416 90 0 ]
[ 9 3456 12544 90 0 ]
[ 9 3328 12671 180 0 ]
[ 9 3199 12671 180 0 ]
[ 9 3072 12671 180 0 ]
[ 9 2943 12544 270 0 ]
[ 9 2943 12416 270 0 ]
[ 9 2943 12288 270 0 ]
[ 8 2432 11648 0 0 ]
[ 8 2432 12160 0 0 ]
[ 9 2048 11647 0 0 ]
[ 9 2176 11647 0 0 ]
[ 9 2304 11647 0 0 ]
[ 9 2048 12160 180 0 ]
[ 9 2176 12160 180 0 ]
[ 9 2304 12160 180 0 ]
[ 8 -1152 11648 0 0 ]
[ 8 -1152 12160 90 0 ]
[ 9 -1280 11648 360 0 ]
[ 9 -1536 11648 0 0 ]
[ 9 -1408 11648 0 0 ]
[ 9 -1536 12160 0 0 ]
[ 9 -1408 12160 0 0 ]
[ 9 -1280 12160 0 0 ]
[ 8 384 12160 180 0 ]
[ 8 896 12160 180 0 ]
[ 8 7296 11136 0 0 ]
[ 8 7808 11136 0 0 ]
[ 8 7296 11648 0 0 ]
[ 8 7808 11648 0 0 ]
[ 9 7296 11520 90 0 ]
[ 9 7296 11392 90 0 ]
[ 9 7296 11264 90 0 ]
[ 9 7424 11136 180 0 ]
[ 9 7552 11136 180 0 ]
[ 9 7680 11136 180 0 ]
[ 9 7808 11264 270 0 ]
[ 9 7808 11392 270 0 ]
[ 9 7808 11520 270 0 ]
[ 9 7168 11648 360 0 ]
[ 9 6912 11648 0 0 ]
[ 9 7040 11648 0 0 ]
[ 9 7936 11648 0 0 ]
[ 9 8064 11648 0 0 ]
[ 9 8192 11648 0 0 ]
[ 8 6784 11648 0 0 ]
[ 8 8319 11648 0 0 ]
[ 9 6912 12160 0 0 ]
[ 9 7040 12160 0 0 ]
[ 9 7168 12160 0 0 ]
[ 9 7936 12160 0 0 ]
[ 9 8064 12160 0 0 ]
[ 9 8192 12160 0 0 ]
[ 8 8320 12160 0 0 ]
[ 8 6784 12159 0 0 ]
[ 8 6272 11648 0 0 ]
[ 8 8832 11648 0 0 ]
[ 8 8832 12160 0 0 ]
[ 9 6400 11647 180 0 ]
[ 9 6528 11647 180 0 ]
[ 9 6656 11647 180 0 ]
[ 9 8448 11647 0 0 ]
[ 9 8576 11647 0 0 ]
[ 9 8704 11647 0 0 ]
[ 8 6272 12160 90 0 ]
[ 9 6528 12160 180 0 ]
[ 9 6400 12160 180 0 ]
[ 9 6656 12160 180 0 ]
[ 9 8448 12160 180 0 ]
[ 9 8576 12160 180 0 ]
[ 9 8704 12160 180 0 ]
[ 9 6144 11648 360 0 ]
[ 9 5888 11648 0 0 ]
[ 9 6016 11648 0 0 ]
[ 8 5248 11648 0 0 ]
[ 9 5888 12160 0 0 ]
[ 9 6016 12160 0 0 ]
[ 9 6144 12160 0 0 ]
[ 8 5248 12159 0 0 ]
[ 9 9472 11648 0 0 ]
[ 9 9600 11648 0 0 ]
[ 9 9728 11648 0 0 ]
[ 9 9472 12160 0 0 ]
[ 9 9600 12160 0 0 ]
[ 9 9728 12160 0 0 ]
[ 8 9344 11648 0 0 ]
[ 8 9344 12160 0 0 ]
[ 9 8960 11647 0 0 ]
[ 9 9088 11647 0 0 ]
[ 9 9216 11647 0 0 ]
[ 9 8960 12160 180 0 ]
[ 9 9088 12160 180 0 ]
[ 9 9216 12160 180 0 ]
[ 8 5760 11648 0 0 ]
[ 8 5760 12160 90 0 ]
[ 9 5632 11648 360 0 ]
[ 9 5376 11648 0 0 ]
[ 9 5504 11648 0 0 ]
[ 8 7296 12160 180 0 ]
[ 8 7808 12160 180 0 ]
[ 9 5248 11776 270 0 ]
[ 9 5248 11904 270 0 ]
[ 9 5248 12032 270 0 ]
[ 8 9856 11648 270 0 ]
[ 8 9856 12160 270 0 ]
[ 9 9856 12032 90 0 ]
[ 9 9856 11776 90 0 ]
[ 9 5248 12416 90 0 ]
[ 9 5248 12288 90 0 ]
[ 9 5248 12544 90 0 ]
[ 9 5760 12288 90 0 ]
[ 9 5760 12416 90 0 ]
[ 9 5760 12544 90 0 ]
[ 8 5248 12672 90 0 ]
[ 8 5760 12672 90 0 ]
[ 9 5504 12672 180 0 ]
[ 9 5376 12672 180 0 ]
[ 9 5632 12672 180 0 ]
[ 29 640 256 0 0 ]
[ 29 640 4096 0 0 ]
[ 29 640 7424 0 0 ]
[ 29 640 11392 0 0 ]
[ 29 7552 11392 0 0 ]
[ 8 7424 3840 0 0 ]
[ 8 7936 3840 0 0 ]
[ 8 7424 4352 0 0 ]
[ 8 7936 4352 0 0 ]
[ 9 7424 4224 90 0 ]
[ 9 7424 4096 90 0 ]
[ 9 7424 3968 90 0 ]
[ 9 7552 3840 180 0 ]
[ 9 7680 3840 180 0 ]
[ 9 7808 3840 180 0 ]
[ 9 7936 3968 270 0 ]
[ 9 7936 4096 270 0 ]
[ 9 7936 4224 270 0 ]
[ 9 7296 4352 360 0 ]
[ 9 7040 4352 0 0 ]
[ 9 7168 4352 0 0 ]
[ 9 8064 4352 0 0 ]
[ 9 8192 4352 0 0 ]
[ 9 8320 4352 0 0 ]
[ 8 6912 4352 0 0 ]
[ 8 8447 4352 0 0 ]
[ 9 7040 4864 0 0 ]
[ 9 7168 4864 0 0 ]
[ 9 7296 4864 0 0 ]
[ 9 8064 4864 0 0 ]
[ 9 8192 4864 0 0 ]
[ 9 8320 4864 0 0 ]
[ 8 8448 4864 0 0 ]
[ 8 6912 4863 0 0 ]
[ 8 6400 4352 0 0 ]
[ 8 8960 4352 0 0 ]
[ 8 8960 4864 0 0 ]
[ 9 7424 4992 90 0 ]
[ 9 7424 5120 90 0 ]
[ 9 7424 5248 90 0 ]
[ 9 7424 5376 90 0 ]
[ 9 7424 5760 90 0 ]
[ 9 7424 5632 90 0 ]
[ 9 7424 5504 90 0 ]
[ 9 7936 4992 90 0 ]
[ 9 7936 5120 90 0 ]
[ 9 7936 5248 90 0 ]
[ 9 7936 5376 90 0 ]
[ 9 7936 5504 90 0 ]
[ 9 7936 5632 90 0 ]
[ 9 7936 5760 90 0 ]
[ 9 6528 4351 180 0 ]
[ 9 6656 4351 180 0 ]
[ 9 6784 4351 180 0 ]
[ 9 8576 4351 0 0 ]
[ 9 8704 4351 0 0 ]
[ 9 8832 4351 0 0 ]
[ 8 6400 4864 90 0 ]
[ 9 6656 4864 180 0 ]
[ 9 6528 4864 180 0 ]
[ 9 6784 4864 180 0 ]
[ 9 8576 4864 180 0 ]
[ 9 8704 4864 180 0 ]
[ 9 8832 4864 180 0 ]
[ 9 6272 4352 360 0 ]
[ 9 6016 4352 0 0 ]
[ 9 6144 4352 0 0 ]
[ 8 5376 4352 0 0 ]
[ 9 6016 4864 0 0 ]
[ 9 6144 4864 0 0 ]
[ 9 6272 4864 0 0 ]
[ 8 5376 4863 0 0 ]
[ 9 9600 4352 0 0 ]
[ 9 9728 4352 0 0 ]
[ 9 9856 4352 0 0 ]
[ 8 9983 4352 0 0 ]
[ 9 9600 4864 0 0 ]
[ 9 9728 4864 0 0 ]
[ 9 9856 4864 0 0 ]
[ 8 9984 4864 0 0 ]
[ 8 9472 4352 0 0 ]
[ 8 9472 4864 0 0 ]
[ 9 9088 4351 0 0 ]
[ 9 9216 4351 0 0 ]
[ 9 9344 4351 0 0 ]
[ 9 9088 4864 180 0 ]
[ 9 9216 4864 180 0 ]
[ 9 9344 4864 180 0 ]
[ 8 5888 4352 0 0 ]
[ 8 5888 4864 90 0 ]
[ 9 5760 4352 360 0 ]
[ 9 5504 4352 0 0 ]
[ 9 5632 4352 0 0 ]
[ 8 7424 4864 180 0 ]
[ 8 7936 4864 180 0 ]
[ 9 5376 4480 270 0 ]
[ 9 5376 4608 270 0 ]
[ 9 5376 4736 270 0 ]
[ 9 9984 4480 270 0 ]
[ 9 9984 4736 270 0 ]
[ 29 7680 4096 0 0 ]
[ 8 5376 5376 270 0 ]
[ 8 5888 5376 270 0 ]
[ 9 5376 4992 270 0 ]
[ 9 5376 5120 270 0 ]
[ 9 5376 5248 270 0 ]
[ 9 5888 5248 270 0 ]
[ 9 5888 5120 270 0 ]
[ 9 5888 4992 270 0 ]
[ 9 5632 5376 360 0 ]
[ 9 5760 5376 0 0 ]
[ 9 5504 5376 0 0 ]
[ 8 7424 7168 0 0 ]
[ 8 7936 7168 0 0 ]
[ 8 7424 7680 0 0 ]
[ 8 7936 7680 0 0 ]
[ 9 7424 7552 90 0 ]
[ 9 7424 7424 90 0 ]
[ 9 7424 7296 90 0 ]
[ 9 7552 7168 180 0 ]
[ 9 7680 7168 180 0 ]
[ 9 7808 7168 180 0 ]
[ 9 7936 7296 270 0 ]
[ 9 7936 7424 270 0 ]
[ 9 7936 7552 270 0 ]
[ 9 7296 7680 360 0 ]
[ 9 7040 7680 0 0 ]
[ 9 7168 7680 0 0 ]
[ 9 8064 7680 0 0 ]
[ 9 8192 7680 0 0 ]
[ 9 8320 7680 0 0 ]
[ 8 6912 7680 0 0 ]
[ 8 8447 7680 0 0 ]
[ 9 7040 8192 0 0 ]
[ 9 7168 8192 0 0 ]
[ 9 7296 8192 0 0 ]
[ 9 8064 8192 0 0 ]
[ 9 8192 8192 0 0 ]
[ 9 8320 8192 0 0 ]
[ 8 8448 8192 0 0 ]
[ 8 6912 8191 0 0 ]
[ 8 6400 7680 0 0 ]
[ 8 8960 7680 0 0 ]
[ 8 8960 8192 0 0 ]
[ 9 7424 8320 90 0 ]
[ 9 7424 8448 90 0 ]
[ 9 7424 8576 90 0 ]
[ 9 7424 8704 90 0 ]
[ 9 7424 9088 90 0 ]
[ 9 7424 8960 90 0 ]
[ 9 7424 8832 90 0 ]
[ 9 7936 8320 90 0 ]
[ 9 7936 8448 90 0 ]
[ 9 7936 8576 90 0 ]
[ 9 7936 8704 90 0 ]
[ 9 7936 8832 90 0 ]
[ 9 7936 8960 90 0 ]
[ 9 7936 9088 90 0 ]
[ 9 6528 7679 180 0 ]
[ 9 6656 7679 180 0 ]
[ 9 6784 7679 180 0 ]
[ 9 8576 7679 0 0 ]
[ 9 8704 7679 0 0 ]
[ 9 8832 7679 0 0 ]
[ 8 6400 8192 90 0 ]
[ 9 6656 8192 180 0 ]
[ 9 6528 8192 180 0 ]
[ 9 6784 8192 180 0 ]
[ 9 8576 8192 180 0 ]
[ 9 8704 8192 180 0 ]
[ 9 8832 8192 180 0 ]
[ 9 6272 7680 360 0 ]
[ 9 6016 7680 0 0 ]
[ 9 6144 7680 0 0 ]
[ 8 5376 7680 0 0 ]
[ 9 6016 8192 0 0 ]
[ 9 6144 8192 0 0 ]
[ 9 6272 8192 0 0 ]
[ 8 5376 8191 0 0 ]
[ 9 9600 7680 0 0 ]
[ 9 9728 7680 0 0 ]
[ 9 9856 7680 0 0 ]
[ 8 9983 7680 0 0 ]
[ 9 9600 8192 0 0 ]
[ 9 9728 8192 0 0 ]
[ 9 9856 8192 0 0 ]
[ 8 9984 8192 0 0 ]
[ 8 9472 7680 0 0 ]
[ 8 9472 8192 0 0 ]
[ 9 9088 7679 0 0 ]
[ 9 9216 7679 0 0 ]
[ 9 9344 7679 0 0 ]
[ 9 9088 8192 180 0 ]
[ 9 9216 8192 180 0 ]
[ 9 9344 8192 180 0 ]
[ 8 5888 7680 0 0 ]
[ 8 5888 8192 90 0 ]
[ 9 5760 7680 360 0 ]
[ 9 5504 7680 0 0 ]
[ 9 5632 7680 0 0 ]
[ 9 5504 8192 0 0 ]
[ 9 5632 8192 0 0 ]
[ 9 5760 8192 0 0 ]
[ 8 7424 8192 180 0 ]
[ 8 7936 8192 180 0 ]
[ 9 5376 7808 270 0 ]
[ 9 5376 7936 270 0 ]
[ 9 5376 8064 270 0 ]
[ 9 9984 7808 270 0 ]
[ 9 9984 7936 270 0 ]
[ 9 9984 8064 270 0 ]
[ 29 7680 7424 0 0 ]
[ 8 14336 11136 0 0 ]
[ 8 14848 11136 0 0 ]
[ 8 14336 11648 0 0 ]
[ 8 14848 11648 0 0 ]
[ 9 14336 11520 90 0 ]
[ 9 14336 11392 90 0 ]
[ 9 14336 11264 90 0 ]
[ 9 14464 11136 180 0 ]
[ 9 14592 11136 180 0 ]
[ 9 14720 11136 180 0 ]
[ 9 14848 11264 270 0 ]
[ 9 14848 11392 270 0 ]
[ 9 14848 11520 270 0 ]
[ 9 14208 11648 360 0 ]
[ 9 13952 11648 0 0 ]
[ 9 14080 11648 0 0 ]
[ 9 14976 11648 0 0 ]
[ 9 15104 11648 0 0 ]
[ 9 15232 11648 0 0 ]
[ 8 13824 11648 0 0 ]
[ 8 15359 11648 0 0 ]
[ 9 13952 12160 0 0 ]
[ 9 14080 12160 0 0 ]
[ 9 14208 12160 0 0 ]
[ 9 14976 12160 0 0 ]
[ 9 15104 12160 0 0 ]
[ 9 15232 12160 0 0 ]
[ 8 15360 12160 0 0 ]
[ 8 13824 12159 0 0 ]
[ 8 13312 11648 0 0 ]
[ 8 15872 11648 0 0 ]
[ 8 15872 12160 0 0 ]
[ 9 14336 12288 90 0 ]
[ 9 14336 12416 90 0 ]
[ 9 14336 12544 90 0 ]
[ 9 14336 12672 90 0 ]
[ 9 14336 13056 90 0 ]
[ 9 14336 12928 90 0 ]
[ 9 14336 12800 90 0 ]
[ 9 14848 12288 90 0 ]
[ 9 14848 12416 90 0 ]
[ 9 14848 12544 90 0 ]
[ 9 14848 12672 90 0 ]
[ 9 14848 12800 90 0 ]
[ 9 14848 12928 90 0 ]
[ 9 14848 13056 90 0 ]
[ 9 13440 11647 180 0 ]
[ 9 13568 11647 180 0 ]
[ 9 13696 11647 180 0 ]
[ 9 15488 11647 0 0 ]
[ 9 15616 11647 0 0 ]
[ 9 15744 11647 0 0 ]
[ 8 13312 12160 90 0 ]
[ 9 13568 12160 180 0 ]
[ 9 13440 12160 180 0 ]
[ 9 13696 12160 180 0 ]
[ 9 15488 12160 180 0 ]
[ 9 15616 12160 180 0 ]
[ 9 15744 12160 180 0 ]
[ 9 13184 11648 360 0 ]
[ 9 12928 11648 0 0 ]
[ 9 13056 11648 0 0 ]
[ 8 12288 11648 0 0 ]
[ 9 12928 12160 0 0 ]
[ 9 13056 12160 0 0 ]
[ 9 13184 12160 0 0 ]
[ 8 12288 12159 0 0 ]
[ 9 16512 11648 0 0 ]
[ 9 16640 11648 0 0 ]
[ 9 16768 11648 0 0 ]
[ 9 16512 12160 0 0 ]
[ 9 16640 12160 0 0 ]
[ 9 16768 12160 0 0 ]
[ 8 16384 11648 0 0 ]
[ 8 16384 12160 0 0 ]
[ 9 16000 11647 0 0 ]
[ 9 16128 11647 0 0 ]
[ 9 16256 11647 0 0 ]
[ 9 16000 12160 180 0 ]
[ 9 16128 12160 180 0 ]
[ 9 16256 12160 180 0 ]
[ 8 12800 11648 0 0 ]
[ 8 12800 12160 90 0 ]
[ 9 12672 11648 360 0 ]
[ 9 12416 11648 0 0 ]
[ 9 12544 11648 0 0 ]
[ 8 14336 12160 180 0 ]
[ 8 14848 12160 180 0 ]
[ 9 12288 11776 270 0 ]
[ 9 12288 11904 270 0 ]
[ 9 12288 12032 270 0 ]
[ 8 16896 11648 270 0 ]
[ 8 16896 12160 270 0 ]
[ 9 16896 11904 450 0 ]
[ 9 16896 12032 90 0 ]
[ 9 16896 11776 90 0 ]
[ 9 12288 12416 90 0 ]
[ 9 12288 12288 90 0 ]
[ 9 12288 12544 90 0 ]
[ 9 12800 12288 90 0 ]
[ 9 12800 12416 90 0 ]
[ 9 12800 12544 90 0 ]
[ 8 12288 12672 90 0 ]
[ 8 12800 12672 90 0 ]
[ 9 12544 12672 180 0 ]
[ 9 12416 12672 180 0 ]
[ 9 12672 12672 180 0 ]
[ 29 14592 11392 0 0 ]
[ 8 20480 11136 0 0 ]
[ 8 20992 11136 0 0 ]
[ 8 20480 11648 0 0 ]
[ 8 20992 11648 0 0 ]
[ 9 20480 11520 90 0 ]
[ 9 20480 11392 90 0 ]
[ 9 20480 11264 90 0 ]
[ 9 20608 11136 180 0 ]
[ 9 20736 11136 180 0 ]
[ 9 20864 11136 180 0 ]
[ 9 20992 11264 270 0 ]
[ 9 20992 11392 270 0 ]
[ 9 20992 11520 270 0 ]
[ 9 20352 11648 360 0 ]
[ 9 20096 11648 0 0 ]
[ 9 20224 11648 0 0 ]
[ 9 21120 11648 0 0 ]
[ 9 21248 11648 0 0 ]
[ 9 21376 11648 0 0 ]
[ 8 19968 11648 0 0 ]
[ 8 21503 11648 0 0 ]
[ 9 20096 12160 0 0 ]
[ 9 20224 12160 0 0 ]
[ 9 20352 12160 0 0 ]
[ 9 21120 12160 0 0 ]
[ 9 21248 12160 0 0 ]
[ 9 21376 12160 0 0 ]
[ 8 21504 12160 0 0 ]
[ 8 19968 12159 0 0 ]
[ 8 19456 11648 0 0 ]
[ 8 22016 11648 0 0 ]
[ 8 22016 12160 0 0 ]
[ 9 19584 11647 180 0 ]
[ 9 19712 11647 180 0 ]
[ 9 19840 11647 180 0 ]
[ 9 21632 11647 0 0 ]
[ 9 21760 11647 0 0 ]
[ 9 21888 11647 0 0 ]
[ 8 19456 12160 90 0 ]
[ 9 19712 12160 180 0 ]
[ 9 19584 12160 180 0 ]
[ 9 19840 12160 180 0 ]
[ 9 21632 12160 180 0 ]
[ 9 21760 12160 180 0 ]
[ 9 21888 12160 180 0 ]
[ 9 19328 11648 360 0 ]
[ 9 19072 11648 0 0 ]
[ 9 19200 11648 0 0 ]
[ 8 18432 11648 0 0 ]
[ 9 19072 12160 0 0 ]
[ 9 19200 12160 0 0 ]
[ 9 19328 12160 0 0 ]
[ 8 18432 12159 0 0 ]
[ 9 22656 11648 0 0 ]
[ 9 22784 11648 0 0 ]
[ 9 22912 11648 0 0 ]
[ 8 23039 11648 0 0 ]
[ 9 22656 12160 0 0 ]
[ 9 22784 12160 0 0 ]
[ 9 22912 12160 0 0 ]
[ 8 23040 12160 0 0 ]
[ 8 23552 11648 0 0 ]
[ 8 23552 12160 0 0 ]
[ 9 23168 11647 0 0 ]
[ 9 23296 11647 0 0 ]
[ 9 23424 11647 0 0 ]
[ 9 23552 11776 270 0 ]
[ 9 23552 11904 270 0 ]
[ 9 23552 12032 270 0 ]
[ 8 23039 12671 270 0 ]
[ 8 23552 12671 270 0 ]
[ 9 23552 12288 90 0 ]
[ 9 23552 12416 90 0 ]
[ 9 23552 12544 90 0 ]
[ 9 23424 12671 180 0 ]
[ 9 23295 12671 180 0 ]
[ 9 23168 12671 180 0 ]
[ 9 23039 12544 270 0 ]
[ 9 23039 12416 270 0 ]
[ 9 23039 12288 270 0 ]
[ 8 22528 11648 0 0 ]
[ 8 22528 12160 0 0 ]
[ 9 22144 11647 0 0 ]
[ 9 22272 11647 0 0 ]
[ 9 22400 11647 0 0 ]
[ 9 22144 12160 180 0 ]
[ 9 22272 12160 180 0 ]
[ 9 22400 12160 180 0 ]
[ 8 18944 11648 0 0 ]
[ 8 18944 12160 90 0 ]
[ 9 18816 11648 360 0 ]
[ 9 18560 11648 0 0 ]
[ 9 18688 11648 0 0 ]
[ 9 18560 12160 0 0 ]
[ 9 18688 12160 0 0 ]
[ 9 18816 12160 0 0 ]
[ 8 20480 12160 180 0 ]
[ 8 20992 12160 180 0 ]
[ 9 18432 11776 270 0 ]
[ 9 18432 12032 270 0 ]
[ 29 20736 11392 0 0 ]
[ 2 12544 12416 360 barmode 0 0 ]
[ 2 3200 12416 360 barmode 0 0 ]
[ 9 14336 13184 90 0 ]
[ 9 14336 13312 90 0 ]
[ 9 14336 13440 90 0 ]
[ 9 14336 13824 90 0 ]
[ 9 14336 13696 90 0 ]
[ 9 14336 13568 90 0 ]
[ 9 14848 13184 90 0 ]
[ 9 14848 13312 90 0 ]
[ 9 14848 13440 90 0 ]
[ 9 14848 13568 90 0 ]
[ 9 14848 13696 90 0 ]
[ 9 14848 13824 90 0 ]
[ 9 14336 13952 90 0 ]
[ 9 14336 14080 90 0 ]
[ 9 14336 14208 90 0 ]
[ 9 14336 14592 90 0 ]
[ 9 14336 14464 90 0 ]
[ 9 14336 14336 90 0 ]
[ 9 14848 13952 90 0 ]
[ 9 14848 14080 90 0 ]
[ 9 14848 14208 90 0 ]
[ 9 14848 14336 90 0 ]
[ 9 14848 14464 90 0 ]
[ 9 14848 14592 90 0 ]
[ 9 7296 12288 90 0 ]
[ 9 7296 12416 90 0 ]
[ 9 7296 12544 90 0 ]
[ 9 7296 12672 90 0 ]
[ 9 7296 13056 90 0 ]
[ 9 7296 12928 90 0 ]
[ 9 7296 12800 90 0 ]
[ 9 7808 12288 90 0 ]
[ 9 7808 12416 90 0 ]
[ 9 7808 12544 90 0 ]
[ 9 7808 12672 90 0 ]
[ 9 7808 12800 90 0 ]
[ 9 7808 12928 90 0 ]
[ 9 7808 13056 90 0 ]
[ 9 7296 13184 90 0 ]
[ 9 7296 13312 90 0 ]
[ 9 7296 13440 90 0 ]
[ 9 7296 13824 90 0 ]
[ 9 7296 13696 90 0 ]
[ 9 7296 13568 90 0 ]
[ 9 7808 13184 90 0 ]
[ 9 7808 13312 90 0 ]
[ 9 7808 13440 90 0 ]
[ 9 7808 13568 90 0 ]
[ 9 7808 13696 90 0 ]
[ 9 7808 13824 90 0 ]
[ 9 7296 13952 90 0 ]
[ 9 7296 14080 90 0 ]
[ 9 7296 14208 90 0 ]
[ 9 7296 14464 90 0 ]
[ 9 7296 14336 90 0 ]
[ 9 7808 13952 90 0 ]
[ 9 7808 14080 90 0 ]
[ 9 7808 14208 90 0 ]
[ 9 7808 14336 90 0 ]
[ 9 7808 14464 90 0 ]
[ 9 384 12288 90 0 ]
[ 9 384 12416 90 0 ]
[ 9 384 12544 90 0 ]
[ 9 384 12672 90 0 ]
[ 9 384 13056 90 0 ]
[ 9 384 12928 90 0 ]
[ 9 384 12800 90 0 ]
[ 9 896 12288 90 0 ]
[ 9 896 12416 90 0 ]
[ 9 896 12544 90 0 ]
[ 9 896 12672 90 0 ]
[ 9 896 12800 90 0 ]
[ 9 896 12928 90 0 ]
[ 9 896 13056 90 0 ]
[ 9 384 13184 90 0 ]
[ 9 384 13312 90 0 ]
[ 9 384 13440 90 0 ]
[ 9 384 13824 90 0 ]
[ 9 384 13696 90 0 ]
[ 9 384 13568 90 0 ]
[ 9 896 13184 90 0 ]
[ 9 896 13312 90 0 ]
[ 9 896 13440 90 0 ]
[ 9 896 13568 90 0 ]
[ 9 896 13696 90 0 ]
[ 9 896 13824 90 0 ]
[ 9 384 13952 90 0 ]
[ 9 384 14080 90 0 ]
[ 9 384 14208 90 0 ]
[ 9 384 14464 90 0 ]
[ 9 384 14336 90 0 ]
[ 9 896 13952 90 0 ]
[ 9 896 14080 90 0 ]
[ 9 896 14208 90 0 ]
[ 9 896 14336 90 0 ]
[ 9 896 14464 90 0 ]
[ 3 -1664 4608 0 0 ]
[ 3 9984 4608 0 0 ]
[ 9 20480 12288 90 0 ]
[ 9 20480 12416 90 0 ]
[ 9 20480 12544 90 0 ]
[ 9 20480 12672 90 0 ]
[ 9 20480 13056 90 0 ]
[ 9 20480 12928 90 0 ]
[ 9 20480 12800 90 0 ]
[ 9 20992 12288 90 0 ]
[ 9 20992 12416 90 0 ]
[ 9 20992 12544 90 0 ]
[ 9 20992 12672 90 0 ]
[ 9 20992 12800 90 0 ]
[ 9 20992 12928 90 0 ]
[ 9 20992 13056 90 0 ]
[ 9 20480 13184 90 0 ]
[ 9 20480 13312 90 0 ]
[ 9 20480 13440 90 0 ]
[ 9 20480 13824 90 0 ]
[ 9 20480 13696 90 0 ]
[ 9 20480 13568 90 0 ]
[ 9 20992 13184 90 0 ]
[ 9 20992 13312 90 0 ]
[ 9 20992 13440 90 0 ]
[ 9 20992 13568 90 0 ]
[ 9 20992 13696 90 0 ]
[ 9 20992 13824 90 0 ]
[ 9 20480 13952 90 0 ]
[ 9 20480 14080 90 0 ]
[ 9 20480 14208 90 0 ]
[ 9 20480 14592 90 0 ]
[ 9 20480 14464 90 0 ]
[ 9 20480 14336 90 0 ]
[ 9 20992 13952 90 0 ]
[ 9 20992 14080 90 0 ]
[ 9 20992 14208 90 0 ]
[ 9 20992 14336 90 0 ]
[ 9 20992 14464 90 0 ]
[ 9 20992 14592 90 0 ]
[ 23 20992 14848 90 0 ]
[ 23 20992 14976 90 0 ]
[ 23 20992 15104 90 0 ]
[ 23 20480 14848 90 0 ]
[ 23 20480 14976 90 0 ]
[ 23 20480 15104 90 0 ]
[ 23 20608 15232 180 0 ]
[ 23 20736 15232 180 0 ]
[ 23 20864 15232 180 0 ]
[ 4 20992 15232 0 0 ]
[ 4 20480 15232 0 0 ]
[ 4 20480 14720 0 0 ]
[ 4 20992 14720 0 0 ]
[ 23 14848 14848 90 0 ]
[ 23 14848 14976 90 0 ]
[ 23 14848 15104 90 0 ]
[ 23 14336 14848 90 0 ]
[ 23 14336 14976 90 0 ]
[ 23 14336 15104 90 0 ]
[ 23 14464 15232 180 0 ]
[ 23 14592 15232 180 0 ]
[ 23 14720 15232 180 0 ]
[ 4 14848 15232 0 0 ]
[ 4 14336 15232 0 0 ]
[ 4 14336 14720 0 0 ]
[ 4 14848 14720 0 0 ]
[ 23 7808 14720 90 0 ]
[ 23 7808 14848 90 0 ]
[ 23 7808 14976 90 0 ]
[ 23 7296 14720 90 0 ]
[ 23 7296 14848 90 0 ]
[ 23 7296 14976 90 0 ]
[ 23 7424 15104 180 0 ]
[ 23 7552 15104 180 0 ]
[ 23 7680 15104 180 0 ]
[ 4 7808 15104 0 0 ]
[ 4 7296 15104 0 0 ]
[ 4 7296 14592 0 0 ]
[ 4 7808 14592 0 0 ]
[ 23 896 14720 90 0 ]
[ 23 896 14848 90 0 ]
[ 23 896 14976 90 0 ]
[ 23 384 14720 90 0 ]
[ 23 384 14848 90 0 ]
[ 23 384 14976 90 0 ]
[ 23 512 15104 180 0 ]
[ 23 640 15104 180 0 ]
[ 23 768 15104 180 0 ]
[ 4 896 15104 0 0 ]
[ 4 384 15104 0 0 ]
[ 4 384 14592 0 0 ]
[ 4 896 14592 0 0 ]
[ 9 -1664 11776 90 0 ]
[ 9 -1664 11904 90 0 ]
[ 9 -1664 12032 90 0 ]
[ 3 18432 11904 0 0 ]
[ 3 9856 11904 0 0 ]
[ 8 -640 -7296 90 0 ]
[ 8 -128 -7296 90 0 ]
[ 8 -128 -6784 90 0 ]
[ 8 -640 -6784 90 0 ]
[ 9 -512 -7296 180 0 ]
[ 9 -384 -7296 180 0 ]
[ 9 -256 -7296 180 0 ]
[ 9 -128 -7168 270 0 ]
[ 9 -128 -7040 270 0 ]
[ 9 -128 -6912 270 0 ]
[ 9 -256 -6784 360 0 ]
[ 9 -384 -6784 0 0 ]
[ 9 -512 -6784 0 0 ]
[ 9 -768 -7296 0 0 ]
[ 9 -896 -7296 0 0 ]
[ 9 -1024 -7296 0 0 ]
[ 9 -1536 -6784 0 0 ]
[ 9 -1409 -6784 0 0 ]
[ 9 -1280 -6784 0 0 ]
[ 9 -2048 -6784 0 0 ]
[ 9 -1920 -6784 0 0 ]
[ 8 -1665 -6784 180 0 ]
[ 9 -1793 -6784 360 0 ]
[ 9 -1024 -6784 0 0 ]
[ 9 -896 -6784 0 0 ]
[ 9 -768 -6784 0 0 ]
[ 8 -1152 -6784 0 0 ]
[ 8 -2176 -6784 0 0 ]
[ 9 -2176 -7168 90 0 ]
[ 9 -2176 -7040 90 0 ]
[ 9 -2176 -6912 90 0 ]
[ 23 -1920 -7296 0 0 ]
[ 23 -1792 -7296 0 0 ]
[ 23 -1664 -7296 0 0 ]
[ 23 -1536 -7296 0 0 ]
[ 23 -1408 -7296 0 0 ]
[ 23 -1280 -7296 0 0 ]
[ 23 -2048 -7296 0 0 ]
[ 4 -2176 -7296 0 0 ]
[ 4 -1152 -7296 0 0 ]
Movables
[ -1536 -6912 3 ]
[ -1536 -7040 3 ]
[ -1536 -7168 3 ]
[ -1280 -6912 3 ]
[ -1280 -7040 3 ]
[ -1280 -7168 3 ]
[ -896 -7168 3 ]
[ -896 -6912 3 ]
[ -896 -7040 3 ]
Map_floor
[ 39 512 1024 0 barmode 0 1 ]
[ 39 639 1024 0 barmode 0 1 ]
[ 39 768 1024 0 barmode 0 1 ]
[ 21 512 1152 90 0 ]
[ 21 512 1280 90 0 ]
[ 21 512 1408 90 0 ]
[ 21 512 1536 90 0 ]
[ 21 512 1664 90 0 ]
[ 21 512 1792 90 0 ]
[ 21 512 1920 90 0 ]
[ 21 640 1152 90 0 ]
[ 21 640 1280 90 0 ]
[ 21 640 1408 90 0 ]
[ 21 640 1536 90 0 ]
[ 21 640 1664 90 0 ]
[ 21 640 1792 90 0 ]
[ 21 640 1920 90 0 ]
[ 21 768 1152 90 0 ]
[ 21 768 1280 90 0 ]
[ 21 768 1408 90 0 ]
[ 21 768 1536 90 0 ]
[ 21 768 1664 90 0 ]
[ 21 768 1792 90 0 ]
[ 21 768 1920 90 0 ]
[ 22 -2048 640 270 0 ]
[ 22 -2048 768 270 0 ]
[ 22 -2048 896 270 0 ]
[ 22 -1920 640 270 0 ]
[ 22 -1920 768 270 0 ]
[ 22 -1920 896 270 0 ]
[ 22 -1792 640 270 0 ]
[ 22 -1792 768 270 0 ]
[ 22 -1792 896 270 0 ]
[ 22 -1024 640 270 0 ]
[ 22 -1024 768 270 0 ]
[ 22 -1024 896 270 0 ]
[ 22 -896 640 270 0 ]
[ 22 -896 768 270 0 ]
[ 22 -896 896 270 0 ]
[ 22 -768 640 270 0 ]
[ 22 -768 768 270 0 ]
[ 22 -768 896 270 0 ]
[ 22 -640 640 270 0 ]
[ 22 -640 896 270 0 ]
[ 22 -512 640 270 0 ]
[ 22 -512 768 270 0 ]
[ 22 -512 896 270 0 ]
[ 22 -384 640 270 0 ]
[ 22 -384 768 270 0 ]
[ 22 -384 896 270 0 ]
[ 22 -256 640 270 0 ]
[ 22 -256 768 270 0 ]
[ 22 -256 896 270 0 ]
[ 22 -128 640 270 0 ]
[ 22 -128 768 270 0 ]
[ 22 -128 896 270 0 ]
[ 22 0 640 270 0 ]
[ 22 0 768 270 0 ]
[ 22 0 896 270 0 ]
[ 22 128 640 270 0 ]
[ 22 128 768 270 0 ]
[ 22 128 896 270 0 ]
[ 22 256 640 270 0 ]
[ 22 256 768 270 0 ]
[ 22 256 896 270 0 ]
[ 22 384 640 270 0 ]
[ 22 384 768 270 0 ]
[ 22 384 896 270 0 ]
[ 22 512 640 270 0 ]
[ 22 512 768 270 0 ]
[ 22 512 896 270 0 ]
[ 22 640 640 270 0 ]
[ 22 640 768 270 0 ]
[ 22 640 896 270 0 ]
[ 22 768 640 270 0 ]
[ 22 768 768 270 0 ]
[ 22 768 896 270 0 ]
[ 22 896 640 270 0 ]
[ 22 896 768 270 0 ]
[ 22 896 896 270 0 ]
[ 22 1024 640 270 0 ]
[ 22 1024 768 270 0 ]
[ 22 1024 896 270 0 ]
[ 22 1152 640 270 0 ]
[ 22 1152 768 270 0 ]
[ 22 1152 896 270 0 ]
[ 22 1279 640 270 0 ]
[ 22 1279 768 270 0 ]
[ 22 1279 896 270 0 ]
[ 22 1408 640 270 0 ]
[ 22 1408 768 270 0 ]
[ 22 1408 896 270 0 ]
[ 22 1536 640 270 0 ]
[ 22 1536 768 270 0 ]
[ 22 1536 896 270 0 ]
[ 22 1664 640 270 0 ]
[ 22 1664 768 270 0 ]
[ 22 1664 896 270 0 ]
[ 22 1792 640 270 0 ]
[ 22 1792 768 270 0 ]
[ 22 1792 896 270 0 ]
[ 22 1920 640 270 0 ]
[ 22 1920 768 270 0 ]
[ 22 1920 896 270 0 ]
[ 22 2560 640 270 0 ]
[ 22 2560 768 270 0 ]
[ 22 2560 896 270 0 ]
[ 22 2688 640 270 0 ]
[ 22 2688 768 270 0 ]
[ 22 2688 896 270 0 ]
[ 22 2816 640 270 0 ]
[ 22 2816 768 270 0 ]
[ 22 2816 896 270 0 ]
[ 18 2944 896 270 9 ]
[ 18 2944 768 270 9 ]
[ 18 2944 640 270 9 ]
[ 18 -1664 768 270 9 ]
[ 18 -1664 896 270 9 ]
[ 18 -1664 640 270 9 ]
[ 4 -2048 1024 270 0 ]
[ 4 -1920 1024 270 0 ]
[ 4 -1792 1024 270 0 ]
[ 22 -640 768 270 0 ]
[ 22 -1920 1280 270 0 ]
[ 21 -2048 1152 270 0 ]
[ 21 -1920 1152 270 0 ]
[ 21 -1792 1152 270 0 ]
[ 21 -1792 1280 270 0 ]
[ 21 -1792 1408 270 0 ]
[ 21 -1920 1408 270 0 ]
[ 21 -2048 1408 270 0 ]
[ 21 -2048 1280 270 0 ]
[ 22 2048 640 270 0 ]
[ 22 2048 768 270 0 ]
[ 22 2048 896 270 0 ]
[ 22 2176 640 270 0 ]
[ 22 2176 768 270 0 ]
[ 22 2176 896 270 0 ]
[ 22 2304 640 270 0 ]
[ 22 2304 768 270 0 ]
[ 22 2304 896 270 0 ]
[ 22 2432 640 270 0 ]
[ 22 2432 768 270 0 ]
[ 22 2432 896 270 0 ]
[ 22 -1536 640 270 0 ]
[ 22 -1536 768 270 0 ]
[ 22 -1536 896 270 0 ]
[ 22 -1408 640 270 0 ]
[ 22 -1408 768 270 0 ]
[ 22 -1408 896 270 0 ]
[ 22 -1280 640 270 0 ]
[ 22 -1280 768 270 0 ]
[ 22 -1280 896 270 0 ]
[ 22 -1152 640 270 0 ]
[ 22 -1152 896 270 0 ]
[ 22 -1152 768 270 0 ]
[ 39 512 4864 0 barmode 0 1 ]
[ 39 639 4864 0 barmode 0 1 ]
[ 39 768 4864 0 barmode 0 1 ]
[ 21 512 4992 90 0 ]
[ 21 512 5120 90 0 ]
[ 21 512 5248 90 0 ]
[ 21 512 5376 90 0 ]
[ 21 512 5504 90 0 ]
[ 21 512 5632 90 0 ]
[ 21 512 5760 90 0 ]
[ 21 640 4992 90 0 ]
[ 21 640 5120 90 0 ]
[ 21 640 5248 90 0 ]
[ 21 640 5376 90 0 ]
[ 21 640 5504 90 0 ]
[ 21 640 5632 90 0 ]
[ 21 640 5760 90 0 ]
[ 21 768 4992 90 0 ]
[ 21 768 5120 90 0 ]
[ 21 768 5248 90 0 ]
[ 21 768 5376 90 0 ]
[ 21 768 5504 90 0 ]
[ 21 768 5632 90 0 ]
[ 21 768 5760 90 0 ]
[ 22 -1024 4480 270 0 ]
[ 22 -1024 4608 270 0 ]
[ 22 -1024 4736 270 0 ]
[ 22 -896 4480 270 0 ]
[ 22 -896 4608 270 0 ]
[ 22 -896 4736 270 0 ]
[ 22 -768 4480 270 0 ]
[ 22 -768 4608 270 0 ]
[ 22 -768 4736 270 0 ]
[ 22 -640 4480 270 0 ]
[ 22 -640 4736 270 0 ]
[ 22 -512 4480 270 0 ]
[ 22 -512 4608 270 0 ]
[ 22 -512 4736 270 0 ]
[ 22 -384 4480 270 0 ]
[ 22 -384 4608 270 0 ]
[ 22 -384 4736 270 0 ]
[ 22 -256 4480 270 0 ]
[ 22 -256 4608 270 0 ]
[ 22 -256 4736 270 0 ]
[ 22 -128 4480 270 0 ]
[ 22 -128 4608 270 0 ]
[ 22 -128 4736 270 0 ]
[ 22 0 4480 270 0 ]
[ 22 0 4608 270 0 ]
[ 22 0 4736 270 0 ]
[ 22 128 4480 270 0 ]
[ 22 128 4608 270 0 ]
[ 22 128 4736 270 0 ]
[ 22 256 4480 270 0 ]
[ 22 256 4608 270 0 ]
[ 22 256 4736 270 0 ]
[ 22 384 4480 270 0 ]
[ 22 384 4608 270 0 ]
[ 22 384 4736 270 0 ]
[ 22 512 4480 270 0 ]
[ 22 512 4608 270 0 ]
[ 22 512 4736 270 0 ]
[ 22 640 4480 270 0 ]
[ 22 640 4608 270 0 ]
[ 22 640 4736 270 0 ]
[ 22 768 4480 270 0 ]
[ 22 768 4608 270 0 ]
[ 22 768 4736 270 0 ]
[ 22 896 4480 270 0 ]
[ 22 896 4608 270 0 ]
[ 22 896 4736 270 0 ]
[ 22 1024 4480 270 0 ]
[ 22 1024 4608 270 0 ]
[ 22 1024 4736 270 0 ]
[ 22 1152 4480 270 0 ]
[ 22 1152 4608 270 0 ]
[ 22 1152 4736 270 0 ]
[ 22 1279 4480 270 0 ]
[ 22 1279 4608 270 0 ]
[ 22 1279 4736 270 0 ]
[ 22 1408 4480 270 0 ]
[ 22 1408 4608 270 0 ]
[ 22 1408 4736 270 0 ]
[ 22 1536 4480 270 0 ]
[ 22 1536 4608 270 0 ]
[ 22 1536 4736 270 0 ]
[ 22 1664 4480 270 0 ]
[ 22 1664 4608 270 0 ]
[ 22 1664 4736 270 0 ]
[ 22 1792 4480 270 0 ]
[ 22 1792 4608 270 0 ]
[ 22 1792 4736 270 0 ]
[ 22 1920 4480 270 0 ]
[ 22 1920 4608 270 0 ]
[ 22 1920 4736 270 0 ]
[ 22 2560 4480 270 0 ]
[ 22 2560 4608 270 0 ]
[ 22 2560 4736 270 0 ]
[ 22 2688 4480 270 0 ]
[ 22 2688 4608 270 0 ]
[ 22 2688 4736 270 0 ]
[ 22 2816 4608 270 0 ]
[ 22 2816 4736 270 0 ]
[ 22 3072 4480 270 0 ]
[ 22 3072 4608 270 0 ]
[ 22 3072 4736 270 0 ]
[ 22 3200 4480 270 0 ]
[ 22 3200 4608 270 0 ]
[ 22 3200 4736 270 0 ]
[ 22 3328 4480 270 0 ]
[ 22 3328 4608 270 0 ]
[ 22 3328 4736 270 0 ]
[ 4 3328 4864 270 0 ]
[ 4 3200 4864 270 0 ]
[ 4 3072 4864 270 0 ]
[ 22 -640 4608 270 0 ]
[ 22 2048 4480 270 0 ]
[ 22 2048 4608 270 0 ]
[ 22 2048 4736 270 0 ]
[ 22 2176 4480 270 0 ]
[ 22 2176 4608 270 0 ]
[ 22 2176 4736 270 0 ]
[ 22 2304 4480 270 0 ]
[ 22 2304 4608 270 0 ]
[ 22 2304 4736 270 0 ]
[ 22 2432 4480 270 0 ]
[ 22 2432 4608 270 0 ]
[ 22 2432 4736 270 0 ]
[ 22 -1536 4480 270 0 ]
[ 22 -1536 4608 270 0 ]
[ 22 -1536 4736 270 0 ]
[ 22 -1408 4480 270 0 ]
[ 22 -1408 4608 270 0 ]
[ 22 -1408 4736 270 0 ]
[ 22 -1280 4480 270 0 ]
[ 22 -1280 4608 270 0 ]
[ 22 -1280 4736 270 0 ]
[ 22 -1152 4480 270 0 ]
[ 22 -1152 4736 270 0 ]
[ 22 -1152 4608 270 0 ]
[ 22 2816 4480 270 0 ]
[ 22 2944 4608 270 0 ]
[ 22 2944 4736 270 0 ]
[ 22 2944 4480 270 0 ]
[ 9 3327 5120 270 2 ]
[ 9 3327 5248 270 2 ]
[ 9 3200 5248 270 1 ]
[ 9 3072 5248 270 4 ]
[ 9 3072 5120 270 1 ]
[ 9 3072 4992 270 1 ]
[ 9 3200 4992 270 4 ]
[ 9 3327 4992 270 5 ]
[ 7 3200 5120 1 ]
[ 4 512 4352 270 0 ]
[ 4 640 4352 270 0 ]
[ 4 768 4352 270 0 ]
[ 9 640 4224 270 1 ]
[ 9 512 4224 270 1 ]
[ 9 640 4096 270 0 ]
[ 9 512 4096 270 1 ]
[ 9 768 4096 270 3 ]
[ 9 768 3968 270 3 ]
[ 9 768 4224 270 2 ]
[ 9 512 3968 270 0 ]
[ 9 640 3968 270 4 ]
[ 39 512 8192 0 barmode 0 1 ]
[ 39 639 8192 0 barmode 0 1 ]
[ 39 768 8192 0 barmode 0 1 ]
[ 21 512 8320 90 0 ]
[ 21 512 8448 90 0 ]
[ 21 512 8576 90 0 ]
[ 21 512 8704 90 0 ]
[ 21 512 8832 90 0 ]
[ 21 512 8960 90 0 ]
[ 21 512 9088 90 0 ]
[ 21 640 8320 90 0 ]
[ 21 640 8448 90 0 ]
[ 21 640 8576 90 0 ]
[ 21 640 8704 90 0 ]
[ 21 640 8832 90 0 ]
[ 21 640 8960 90 0 ]
[ 21 640 9088 90 0 ]
[ 21 768 8320 90 0 ]
[ 21 768 8448 90 0 ]
[ 21 768 8576 90 0 ]
[ 21 768 8704 90 0 ]
[ 21 768 8832 90 0 ]
[ 21 768 8960 90 0 ]
[ 21 768 9088 90 0 ]
[ 22 -1024 7808 270 0 ]
[ 22 -1024 7936 270 0 ]
[ 22 -1024 8064 270 0 ]
[ 22 -896 7808 270 0 ]
[ 22 -896 7936 270 0 ]
[ 22 -896 8064 270 0 ]
[ 22 -768 7808 270 0 ]
[ 22 -768 7936 270 0 ]
[ 22 -768 8064 270 0 ]
[ 22 -640 7808 270 0 ]
[ 22 -640 8064 270 0 ]
[ 22 -512 7808 270 0 ]
[ 22 -512 7936 270 0 ]
[ 22 -512 8064 270 0 ]
[ 22 -384 7808 270 0 ]
[ 22 -384 7936 270 0 ]
[ 22 -384 8064 270 0 ]
[ 22 -256 7808 270 0 ]
[ 22 -256 7936 270 0 ]
[ 22 -256 8064 270 0 ]
[ 22 -128 7808 270 0 ]
[ 22 -128 7936 270 0 ]
[ 22 -128 8064 270 0 ]
[ 22 0 7808 270 0 ]
[ 22 0 7936 270 0 ]
[ 22 0 8064 270 0 ]
[ 22 128 7808 270 0 ]
[ 22 128 7936 270 0 ]
[ 22 128 8064 270 0 ]
[ 22 256 7808 270 0 ]
[ 22 256 7936 270 0 ]
[ 22 256 8064 270 0 ]
[ 22 384 7808 270 0 ]
[ 22 384 7936 270 0 ]
[ 22 384 8064 270 0 ]
[ 22 512 7808 270 0 ]
[ 22 512 7936 270 0 ]
[ 22 512 8064 270 0 ]
[ 22 640 7808 270 0 ]
[ 22 640 7936 270 0 ]
[ 22 640 8064 270 0 ]
[ 22 768 7808 270 0 ]
[ 22 768 7936 270 0 ]
[ 22 768 8064 270 0 ]
[ 22 896 7808 270 0 ]
[ 22 896 7936 270 0 ]
[ 22 896 8064 270 0 ]
[ 22 1024 7808 270 0 ]
[ 22 1024 7936 270 0 ]
[ 22 1024 8064 270 0 ]
[ 22 1152 7808 270 0 ]
[ 22 1152 7936 270 0 ]
[ 22 1152 8064 270 0 ]
[ 22 1279 7808 270 0 ]
[ 22 1279 7936 270 0 ]
[ 22 1279 8064 270 0 ]
[ 22 1408 7808 270 0 ]
[ 22 1408 7936 270 0 ]
[ 22 1408 8064 270 0 ]
[ 22 1536 7808 270 0 ]
[ 22 1536 7936 270 0 ]
[ 22 1536 8064 270 0 ]
[ 22 1664 7808 270 0 ]
[ 22 1664 7936 270 0 ]
[ 22 1664 8064 270 0 ]
[ 22 1792 7808 270 0 ]
[ 22 1792 7936 270 0 ]
[ 22 1792 8064 270 0 ]
[ 22 1920 7808 270 0 ]
[ 22 1920 7936 270 0 ]
[ 22 1920 8064 270 0 ]
[ 22 2560 7808 270 0 ]
[ 22 2560 7936 270 0 ]
[ 22 2560 8064 270 0 ]
[ 22 2688 7808 270 0 ]
[ 22 2688 7936 270 0 ]
[ 22 2688 8064 270 0 ]
[ 22 2816 7936 270 0 ]
[ 22 2816 8064 270 0 ]
[ 22 -640 7936 270 0 ]
[ 22 2048 7808 270 0 ]
[ 22 2048 7936 270 0 ]
[ 22 2048 8064 270 0 ]
[ 22 2176 7808 270 0 ]
[ 22 2176 7936 270 0 ]
[ 22 2176 8064 270 0 ]
[ 22 2304 7808 270 0 ]
[ 22 2304 7936 270 0 ]
[ 22 2304 8064 270 0 ]
[ 22 2432 7808 270 0 ]
[ 22 2432 7936 270 0 ]
[ 22 2432 8064 270 0 ]
[ 22 -1536 7808 270 0 ]
[ 22 -1536 7936 270 0 ]
[ 22 -1536 8064 270 0 ]
[ 22 -1408 7808 270 0 ]
[ 22 -1408 7936 270 0 ]
[ 22 -1408 8064 270 0 ]
[ 22 -1280 7808 270 0 ]
[ 22 -1280 7936 270 0 ]
[ 22 -1280 8064 270 0 ]
[ 22 -1152 7808 270 0 ]
[ 22 -1152 8064 270 0 ]
[ 22 -1152 7936 270 0 ]
[ 22 2816 7808 270 0 ]
[ 4 512 7680 270 0 ]
[ 4 640 7680 270 0 ]
[ 4 768 7680 270 0 ]
[ 39 512 12160 0 barmode 0 1 ]
[ 39 639 12160 0 barmode 0 1 ]
[ 39 768 12160 0 barmode 0 1 ]
[ 21 512 12288 90 0 ]
[ 21 512 12416 90 0 ]
[ 21 512 12544 90 0 ]
[ 21 512 12672 90 0 ]
[ 21 512 12800 90 0 ]
[ 21 512 12928 90 0 ]
[ 21 512 13056 90 0 ]
[ 21 640 12288 90 0 ]
[ 21 640 12416 90 0 ]
[ 21 640 12544 90 0 ]
[ 21 640 12672 90 0 ]
[ 21 640 12800 90 0 ]
[ 21 640 12928 90 0 ]
[ 21 640 13056 90 0 ]
[ 21 768 12288 90 0 ]
[ 21 768 12416 90 0 ]
[ 21 768 12544 90 0 ]
[ 21 768 12672 90 0 ]
[ 21 768 12800 90 0 ]
[ 21 768 12928 90 0 ]
[ 21 768 13056 90 0 ]
[ 22 -1024 11776 270 0 ]
[ 22 -1024 11904 270 0 ]
[ 22 -1024 12032 270 0 ]
[ 22 -896 11776 270 0 ]
[ 22 -896 11904 270 0 ]
[ 22 -896 12032 270 0 ]
[ 22 -768 11776 270 0 ]
[ 22 -768 11904 270 0 ]
[ 22 -768 12032 270 0 ]
[ 22 -640 11776 270 0 ]
[ 22 -640 12032 270 0 ]
[ 22 -512 11776 270 0 ]
[ 22 -512 11904 270 0 ]
[ 22 -512 12032 270 0 ]
[ 22 -384 11776 270 0 ]
[ 22 -384 11904 270 0 ]
[ 22 -384 12032 270 0 ]
[ 22 -256 11776 270 0 ]
[ 22 -256 11904 270 0 ]
[ 22 -256 12032 270 0 ]
[ 22 -128 11776 270 0 ]
[ 22 -128 11904 270 0 ]
[ 22 -128 12032 270 0 ]
[ 22 0 11776 270 0 ]
[ 22 0 11904 270 0 ]
[ 22 0 12032 270 0 ]
[ 22 128 11776 270 0 ]
[ 22 128 11904 270 0 ]
[ 22 128 12032 270 0 ]
[ 22 256 11776 270 0 ]
[ 22 256 11904 270 0 ]
[ 22 256 12032 270 0 ]
[ 22 384 11776 270 0 ]
[ 22 384 11904 270 0 ]
[ 22 384 12032 270 0 ]
[ 22 512 11776 270 0 ]
[ 22 512 11904 270 0 ]
[ 22 512 12032 270 0 ]
[ 22 640 11776 270 0 ]
[ 22 640 11904 270 0 ]
[ 22 640 12032 270 0 ]
[ 22 768 11776 270 0 ]
[ 22 768 11904 270 0 ]
[ 22 768 12032 270 0 ]
[ 22 896 11776 270 0 ]
[ 22 896 11904 270 0 ]
[ 22 896 12032 270 0 ]
[ 22 1024 11776 270 0 ]
[ 22 1024 11904 270 0 ]
[ 22 1024 12032 270 0 ]
[ 22 1152 11776 270 0 ]
[ 22 1152 11904 270 0 ]
[ 22 1152 12032 270 0 ]
[ 22 1279 11776 270 0 ]
[ 22 1279 11904 270 0 ]
[ 22 1279 12032 270 0 ]
[ 22 1408 11776 270 0 ]
[ 22 1408 11904 270 0 ]
[ 22 1408 12032 270 0 ]
[ 22 1536 11776 270 0 ]
[ 22 1536 11904 270 0 ]
[ 22 1536 12032 270 0 ]
[ 22 1664 11776 270 0 ]
[ 22 1664 11904 270 0 ]
[ 22 1664 12032 270 0 ]
[ 22 1792 11776 270 0 ]
[ 22 1792 11904 270 0 ]
[ 22 1792 12032 270 0 ]
[ 22 1920 11776 270 0 ]
[ 22 1920 11904 270 0 ]
[ 22 1920 12032 270 0 ]
[ 22 2560 11776 270 0 ]
[ 22 2560 11904 270 0 ]
[ 22 2560 12032 270 0 ]
[ 22 2688 11776 270 0 ]
[ 22 2688 11904 270 0 ]
[ 22 2688 12032 270 0 ]
[ 22 2816 11904 270 0 ]
[ 22 2816 12032 270 0 ]
[ 22 3072 11776 270 0 ]
[ 22 3072 11904 270 0 ]
[ 22 3072 12032 270 0 ]
[ 22 3200 11776 270 0 ]
[ 22 3200 11904 270 0 ]
[ 22 3200 12032 270 0 ]
[ 22 3328 11776 270 0 ]
[ 22 3328 11904 270 0 ]
[ 22 3328 12032 270 0 ]
[ 4 3328 12160 270 0 ]
[ 4 3200 12160 270 0 ]
[ 4 3072 12160 270 0 ]
[ 22 -640 11904 270 0 ]
[ 22 2048 11776 270 0 ]
[ 22 2048 11904 270 0 ]
[ 22 2048 12032 270 0 ]
[ 22 2176 11776 270 0 ]
[ 22 2176 11904 270 0 ]
[ 22 2176 12032 270 0 ]
[ 22 2304 11776 270 0 ]
[ 22 2304 11904 270 0 ]
[ 22 2304 12032 270 0 ]
[ 22 2432 11776 270 0 ]
[ 22 2432 11904 270 0 ]
[ 22 2432 12032 270 0 ]
[ 22 -1536 11776 270 0 ]
[ 22 -1536 11904 270 0 ]
[ 22 -1536 12032 270 0 ]
[ 22 -1408 11776 270 0 ]
[ 22 -1408 11904 270 0 ]
[ 22 -1408 12032 270 0 ]
[ 22 -1280 11776 270 0 ]
[ 22 -1280 11904 270 0 ]
[ 22 -1280 12032 270 0 ]
[ 22 -1152 11776 270 0 ]
[ 22 -1152 12032 270 0 ]
[ 22 -1152 11904 270 0 ]
[ 22 2816 11776 270 0 ]
[ 22 2944 11904 270 0 ]
[ 22 2944 12032 270 0 ]
[ 22 2944 11776 270 0 ]
[ 4 512 11648 270 0 ]
[ 4 640 11648 270 0 ]
[ 4 768 11648 270 0 ]
[ 9 640 11520 270 1 ]
[ 9 512 11520 270 1 ]
[ 9 640 11392 270 0 ]
[ 9 512 11392 270 1 ]
[ 9 768 11392 270 3 ]
[ 9 768 11264 270 3 ]
[ 9 768 11520 270 2 ]
[ 9 512 11264 270 0 ]
[ 9 640 11264 270 4 ]
[ 39 7424 12160 0 barmode 0 1 ]
[ 39 7551 12160 0 barmode 0 1 ]
[ 39 7680 12160 0 barmode 0 1 ]
[ 22 5888 11776 270 0 ]
[ 22 5888 11904 270 0 ]
[ 22 5888 12032 270 0 ]
[ 22 6016 11776 270 0 ]
[ 22 6016 11904 270 0 ]
[ 22 6016 12032 270 0 ]
[ 22 6144 11776 270 0 ]
[ 22 6144 11904 270 0 ]
[ 22 6144 12032 270 0 ]
[ 22 6272 11776 270 0 ]
[ 22 6272 12032 270 0 ]
[ 22 6400 11776 270 0 ]
[ 22 6400 11904 270 0 ]
[ 22 6400 12032 270 0 ]
[ 22 6528 11776 270 0 ]
[ 22 6528 11904 270 0 ]
[ 22 6528 12032 270 0 ]
[ 22 6656 11776 270 0 ]
[ 22 6656 11904 270 0 ]
[ 22 6656 12032 270 0 ]
[ 22 6784 11776 270 0 ]
[ 22 6784 11904 270 0 ]
[ 22 6784 12032 270 0 ]
[ 22 6912 11776 270 0 ]
[ 22 6912 11904 270 0 ]
[ 22 6912 12032 270 0 ]
[ 22 7040 11776 270 0 ]
[ 22 7040 11904 270 0 ]
[ 22 7040 12032 270 0 ]
[ 22 7168 11776 270 0 ]
[ 22 7168 11904 270 0 ]
[ 22 7168 12032 270 0 ]
[ 22 7296 11776 270 0 ]
[ 22 7296 11904 270 0 ]
[ 22 7296 12032 270 0 ]
[ 22 7424 11776 270 0 ]
[ 22 7424 11904 270 0 ]
[ 22 7424 12032 270 0 ]
[ 22 7552 11776 270 0 ]
[ 22 7552 11904 270 0 ]
[ 22 7552 12032 270 0 ]
[ 22 7680 11776 270 0 ]
[ 22 7680 11904 270 0 ]
[ 22 7680 12032 270 0 ]
[ 22 7808 11776 270 0 ]
[ 22 7808 11904 270 0 ]
[ 22 7808 12032 270 0 ]
[ 22 7936 11776 270 0 ]
[ 22 7936 11904 270 0 ]
[ 22 7936 12032 270 0 ]
[ 22 8064 11776 270 0 ]
[ 22 8064 11904 270 0 ]
[ 22 8064 12032 270 0 ]
[ 22 8191 11776 270 0 ]
[ 22 8191 11904 270 0 ]
[ 22 8191 12032 270 0 ]
[ 22 8320 11776 270 0 ]
[ 22 8320 11904 270 0 ]
[ 22 8320 12032 270 0 ]
[ 22 8448 11776 270 0 ]
[ 22 8448 11904 270 0 ]
[ 22 8448 12032 270 0 ]
[ 22 8576 11776 270 0 ]
[ 22 8576 11904 270 0 ]
[ 22 8576 12032 270 0 ]
[ 22 8704 11776 270 0 ]
[ 22 8704 11904 270 0 ]
[ 22 8704 12032 270 0 ]
[ 22 8832 11776 270 0 ]
[ 22 8832 11904 270 0 ]
[ 22 8832 12032 270 0 ]
[ 22 9472 11776 270 0 ]
[ 22 9472 11904 270 0 ]
[ 22 9472 12032 270 0 ]
[ 22 9600 11776 270 0 ]
[ 22 9600 11904 270 0 ]
[ 22 9600 12032 270 0 ]
[ 22 9728 11904 270 0 ]
[ 22 9728 12032 270 0 ]
[ 22 6272 11904 270 0 ]
[ 22 8960 11776 270 0 ]
[ 22 8960 11904 270 0 ]
[ 22 8960 12032 270 0 ]
[ 22 9088 11776 270 0 ]
[ 22 9088 11904 270 0 ]
[ 22 9088 12032 270 0 ]
[ 22 9216 11776 270 0 ]
[ 22 9216 11904 270 0 ]
[ 22 9216 12032 270 0 ]
[ 22 9344 11776 270 0 ]
[ 22 9344 11904 270 0 ]
[ 22 9344 12032 270 0 ]
[ 22 5376 11776 270 0 ]
[ 22 5376 11904 270 0 ]
[ 22 5376 12032 270 0 ]
[ 22 5504 11776 270 0 ]
[ 22 5504 11904 270 0 ]
[ 22 5504 12032 270 0 ]
[ 22 5632 11776 270 0 ]
[ 22 5632 11904 270 0 ]
[ 22 5632 12032 270 0 ]
[ 22 5760 11776 270 0 ]
[ 22 5760 12032 270 0 ]
[ 22 5760 11904 270 0 ]
[ 22 9728 11776 270 0 ]
[ 4 7424 11648 270 0 ]
[ 4 7552 11648 270 0 ]
[ 4 7680 11648 270 0 ]
[ 9 7552 11520 270 1 ]
[ 9 7424 11520 270 1 ]
[ 9 7552 11392 270 0 ]
[ 9 7424 11392 270 1 ]
[ 9 7680 11392 270 3 ]
[ 9 7680 11264 270 3 ]
[ 9 7680 11520 270 2 ]
[ 9 7424 11264 270 0 ]
[ 9 7552 11264 270 4 ]
[ 4 5376 12160 270 0 ]
[ 4 5504 12160 270 0 ]
[ 4 5632 12160 270 0 ]
[ 7 5504 12416 0 ]
[ 9 5376 12288 270 1 ]
[ 9 5504 12288 270 3 ]
[ 9 5632 12288 270 4 ]
[ 9 5632 12416 270 2 ]
[ 9 5632 12544 270 5 ]
[ 9 5504 12544 270 5 ]
[ 9 5376 12544 270 1 ]
[ 9 5376 12416 270 1 ]
[ 4 512 512 270 0 ]
[ 4 640 512 270 0 ]
[ 4 768 512 270 0 ]
[ 9 512 384 270 1 ]
[ 9 512 256 270 1 ]
[ 9 768 256 270 3 ]
[ 9 768 128 270 3 ]
[ 9 768 384 270 2 ]
[ 9 640 128 270 4 ]
[ 9 640 4224 270 1 ]
[ 9 512 4224 270 1 ]
[ 9 640 4096 270 0 ]
[ 9 512 4096 270 1 ]
[ 9 768 4096 270 3 ]
[ 9 768 3968 270 3 ]
[ 9 768 4224 270 2 ]
[ 9 512 3968 270 0 ]
[ 9 640 3968 270 4 ]
[ 9 640 7552 270 1 ]
[ 9 512 7552 270 1 ]
[ 9 512 7424 270 1 ]
[ 9 768 7424 270 3 ]
[ 9 768 7296 270 3 ]
[ 9 768 7552 270 2 ]
[ 9 512 7296 270 0 ]
[ 9 640 7296 270 4 ]
[ 9 640 7552 270 1 ]
[ 9 512 7552 270 1 ]
[ 9 512 7424 270 1 ]
[ 9 768 7424 270 3 ]
[ 9 768 7296 270 3 ]
[ 9 768 7552 270 2 ]
[ 9 512 7296 270 0 ]
[ 9 640 7296 270 4 ]
[ 8 640 7424 1 ]
[ 9 512 128 270 0 ]
[ 39 7552 4864 0 barmode 0 1 ]
[ 39 7679 4864 0 barmode 0 1 ]
[ 39 7808 4864 0 barmode 0 1 ]
[ 21 7552 4992 90 0 ]
[ 21 7552 5120 90 0 ]
[ 21 7552 5248 90 0 ]
[ 21 7552 5376 90 0 ]
[ 21 7552 5504 90 0 ]
[ 21 7552 5632 90 0 ]
[ 21 7552 5760 90 0 ]
[ 21 7680 4992 90 0 ]
[ 21 7680 5120 90 0 ]
[ 21 7680 5248 90 0 ]
[ 21 7680 5376 90 0 ]
[ 21 7680 5504 90 0 ]
[ 21 7680 5632 90 0 ]
[ 21 7680 5760 90 0 ]
[ 21 7808 4992 90 0 ]
[ 21 7808 5120 90 0 ]
[ 21 7808 5248 90 0 ]
[ 21 7808 5376 90 0 ]
[ 21 7808 5504 90 0 ]
[ 21 7808 5632 90 0 ]
[ 21 7808 5760 90 0 ]
[ 22 6016 4480 270 0 ]
[ 22 6016 4608 270 0 ]
[ 22 6016 4736 270 0 ]
[ 22 6144 4480 270 0 ]
[ 22 6144 4608 270 0 ]
[ 22 6144 4736 270 0 ]
[ 22 6272 4480 270 0 ]
[ 22 6272 4608 270 0 ]
[ 22 6272 4736 270 0 ]
[ 22 6400 4480 270 0 ]
[ 22 6400 4736 270 0 ]
[ 22 6528 4480 270 0 ]
[ 22 6528 4608 270 0 ]
[ 22 6528 4736 270 0 ]
[ 22 6656 4480 270 0 ]
[ 22 6656 4608 270 0 ]
[ 22 6656 4736 270 0 ]
[ 22 6784 4480 270 0 ]
[ 22 6784 4608 270 0 ]
[ 22 6784 4736 270 0 ]
[ 22 6912 4480 270 0 ]
[ 22 6912 4608 270 0 ]
[ 22 6912 4736 270 0 ]
[ 22 7040 4480 270 0 ]
[ 22 7040 4608 270 0 ]
[ 22 7040 4736 270 0 ]
[ 22 7168 4480 270 0 ]
[ 22 7168 4608 270 0 ]
[ 22 7168 4736 270 0 ]
[ 22 7296 4480 270 0 ]
[ 22 7296 4608 270 0 ]
[ 22 7296 4736 270 0 ]
[ 22 7424 4480 270 0 ]
[ 22 7424 4608 270 0 ]
[ 22 7424 4736 270 0 ]
[ 22 7552 4480 270 0 ]
[ 22 7552 4608 270 0 ]
[ 22 7552 4736 270 0 ]
[ 22 7680 4480 270 0 ]
[ 22 7680 4608 270 0 ]
[ 22 7680 4736 270 0 ]
[ 22 7808 4480 270 0 ]
[ 22 7808 4608 270 0 ]
[ 22 7808 4736 270 0 ]
[ 22 7936 4480 270 0 ]
[ 22 7936 4608 270 0 ]
[ 22 7936 4736 270 0 ]
[ 22 8064 4480 270 0 ]
[ 22 8064 4608 270 0 ]
[ 22 8064 4736 270 0 ]
[ 22 8192 4480 270 0 ]
[ 22 8192 4608 270 0 ]
[ 22 8192 4736 270 0 ]
[ 22 8319 4480 270 0 ]
[ 22 8319 4608 270 0 ]
[ 22 8319 4736 270 0 ]
[ 22 8448 4480 270 0 ]
[ 22 8448 4608 270 0 ]
[ 22 8448 4736 270 0 ]
[ 22 8576 4480 270 0 ]
[ 22 8576 4608 270 0 ]
[ 22 8576 4736 270 0 ]
[ 22 8704 4480 270 0 ]
[ 22 8704 4608 270 0 ]
[ 22 8704 4736 270 0 ]
[ 22 8832 4480 270 0 ]
[ 22 8832 4608 270 0 ]
[ 22 8832 4736 270 0 ]
[ 22 8960 4480 270 0 ]
[ 22 8960 4608 270 0 ]
[ 22 8960 4736 270 0 ]
[ 22 9600 4480 270 0 ]
[ 22 9600 4608 270 0 ]
[ 22 9600 4736 270 0 ]
[ 22 9728 4480 270 0 ]
[ 22 9728 4608 270 0 ]
[ 22 9728 4736 270 0 ]
[ 22 9856 4608 270 0 ]
[ 22 9856 4736 270 0 ]
[ 22 6400 4608 270 0 ]
[ 22 9088 4480 270 0 ]
[ 22 9088 4608 270 0 ]
[ 22 9088 4736 270 0 ]
[ 22 9216 4480 270 0 ]
[ 22 9216 4608 270 0 ]
[ 22 9216 4736 270 0 ]
[ 22 9344 4480 270 0 ]
[ 22 9344 4608 270 0 ]
[ 22 9344 4736 270 0 ]
[ 22 9472 4480 270 0 ]
[ 22 9472 4608 270 0 ]
[ 22 9472 4736 270 0 ]
[ 22 5504 4480 270 0 ]
[ 22 5504 4608 270 0 ]
[ 22 5504 4736 270 0 ]
[ 22 5632 4480 270 0 ]
[ 22 5632 4608 270 0 ]
[ 22 5632 4736 270 0 ]
[ 22 5760 4480 270 0 ]
[ 22 5760 4608 270 0 ]
[ 22 5760 4736 270 0 ]
[ 22 5888 4480 270 0 ]
[ 22 5888 4736 270 0 ]
[ 22 5888 4608 270 0 ]
[ 22 9856 4480 270 0 ]
[ 4 7552 4352 270 0 ]
[ 4 7680 4352 270 0 ]
[ 4 7808 4352 270 0 ]
[ 9 7680 4224 270 1 ]
[ 9 7552 4224 270 1 ]
[ 9 7552 4096 270 1 ]
[ 9 7808 4096 270 3 ]
[ 9 7808 3968 270 3 ]
[ 9 7808 4224 270 2 ]
[ 9 7552 3968 270 0 ]
[ 9 7680 3968 270 4 ]
[ 9 7680 4224 270 1 ]
[ 9 7552 4224 270 1 ]
[ 9 7552 4096 270 1 ]
[ 9 7808 4096 270 3 ]
[ 9 7808 3968 270 3 ]
[ 9 7808 4224 270 2 ]
[ 9 7552 3968 270 0 ]
[ 9 7680 3968 270 4 ]
[ 4 5632 4864 90 0 ]
[ 4 5504 4864 90 0 ]
[ 4 5760 4864 90 0 ]
[ 7 5632 5120 2 ]
[ 9 5504 4992 90 0 ]
[ 9 5632 4992 90 1 ]
[ 9 5760 4992 90 5 ]
[ 9 5760 5120 90 4 ]
[ 9 5760 5248 90 2 ]
[ 9 5632 5248 90 3 ]
[ 9 5504 5248 90 0 ]
[ 9 5504 5120 90 2 ]
[ 9 640 383 90 2 ]
[ 8 640 256 0 ]
[ 39 7552 8192 0 barmode 0 1 ]
[ 39 7679 8192 0 barmode 0 1 ]
[ 39 7808 8192 0 barmode 0 1 ]
[ 21 7552 8320 90 0 ]
[ 21 7552 8448 90 0 ]
[ 21 7552 8576 90 0 ]
[ 21 7552 8704 90 0 ]
[ 21 7552 8832 90 0 ]
[ 21 7552 8960 90 0 ]
[ 21 7552 9088 90 0 ]
[ 21 7680 8320 90 0 ]
[ 21 7680 8448 90 0 ]
[ 21 7680 8576 90 0 ]
[ 21 7680 8704 90 0 ]
[ 21 7680 8832 90 0 ]
[ 21 7680 8960 90 0 ]
[ 21 7680 9088 90 0 ]
[ 21 7808 8320 90 0 ]
[ 21 7808 8448 90 0 ]
[ 21 7808 8576 90 0 ]
[ 21 7808 8704 90 0 ]
[ 21 7808 8832 90 0 ]
[ 21 7808 8960 90 0 ]
[ 21 7808 9088 90 0 ]
[ 22 6016 7808 270 0 ]
[ 22 6016 7936 270 0 ]
[ 22 6016 8064 270 0 ]
[ 22 6144 7808 270 0 ]
[ 22 6144 7936 270 0 ]
[ 22 6144 8064 270 0 ]
[ 22 6272 7808 270 0 ]
[ 22 6272 7936 270 0 ]
[ 22 6272 8064 270 0 ]
[ 22 6400 7808 270 0 ]
[ 22 6400 8064 270 0 ]
[ 22 6528 7808 270 0 ]
[ 22 6528 7936 270 0 ]
[ 22 6528 8064 270 0 ]
[ 22 6656 7808 270 0 ]
[ 22 6656 7936 270 0 ]
[ 22 6656 8064 270 0 ]
[ 22 6784 7808 270 0 ]
[ 22 6784 7936 270 0 ]
[ 22 6784 8064 270 0 ]
[ 22 6912 7808 270 0 ]
[ 22 6912 7936 270 0 ]
[ 22 6912 8064 270 0 ]
[ 22 7040 7808 270 0 ]
[ 22 7040 7936 270 0 ]
[ 22 7040 8064 270 0 ]
[ 22 7168 7808 270 0 ]
[ 22 7168 7936 270 0 ]
[ 22 7168 8064 270 0 ]
[ 22 7296 7808 270 0 ]
[ 22 7296 7936 270 0 ]
[ 22 7296 8064 270 0 ]
[ 22 7424 7808 270 0 ]
[ 22 7424 7936 270 0 ]
[ 22 7424 8064 270 0 ]
[ 22 7552 7808 270 0 ]
[ 22 7552 7936 270 0 ]
[ 22 7552 8064 270 0 ]
[ 22 7680 7808 270 0 ]
[ 22 7680 7936 270 0 ]
[ 22 7680 8064 270 0 ]
[ 22 7808 7808 270 0 ]
[ 22 7808 7936 270 0 ]
[ 22 7808 8064 270 0 ]
[ 22 7936 7808 270 0 ]
[ 22 7936 7936 270 0 ]
[ 22 7936 8064 270 0 ]
[ 22 8064 7808 270 0 ]
[ 22 8064 7936 270 0 ]
[ 22 8064 8064 270 0 ]
[ 22 8192 7808 270 0 ]
[ 22 8192 7936 270 0 ]
[ 22 8192 8064 270 0 ]
[ 22 8319 7808 270 0 ]
[ 22 8319 7936 270 0 ]
[ 22 8319 8064 270 0 ]
[ 22 8448 7808 270 0 ]
[ 22 8448 7936 270 0 ]
[ 22 8448 8064 270 0 ]
[ 22 8576 7808 270 0 ]
[ 22 8576 7936 270 0 ]
[ 22 8576 8064 270 0 ]
[ 22 8704 7808 270 0 ]
[ 22 8704 7936 270 0 ]
[ 22 8704 8064 270 0 ]
[ 22 8832 7808 270 0 ]
[ 22 8832 7936 270 0 ]
[ 22 8832 8064 270 0 ]
[ 22 8960 7808 270 0 ]
[ 22 8960 7936 270 0 ]
[ 22 8960 8064 270 0 ]
[ 22 9600 7808 270 0 ]
[ 22 9600 7936 270 0 ]
[ 22 9600 8064 270 0 ]
[ 22 9728 7808 270 0 ]
[ 22 9728 7936 270 0 ]
[ 22 9728 8064 270 0 ]
[ 22 9856 7936 270 0 ]
[ 22 9856 8064 270 0 ]
[ 22 6400 7936 270 0 ]
[ 22 9088 7808 270 0 ]
[ 22 9088 7936 270 0 ]
[ 22 9088 8064 270 0 ]
[ 22 9216 7808 270 0 ]
[ 22 9216 7936 270 0 ]
[ 22 9216 8064 270 0 ]
[ 22 9344 7808 270 0 ]
[ 22 9344 7936 270 0 ]
[ 22 9344 8064 270 0 ]
[ 22 9472 7808 270 0 ]
[ 22 9472 7936 270 0 ]
[ 22 9472 8064 270 0 ]
[ 22 5504 7808 270 0 ]
[ 22 5504 7936 270 0 ]
[ 22 5504 8064 270 0 ]
[ 22 5632 7808 270 0 ]
[ 22 5632 7936 270 0 ]
[ 22 5632 8064 270 0 ]
[ 22 5760 7808 270 0 ]
[ 22 5760 7936 270 0 ]
[ 22 5760 8064 270 0 ]
[ 22 5888 7808 270 0 ]
[ 22 5888 8064 270 0 ]
[ 22 5888 7936 270 0 ]
[ 22 9856 7808 270 0 ]
[ 4 7552 7680 270 0 ]
[ 4 7680 7680 270 0 ]
[ 4 7808 7680 270 0 ]
[ 9 7680 7552 270 1 ]
[ 9 7552 7552 270 1 ]
[ 9 7552 7424 270 1 ]
[ 9 7808 7424 270 3 ]
[ 9 7808 7296 270 3 ]
[ 9 7808 7552 270 2 ]
[ 9 7552 7296 270 0 ]
[ 9 7680 7296 270 4 ]
[ 9 7680 7552 270 1 ]
[ 9 7552 7552 270 1 ]
[ 9 7552 7424 270 1 ]
[ 9 7808 7424 270 3 ]
[ 9 7808 7296 270 3 ]
[ 9 7808 7552 270 2 ]
[ 9 7552 7296 270 0 ]
[ 9 7680 7296 270 4 ]
[ 8 7680 7424 2 ]
[ 39 14464 12160 0 barmode 0 1 ]
[ 39 14591 12160 0 barmode 0 1 ]
[ 39 14720 12160 0 barmode 0 1 ]
[ 22 12928 11776 270 0 ]
[ 22 12928 11904 270 0 ]
[ 22 12928 12032 270 0 ]
[ 22 13056 11776 270 0 ]
[ 22 13056 11904 270 0 ]
[ 22 13056 12032 270 0 ]
[ 22 13184 11776 270 0 ]
[ 22 13184 11904 270 0 ]
[ 22 13184 12032 270 0 ]
[ 22 13312 11776 270 0 ]
[ 22 13312 12032 270 0 ]
[ 22 13440 11776 270 0 ]
[ 22 13440 11904 270 0 ]
[ 22 13440 12032 270 0 ]
[ 22 13568 11776 270 0 ]
[ 22 13568 11904 270 0 ]
[ 22 13568 12032 270 0 ]
[ 22 13696 11776 270 0 ]
[ 22 13696 11904 270 0 ]
[ 22 13696 12032 270 0 ]
[ 22 13824 11776 270 0 ]
[ 22 13824 11904 270 0 ]
[ 22 13824 12032 270 0 ]
[ 22 13952 11776 270 0 ]
[ 22 13952 11904 270 0 ]
[ 22 13952 12032 270 0 ]
[ 22 14080 11776 270 0 ]
[ 22 14080 11904 270 0 ]
[ 22 14080 12032 270 0 ]
[ 22 14208 11776 270 0 ]
[ 22 14208 11904 270 0 ]
[ 22 14208 12032 270 0 ]
[ 22 14336 11776 270 0 ]
[ 22 14336 11904 270 0 ]
[ 22 14336 12032 270 0 ]
[ 22 14464 11776 270 0 ]
[ 22 14464 11904 270 0 ]
[ 22 14464 12032 270 0 ]
[ 22 14592 11776 270 0 ]
[ 22 14592 11904 270 0 ]
[ 22 14592 12032 270 0 ]
[ 22 14720 11776 270 0 ]
[ 22 14720 11904 270 0 ]
[ 22 14720 12032 270 0 ]
[ 22 14848 11776 270 0 ]
[ 22 14848 11904 270 0 ]
[ 22 14848 12032 270 0 ]
[ 22 14976 11776 270 0 ]
[ 22 14976 11904 270 0 ]
[ 22 14976 12032 270 0 ]
[ 22 15104 11776 270 0 ]
[ 22 15104 11904 270 0 ]
[ 22 15104 12032 270 0 ]
[ 22 15231 11776 270 0 ]
[ 22 15231 11904 270 0 ]
[ 22 15231 12032 270 0 ]
[ 22 15360 11776 270 0 ]
[ 22 15360 11904 270 0 ]
[ 22 15360 12032 270 0 ]
[ 22 15488 11776 270 0 ]
[ 22 15488 11904 270 0 ]
[ 22 15488 12032 270 0 ]
[ 22 15616 11776 270 0 ]
[ 22 15616 11904 270 0 ]
[ 22 15616 12032 270 0 ]
[ 22 15744 11776 270 0 ]
[ 22 15744 11904 270 0 ]
[ 22 15744 12032 270 0 ]
[ 22 15872 11776 270 0 ]
[ 22 15872 11904 270 0 ]
[ 22 15872 12032 270 0 ]
[ 22 16512 11776 270 0 ]
[ 22 16512 11904 270 0 ]
[ 22 16512 12032 270 0 ]
[ 22 16640 11776 270 0 ]
[ 22 16640 11904 270 0 ]
[ 22 16640 12032 270 0 ]
[ 22 16768 11904 270 0 ]
[ 22 16768 12032 270 0 ]
[ 22 13312 11904 270 0 ]
[ 22 16000 11776 270 0 ]
[ 22 16000 11904 270 0 ]
[ 22 16000 12032 270 0 ]
[ 22 16128 11776 270 0 ]
[ 22 16128 11904 270 0 ]
[ 22 16128 12032 270 0 ]
[ 22 16256 11776 270 0 ]
[ 22 16256 11904 270 0 ]
[ 22 16256 12032 270 0 ]
[ 22 16384 11776 270 0 ]
[ 22 16384 11904 270 0 ]
[ 22 16384 12032 270 0 ]
[ 22 12416 11776 270 0 ]
[ 22 12416 11904 270 0 ]
[ 22 12416 12032 270 0 ]
[ 22 12544 11776 270 0 ]
[ 22 12544 11904 270 0 ]
[ 22 12544 12032 270 0 ]
[ 22 12672 11776 270 0 ]
[ 22 12672 11904 270 0 ]
[ 22 12672 12032 270 0 ]
[ 22 12800 11776 270 0 ]
[ 22 12800 12032 270 0 ]
[ 22 12800 11904 270 0 ]
[ 22 16768 11776 270 0 ]
[ 4 14464 11648 270 0 ]
[ 4 14592 11648 270 0 ]
[ 4 14720 11648 270 0 ]
[ 9 14592 11520 270 1 ]
[ 9 14464 11520 270 1 ]
[ 9 14592 11392 270 0 ]
[ 9 14464 11392 270 1 ]
[ 9 14720 11392 270 3 ]
[ 9 14720 11264 270 3 ]
[ 9 14720 11520 270 2 ]
[ 9 14464 11264 270 0 ]
[ 9 14592 11264 270 4 ]
[ 4 12416 12160 270 0 ]
[ 4 12544 12160 270 0 ]
[ 4 12672 12160 270 0 ]
[ 39 20608 12160 0 barmode 0 1 ]
[ 39 20735 12160 0 barmode 0 1 ]
[ 39 20864 12160 0 barmode 0 1 ]
[ 22 19072 11776 270 0 ]
[ 22 19072 11904 270 0 ]
[ 22 19072 12032 270 0 ]
[ 22 19200 11776 270 0 ]
[ 22 19200 11904 270 0 ]
[ 22 19200 12032 270 0 ]
[ 22 19328 11776 270 0 ]
[ 22 19328 11904 270 0 ]
[ 22 19328 12032 270 0 ]
[ 22 19456 11776 270 0 ]
[ 22 19456 12032 270 0 ]
[ 22 19584 11776 270 0 ]
[ 22 19584 11904 270 0 ]
[ 22 19584 12032 270 0 ]
[ 22 19712 11776 270 0 ]
[ 22 19712 11904 270 0 ]
[ 22 19712 12032 270 0 ]
[ 22 19840 11776 270 0 ]
[ 22 19840 11904 270 0 ]
[ 22 19840 12032 270 0 ]
[ 22 19968 11776 270 0 ]
[ 22 19968 11904 270 0 ]
[ 22 19968 12032 270 0 ]
[ 22 20096 11776 270 0 ]
[ 22 20096 11904 270 0 ]
[ 22 20096 12032 270 0 ]
[ 22 20224 11776 270 0 ]
[ 22 20224 11904 270 0 ]
[ 22 20224 12032 270 0 ]
[ 22 20352 11776 270 0 ]
[ 22 20352 11904 270 0 ]
[ 22 20352 12032 270 0 ]
[ 22 20480 11776 270 0 ]
[ 22 20480 11904 270 0 ]
[ 22 20480 12032 270 0 ]
[ 22 20608 11776 270 0 ]
[ 22 20608 11904 270 0 ]
[ 22 20608 12032 270 0 ]
[ 22 20736 11776 270 0 ]
[ 22 20736 11904 270 0 ]
[ 22 20736 12032 270 0 ]
[ 22 20864 11776 270 0 ]
[ 22 20864 11904 270 0 ]
[ 22 20864 12032 270 0 ]
[ 22 20992 11776 270 0 ]
[ 22 20992 11904 270 0 ]
[ 22 20992 12032 270 0 ]
[ 22 21120 11776 270 0 ]
[ 22 21120 11904 270 0 ]
[ 22 21120 12032 270 0 ]
[ 22 21248 11776 270 0 ]
[ 22 21248 11904 270 0 ]
[ 22 21248 12032 270 0 ]
[ 22 21375 11776 270 0 ]
[ 22 21375 11904 270 0 ]
[ 22 21375 12032 270 0 ]
[ 22 21504 11776 270 0 ]
[ 22 21504 11904 270 0 ]
[ 22 21504 12032 270 0 ]
[ 22 21632 11776 270 0 ]
[ 22 21632 11904 270 0 ]
[ 22 21632 12032 270 0 ]
[ 22 21760 11776 270 0 ]
[ 22 21760 11904 270 0 ]
[ 22 21760 12032 270 0 ]
[ 22 21888 11776 270 0 ]
[ 22 21888 11904 270 0 ]
[ 22 21888 12032 270 0 ]
[ 22 22016 11776 270 0 ]
[ 22 22016 11904 270 0 ]
[ 22 22016 12032 270 0 ]
[ 22 22656 11776 270 0 ]
[ 22 22656 11904 270 0 ]
[ 22 22656 12032 270 0 ]
[ 22 22784 11776 270 0 ]
[ 22 22784 11904 270 0 ]
[ 22 22784 12032 270 0 ]
[ 22 22912 11904 270 0 ]
[ 22 22912 12032 270 0 ]
[ 22 23168 11776 270 0 ]
[ 22 23168 11904 270 0 ]
[ 22 23168 12032 270 0 ]
[ 22 23296 11776 270 0 ]
[ 22 23296 11904 270 0 ]
[ 22 23296 12032 270 0 ]
[ 22 23424 11776 270 0 ]
[ 22 23424 11904 270 0 ]
[ 22 23424 12032 270 0 ]
[ 4 23424 12160 270 0 ]
[ 4 23296 12160 270 0 ]
[ 4 23168 12160 270 0 ]
[ 22 19456 11904 270 0 ]
[ 22 22144 11776 270 0 ]
[ 22 22144 11904 270 0 ]
[ 22 22144 12032 270 0 ]
[ 22 22272 11776 270 0 ]
[ 22 22272 11904 270 0 ]
[ 22 22272 12032 270 0 ]
[ 22 22400 11776 270 0 ]
[ 22 22400 11904 270 0 ]
[ 22 22400 12032 270 0 ]
[ 22 22528 11776 270 0 ]
[ 22 22528 11904 270 0 ]
[ 22 22528 12032 270 0 ]
[ 22 18560 11776 270 0 ]
[ 22 18560 11904 270 0 ]
[ 22 18560 12032 270 0 ]
[ 22 18688 11776 270 0 ]
[ 22 18688 11904 270 0 ]
[ 22 18688 12032 270 0 ]
[ 22 18816 11776 270 0 ]
[ 22 18816 11904 270 0 ]
[ 22 18816 12032 270 0 ]
[ 22 18944 11776 270 0 ]
[ 22 18944 12032 270 0 ]
[ 22 18944 11904 270 0 ]
[ 22 22912 11776 270 0 ]
[ 22 23040 11904 270 0 ]
[ 22 23040 12032 270 0 ]
[ 22 23040 11776 270 0 ]
[ 9 23423 12416 270 2 ]
[ 9 23423 12544 270 2 ]
[ 9 23296 12544 270 1 ]
[ 9 23168 12544 270 4 ]
[ 9 23168 12416 270 1 ]
[ 9 23168 12288 270 1 ]
[ 9 23296 12288 270 4 ]
[ 9 23423 12288 270 5 ]
[ 7 23296 12416 4 ]
[ 4 20608 11648 270 0 ]
[ 4 20736 11648 270 0 ]
[ 4 20864 11648 270 0 ]
[ 9 20736 11520 270 1 ]
[ 9 20608 11520 270 1 ]
[ 9 20736 11392 270 0 ]
[ 9 20608 11392 270 1 ]
[ 9 20864 11392 270 3 ]
[ 9 20864 11264 270 3 ]
[ 9 20864 11520 270 2 ]
[ 9 20608 11264 270 0 ]
[ 9 20736 11264 270 4 ]
[ 9 20736 11520 270 1 ]
[ 9 20608 11520 270 1 ]
[ 9 20736 11392 270 0 ]
[ 9 20608 11392 270 1 ]
[ 9 20864 11392 270 3 ]
[ 9 20864 11264 270 3 ]
[ 9 20864 11520 270 2 ]
[ 9 20608 11264 270 0 ]
[ 9 20736 11264 270 4 ]
[ 8 640 256 4 ]
[ 21 3200 12288 0 0 ]
[ 21 3072 12288 0 0 ]
[ 21 3072 12416 0 0 ]
[ 21 3072 12544 0 0 ]
[ 21 3200 12544 0 0 ]
[ 21 3200 12416 0 0 ]
[ 21 3328 12288 0 0 ]
[ 21 3328 12416 0 0 ]
[ 21 3328 12544 0 0 ]
[ 21 12672 12288 0 0 ]
[ 21 12672 12416 0 0 ]
[ 21 12544 12544 0 0 ]
[ 21 12416 12544 0 0 ]
[ 21 12416 12416 0 0 ]
[ 21 12672 12544 0 0 ]
[ 21 12544 12288 0 0 ]
[ 21 12416 12288 0 0 ]
[ 6 14464 12288 0 0 ]
[ 6 14592 12288 0 0 ]
[ 6 14720 12288 0 0 ]
[ 21 14592 12288 0 0 ]
[ 21 14720 12288 0 0 ]
[ 21 14464 12288 0 0 ]
[ 21 14464 12416 0 0 ]
[ 21 14592 12416 0 0 ]
[ 21 14720 12416 0 0 ]
[ 21 14720 12544 0 0 ]
[ 21 14464 12544 0 0 ]
[ 21 14592 12544 0 0 ]
[ 21 14592 12544 0 0 ]
[ 21 14720 12672 0 0 ]
[ 21 14592 12672 0 0 ]
[ 21 14464 12800 0 0 ]
[ 21 14464 12672 0 0 ]
[ 21 14592 12800 0 0 ]
[ 21 14592 13056 0 0 ]
[ 21 14720 12800 0 0 ]
[ 21 14720 12928 0 0 ]
[ 21 14464 12928 0 0 ]
[ 21 14464 13056 0 0 ]
[ 21 14592 12928 0 0 ]
[ 21 14720 13056 0 0 ]
[ 21 14464 13184 0 0 ]
[ 21 14592 13184 0 0 ]
[ 21 14720 13184 0 0 ]
[ 21 14720 13312 0 0 ]
[ 21 14464 13312 0 0 ]
[ 21 14592 13312 0 0 ]
[ 21 14592 13312 0 0 ]
[ 21 14720 13440 0 0 ]
[ 21 14592 13440 0 0 ]
[ 21 14464 13568 0 0 ]
[ 21 14464 13440 0 0 ]
[ 21 14592 13568 0 0 ]
[ 21 14592 13824 0 0 ]
[ 21 14720 13568 0 0 ]
[ 21 14720 13696 0 0 ]
[ 21 14464 13696 0 0 ]
[ 21 14464 13824 0 0 ]
[ 21 14592 13696 0 0 ]
[ 21 14720 13824 0 0 ]
[ 21 14464 13952 0 0 ]
[ 21 14592 13952 0 0 ]
[ 21 14720 13952 0 0 ]
[ 21 14720 14080 0 0 ]
[ 21 14464 14080 0 0 ]
[ 21 14592 14080 0 0 ]
[ 21 14592 14080 0 0 ]
[ 21 14720 14208 0 0 ]
[ 21 14592 14208 0 0 ]
[ 21 14464 14336 0 0 ]
[ 21 14464 14208 0 0 ]
[ 21 14592 14336 0 0 ]
[ 21 14592 14592 0 0 ]
[ 21 14720 14336 0 0 ]
[ 21 14720 14464 0 0 ]
[ 21 14464 14464 0 0 ]
[ 21 14464 14592 0 0 ]
[ 21 14592 14464 0 0 ]
[ 21 14720 14592 0 0 ]
[ 6 7424 12288 0 0 ]
[ 6 7552 12288 0 0 ]
[ 6 7680 12288 0 0 ]
[ 21 7552 12288 0 0 ]
[ 21 7680 12288 0 0 ]
[ 21 7424 12288 0 0 ]
[ 21 7424 12416 0 0 ]
[ 21 7552 12416 0 0 ]
[ 21 7680 12416 0 0 ]
[ 21 7680 12544 0 0 ]
[ 21 7424 12544 0 0 ]
[ 21 7552 12544 0 0 ]
[ 21 7552 12544 0 0 ]
[ 21 7680 12672 0 0 ]
[ 21 7552 12672 0 0 ]
[ 21 7424 12800 0 0 ]
[ 21 7424 12672 0 0 ]
[ 21 7552 12800 0 0 ]
[ 21 7552 13056 0 0 ]
[ 21 7680 12800 0 0 ]
[ 21 7680 12928 0 0 ]
[ 21 7424 12928 0 0 ]
[ 21 7424 13056 0 0 ]
[ 21 7552 12928 0 0 ]
[ 21 7680 13056 0 0 ]
[ 21 7424 13184 0 0 ]
[ 21 7552 13184 0 0 ]
[ 21 7680 13184 0 0 ]
[ 21 7680 13312 0 0 ]
[ 21 7424 13312 0 0 ]
[ 21 7552 13312 0 0 ]
[ 21 7552 13312 0 0 ]
[ 21 7680 13440 0 0 ]
[ 21 7552 13440 0 0 ]
[ 21 7424 13568 0 0 ]
[ 21 7424 13440 0 0 ]
[ 21 7552 13568 0 0 ]
[ 21 7552 13824 0 0 ]
[ 21 7680 13568 0 0 ]
[ 21 7680 13696 0 0 ]
[ 21 7424 13696 0 0 ]
[ 21 7424 13824 0 0 ]
[ 21 7552 13696 0 0 ]
[ 21 7680 13824 0 0 ]
[ 21 7424 13952 0 0 ]
[ 21 7552 13952 0 0 ]
[ 21 7680 13952 0 0 ]
[ 21 7680 14080 0 0 ]
[ 21 7424 14080 0 0 ]
[ 21 7552 14080 0 0 ]
[ 21 7552 14080 0 0 ]
[ 21 7680 14208 0 0 ]
[ 21 7552 14208 0 0 ]
[ 21 7424 14336 0 0 ]
[ 21 7424 14208 0 0 ]
[ 21 7552 14336 0 0 ]
[ 21 7680 14336 0 0 ]
[ 21 7680 14464 0 0 ]
[ 21 7424 14464 0 0 ]
[ 21 7552 14464 0 0 ]
[ 6 512 12288 0 0 ]
[ 6 640 12288 0 0 ]
[ 6 768 12288 0 0 ]
[ 21 640 12288 0 0 ]
[ 21 768 12288 0 0 ]
[ 21 512 12288 0 0 ]
[ 21 512 12416 0 0 ]
[ 21 640 12416 0 0 ]
[ 21 768 12416 0 0 ]
[ 21 768 12544 0 0 ]
[ 21 512 12544 0 0 ]
[ 21 640 12544 0 0 ]
[ 21 640 12544 0 0 ]
[ 21 768 12672 0 0 ]
[ 21 640 12672 0 0 ]
[ 21 512 12800 0 0 ]
[ 21 512 12672 0 0 ]
[ 21 640 12800 0 0 ]
[ 21 640 13056 0 0 ]
[ 21 768 12800 0 0 ]
[ 21 768 12928 0 0 ]
[ 21 512 12928 0 0 ]
[ 21 512 13056 0 0 ]
[ 21 640 12928 0 0 ]
[ 21 768 13056 0 0 ]
[ 21 512 13184 0 0 ]
[ 21 640 13184 0 0 ]
[ 21 768 13184 0 0 ]
[ 21 768 13312 0 0 ]
[ 21 512 13312 0 0 ]
[ 21 640 13312 0 0 ]
[ 21 640 13312 0 0 ]
[ 21 768 13440 0 0 ]
[ 21 640 13440 0 0 ]
[ 21 512 13568 0 0 ]
[ 21 512 13440 0 0 ]
[ 21 640 13568 0 0 ]
[ 21 640 13824 0 0 ]
[ 21 768 13568 0 0 ]
[ 21 768 13696 0 0 ]
[ 21 512 13696 0 0 ]
[ 21 512 13824 0 0 ]
[ 21 640 13696 0 0 ]
[ 21 768 13824 0 0 ]
[ 21 512 13952 0 0 ]
[ 21 640 13952 0 0 ]
[ 21 768 13952 0 0 ]
[ 21 768 14080 0 0 ]
[ 21 512 14080 0 0 ]
[ 21 640 14080 0 0 ]
[ 21 640 14080 0 0 ]
[ 21 768 14208 0 0 ]
[ 21 640 14208 0 0 ]
[ 21 512 14336 0 0 ]
[ 21 512 14208 0 0 ]
[ 21 640 14336 0 0 ]
[ 21 768 14336 0 0 ]
[ 21 768 14464 0 0 ]
[ 21 512 14464 0 0 ]
[ 21 640 14464 0 0 ]
[ 6 20608 12288 0 0 ]
[ 6 20736 12288 0 0 ]
[ 6 20864 12288 0 0 ]
[ 21 20736 12288 0 0 ]
[ 21 20864 12288 0 0 ]
[ 21 20608 12288 0 0 ]
[ 21 20608 12416 0 0 ]
[ 21 20736 12416 0 0 ]
[ 21 20864 12416 0 0 ]
[ 21 20864 12544 0 0 ]
[ 21 20608 12544 0 0 ]
[ 21 20736 12544 0 0 ]
[ 21 20736 12544 0 0 ]
[ 21 20864 12672 0 0 ]
[ 21 20736 12672 0 0 ]
[ 21 20608 12800 0 0 ]
[ 21 20608 12672 0 0 ]
[ 21 20736 12800 0 0 ]
[ 21 20736 13056 0 0 ]
[ 21 20864 12800 0 0 ]
[ 21 20864 12928 0 0 ]
[ 21 20608 12928 0 0 ]
[ 21 20608 13056 0 0 ]
[ 21 20736 12928 0 0 ]
[ 21 20864 13056 0 0 ]
[ 21 20608 13184 0 0 ]
[ 21 20736 13184 0 0 ]
[ 21 20864 13184 0 0 ]
[ 21 20864 13312 0 0 ]
[ 21 20608 13312 0 0 ]
[ 21 20736 13312 0 0 ]
[ 21 20736 13312 0 0 ]
[ 21 20864 13440 0 0 ]
[ 21 20736 13440 0 0 ]
[ 21 20608 13568 0 0 ]
[ 21 20608 13440 0 0 ]
[ 21 20736 13568 0 0 ]
[ 21 20736 13824 0 0 ]
[ 21 20864 13568 0 0 ]
[ 21 20864 13696 0 0 ]
[ 21 20608 13696 0 0 ]
[ 21 20608 13824 0 0 ]
[ 21 20736 13696 0 0 ]
[ 21 20864 13824 0 0 ]
[ 21 20608 13952 0 0 ]
[ 21 20736 13952 0 0 ]
[ 21 20864 13952 0 0 ]
[ 21 20864 14080 0 0 ]
[ 21 20608 14080 0 0 ]
[ 21 20736 14080 0 0 ]
[ 21 20736 14080 0 0 ]
[ 21 20864 14208 0 0 ]
[ 21 20736 14208 0 0 ]
[ 21 20608 14336 0 0 ]
[ 21 20608 14208 0 0 ]
[ 21 20736 14336 0 0 ]
[ 21 20736 14592 0 0 ]
[ 21 20864 14336 0 0 ]
[ 21 20864 14464 0 0 ]
[ 21 20608 14464 0 0 ]
[ 21 20608 14592 0 0 ]
[ 21 20736 14464 0 0 ]
[ 21 20864 14592 0 0 ]
[ 10 20736 14720 90 0 ]
[ 10 20864 14720 90 0 ]
[ 10 20608 14720 90 0 ]
[ 6 20608 14848 180 0 ]
[ 6 20608 14976 180 0 ]
[ 6 20608 15104 180 0 ]
[ 6 20736 15104 180 0 ]
[ 6 20736 14976 180 0 ]
[ 6 20736 14848 180 0 ]
[ 6 20864 14848 180 0 ]
[ 6 20864 14976 180 0 ]
[ 6 20864 15104 180 0 ]
[ 10 14592 14720 90 0 ]
[ 10 14720 14720 90 0 ]
[ 10 14464 14720 90 0 ]
[ 6 14464 14848 180 0 ]
[ 6 14464 14976 180 0 ]
[ 6 14464 15104 180 0 ]
[ 6 14592 15104 180 0 ]
[ 6 14592 14976 180 0 ]
[ 6 14592 14848 180 0 ]
[ 6 14720 14848 180 0 ]
[ 6 14720 14976 180 0 ]
[ 6 14720 15104 180 0 ]
[ 10 7552 14592 90 0 ]
[ 10 7680 14592 90 0 ]
[ 10 7424 14592 90 0 ]
[ 6 7424 14720 180 0 ]
[ 6 7424 14848 180 0 ]
[ 6 7424 14976 180 0 ]
[ 6 7552 14976 180 0 ]
[ 6 7552 14848 180 0 ]
[ 6 7552 14720 180 0 ]
[ 6 7680 14720 180 0 ]
[ 6 7680 14848 180 0 ]
[ 6 7680 14976 180 0 ]
[ 10 640 14592 90 0 ]
[ 10 768 14592 90 0 ]
[ 10 512 14592 90 0 ]
[ 6 512 14720 180 0 ]
[ 6 512 14848 180 0 ]
[ 6 512 14976 180 0 ]
[ 6 640 14976 180 0 ]
[ 6 640 14848 180 0 ]
[ 6 640 14720 180 0 ]
[ 6 768 14720 180 0 ]
[ 6 768 14848 180 0 ]
[ 6 768 14976 180 0 ]
[ 8 640 256 3 ]
[ 7 -384 -7040 3 ]
[ 9 -512 -7168 90 5 ]
[ 9 -384 -7168 90 2 ]
[ 9 -256 -7168 90 1 ]
[ 9 -256 -7040 90 3 ]
[ 9 -256 -6912 90 4 ]
[ 9 -384 -6912 90 4 ]
[ 9 -512 -6912 90 3 ]
[ 9 -512 -7040 90 5 ]
[ 19 -640 -6912 180 0 ]
[ 19 -640 -7040 180 1 ]
[ 19 -640 -7168 180 0 ]
[ 4 -640 -7168 180 0 ]
[ 4 -640 -7040 180 0 ]
[ 4 -640 -6912 180 0 ]
[ 19 -1664 -7168 360 0 ]
[ 19 -1664 -7040 0 0 ]
[ 19 -1664 -6912 0 0 ]
[ 4 -1664 -7168 0 0 ]
[ 4 -1664 -7040 0 0 ]
[ 4 -1664 -6912 0 0 ]
[ 22 -2048 -7168 0 0 ]
[ 22 -1920 -7168 0 0 ]
[ 22 -2048 -6912 0 0 ]
[ 22 -2048 -7040 0 0 ]
[ 22 -1920 -7040 0 0 ]
[ 22 -1920 -6912 0 0 ]
[ 22 -1792 -6912 0 0 ]
[ 22 -1792 -7040 0 0 ]
[ 22 -1792 -7168 0 0 ]
[ 22 -1536 -6912 0 0 ]
[ 22 -1408 -6912 0 0 ]
[ 22 -1280 -6912 0 0 ]
[ 22 -1152 -6912 0 0 ]
[ 22 -1024 -6912 0 0 ]
[ 22 -896 -6912 0 0 ]
[ 22 -768 -6912 0 0 ]
[ 22 -768 -7040 0 0 ]
[ 22 -768 -7168 0 0 ]
[ 22 -896 -7168 0 0 ]
[ 22 -1024 -7168 0 0 ]
[ 22 -1152 -7168 0 0 ]
[ 22 -1280 -7168 0 0 ]
[ 22 -1408 -7168 0 0 ]
[ 22 -1536 -7168 0 0 ]
[ 22 -1536 -7040 0 0 ]
[ 22 -1408 -7040 0 0 ]
[ 22 -1280 -7040 0 0 ]
[ 22 -1152 -7040 0 0 ]
[ 22 -1024 -7040 0 0 ]
[ 22 -896 -7040 0 0 ]
[ 100 640 256 235 ]
[ 100 640 256 235 ]
[ 100 640 256 235 ]
[ 100 640 256 235 ]
[ 100 640 256 235 ]
[ 100 640 256 235 ]
[ 100 640 256 235 ]
[ 100 640 256 235 ]
[ 100 640 640 1400 ]
[ 100 2176 768 730 ]
[ 100 2175 768 730 ]
[ 100 -896 768 730 ]
[ 100 -896 768 730 ]
[ 102 128 768 320 0 3840 ]
[ 102 127 7936 256 0 3968 ]
[ 102 1152 7936 256 6912 3968 ]
[ 102 1152 768 217 7040 3840 ]
[ 102 8192 7936 256 6912 3968 ]
[ 102 7168 7936 256 13056 3968 ]
[ 100 640 256 235 ]
[ 100 640 256 235 ]
[ 100 640 256 235 ]
[ 100 640 256 235 ]
[ 100 640 256 235 ]
[ 100 640 256 235 ]
[ 100 640 256 235 ]
[ 100 640 256 235 ]
[ 100 640 256 235 ]
[ 100 640 256 235 ]
[ 100 640 256 235 ]
[ 100 640 256 235 ]
[ 100 640 7424 235 ]
[ 100 640 7424 235 ]
[ 100 640 7424 235 ]
[ 100 640 7424 235 ]
[ 100 640 7424 235 ]
[ 100 640 7424 235 ]
[ 100 640 7424 235 ]
[ 100 640 7424 235 ]
[ 100 640 7424 235 ]
[ 100 640 7424 235 ]
[ 100 640 7424 235 ]
[ 100 640 7424 235 ]
[ 100 640 7424 235 ]
[ 100 640 7424 235 ]
[ 100 640 7424 235 ]
[ 100 640 7424 235 ]
[ 100 640 7424 235 ]
[ 100 640 7424 235 ]
[ 100 640 7424 235 ]
[ 100 640 7424 235 ]
[ 100 640 7424 235 ]
[ 100 640 7424 235 ]
[ 100 640 7424 235 ]
[ 100 7680 7424 235 ]
[ 100 7680 7424 235 ]
[ 100 7680 7424 235 ]
[ 100 7680 7424 235 ]
[ 100 7680 7424 235 ]
[ 100 7680 7424 235 ]
[ 100 7680 7424 235 ]
[ 100 7680 7424 235 ]
[ 100 7680 7424 235 ]
[ 100 7680 7424 235 ]
[ 100 7680 7424 235 ]
[ 100 7680 7424 235 ]
[ 100 7680 7424 235 ]
[ 100 7680 7424 235 ]
[ 100 7680 7424 235 ]
[ 100 7680 7424 235 ]
[ 100 7680 7424 235 ]
[ 100 7680 7424 235 ]
[ 100 7680 7424 235 ]
[ 100 7680 7424 235 ]
[ 100 -896 4608 1400 ]
[ 100 8960 4608 1120 ]
[ 100 -640 11904 1120 ]
[ 100 8832 11904 1120 ]
[ 100 2304 4608 1400 ]
[ 100 6272 4608 1074 ]
[ 100 6272 11904 1074 ]
[ 100 2304 11904 1342 ]
[ 104 -1848 -7266 East-West_room_(Superliminal) ]
[ 100 -1152 -7040 1342 ]
Electric
PLayer -1903.68 -7073.71