Does_not_exist
Map_basic
[ 8 -768 384 0 0 ]
[ 8 -256 384 0 0 ]
[ 8 -769 896 0 0 ]
[ 8 -256 896 0 0 ]
[ 9 -641 384 0 0 ]
[ 9 -384 384 0 0 ]
[ 9 1152 384 0 0 ]
[ 9 1024 384 0 0 ]
[ 9 896 384 0 0 ]
[ 9 1408 384 0 0 ]
[ 9 1536 384 0 0 ]
[ 9 1664 384 0 0 ]
[ 9 -641 896 0 0 ]
[ 9 -384 896 0 0 ]
[ 9 896 896 0 0 ]
[ 9 1024 896 0 0 ]
[ 9 1152 896 0 0 ]
[ 9 1408 896 0 0 ]
[ 9 1536 896 0 0 ]
[ 9 1664 896 0 0 ]
[ 9 1919 384 0 0 ]
[ 9 2048 384 0 0 ]
[ 9 1919 896 0 0 ]
[ 9 2048 896 0 0 ]
[ 9 2432 384 0 0 ]
[ 9 2560 384 0 0 ]
[ 9 2432 896 0 0 ]
[ 9 2688 384 0 0 ]
[ 9 2944 384 0 0 ]
[ 9 2560 896 0 0 ]
[ 9 2688 896 0 0 ]
[ 9 2944 896 0 0 ]
[ 8 2304 384 0 0 ]
[ 8 2304 896 0 0 ]
[ 9 2176 896 0 0 ]
[ 9 2176 384 0 0 ]
[ 8 2816 384 0 0 ]
[ 8 2816 896 0 0 ]
[ 9 3072 384 0 0 ]
[ 9 3200 384 0 0 ]
[ 9 3072 896 0 0 ]
[ 9 3200 896 0 0 ]
[ 8 3328 896 0 0 ]
[ 8 3328 384 0 0 ]
[ 9 -768 512 90 0 ]
[ 9 -768 640 90 0 ]
[ 9 -768 768 90 0 ]
[ 3 -512 896 0 0 ]
[ 3 -512 384 0 0 ]
[ 8 3840 384 0 0 ]
[ 8 3840 896 0 0 ]
[ 8 4352 384 0 0 ]
[ 8 4352 895 0 0 ]
[ 9 3712 384 0 0 ]
[ 9 3584 384 0 0 ]
[ 9 3456 384 0 0 ]
[ 9 3968 384 0 0 ]
[ 9 4096 384 0 0 ]
[ 9 4224 384 0 0 ]
[ 9 3456 896 0 0 ]
[ 9 3584 896 0 0 ]
[ 9 3712 896 0 0 ]
[ 9 3968 896 0 0 ]
[ 9 4096 896 0 0 ]
[ 9 4224 896 0 0 ]
[ 9 4479 384 0 0 ]
[ 9 4608 384 0 0 ]
[ 9 4479 896 0 0 ]
[ 9 4608 896 0 0 ]
[ 9 4992 384 0 0 ]
[ 9 5120 384 0 0 ]
[ 9 4992 896 0 0 ]
[ 9 5248 384 0 0 ]
[ 9 5504 384 0 0 ]
[ 9 5120 896 0 0 ]
[ 9 5248 896 0 0 ]
[ 9 5504 896 0 0 ]
[ 8 4864 384 0 0 ]
[ 8 4864 896 0 0 ]
[ 9 4736 896 0 0 ]
[ 9 4736 384 0 0 ]
[ 8 5376 384 0 0 ]
[ 8 5376 896 0 0 ]
[ 9 5632 384 0 0 ]
[ 9 5760 384 0 0 ]
[ 9 5632 896 0 0 ]
[ 9 5760 896 0 0 ]
[ 8 5888 896 0 0 ]
[ 8 5888 384 0 0 ]
[ 8 768 3328 0 0 ]
[ 8 768 3840 0 0 ]
[ 8 1280 3328 0 0 ]
[ 8 1280 3840 0 0 ]
[ 8 1792 3328 0 0 ]
[ 8 1792 3839 0 0 ]
[ 9 1152 3328 0 0 ]
[ 9 1024 3328 0 0 ]
[ 9 896 3328 0 0 ]
[ 9 1408 3328 0 0 ]
[ 9 1536 3328 0 0 ]
[ 9 1664 3328 0 0 ]
[ 9 896 3840 0 0 ]
[ 9 1024 3840 0 0 ]
[ 9 1152 3840 0 0 ]
[ 9 1408 3840 0 0 ]
[ 9 1536 3840 0 0 ]
[ 9 1664 3840 0 0 ]
[ 9 1919 3328 0 0 ]
[ 9 2048 3328 0 0 ]
[ 9 1919 3840 0 0 ]
[ 9 2048 3840 0 0 ]
[ 9 2432 3328 0 0 ]
[ 9 2560 3328 0 0 ]
[ 9 2432 3840 0 0 ]
[ 9 2688 3328 0 0 ]
[ 9 2944 3328 0 0 ]
[ 9 2560 3840 0 0 ]
[ 9 2688 3840 0 0 ]
[ 9 2944 3840 0 0 ]
[ 8 2304 3328 0 0 ]
[ 8 2304 3840 0 0 ]
[ 9 2176 3840 0 0 ]
[ 9 2176 3328 0 0 ]
[ 8 2816 3328 0 0 ]
[ 8 2816 3840 0 0 ]
[ 9 3072 3328 0 0 ]
[ 9 3200 3328 0 0 ]
[ 9 3072 3840 0 0 ]
[ 9 3200 3840 0 0 ]
[ 8 3328 3840 0 0 ]
[ 8 3328 3328 0 0 ]
[ 8 3840 3328 0 0 ]
[ 8 3840 3840 0 0 ]
[ 8 4352 3328 0 0 ]
[ 8 4352 3839 0 0 ]
[ 9 3712 3328 0 0 ]
[ 9 3584 3328 0 0 ]
[ 9 3456 3328 0 0 ]
[ 9 3968 3328 0 0 ]
[ 9 4096 3328 0 0 ]
[ 9 4224 3328 0 0 ]
[ 9 3456 3840 0 0 ]
[ 9 3584 3840 0 0 ]
[ 9 3712 3840 0 0 ]
[ 9 3968 3840 0 0 ]
[ 9 4096 3840 0 0 ]
[ 9 4224 3840 0 0 ]
[ 9 4479 3328 0 0 ]
[ 9 4608 3328 0 0 ]
[ 9 4479 3840 0 0 ]
[ 9 4608 3840 0 0 ]
[ 9 4992 3328 0 0 ]
[ 9 5120 3328 0 0 ]
[ 9 4992 3840 0 0 ]
[ 9 5248 3328 0 0 ]
[ 9 5504 3328 0 0 ]
[ 9 5120 3840 0 0 ]
[ 9 5248 3840 0 0 ]
[ 9 5504 3840 0 0 ]
[ 8 4864 3328 0 0 ]
[ 8 4864 3840 0 0 ]
[ 9 4736 3840 0 0 ]
[ 9 4736 3328 0 0 ]
[ 8 5376 3328 0 0 ]
[ 8 5376 3840 0 0 ]
[ 9 5632 3328 0 0 ]
[ 9 5760 3328 0 0 ]
[ 9 5632 3840 0 0 ]
[ 9 5760 3840 0 0 ]
[ 8 5888 3840 0 0 ]
[ 8 5888 3328 0 0 ]
[ 9 2304 3584 450 0 ]
[ 9 2304 3456 90 0 ]
[ 9 2304 3712 90 0 ]
[ 8 6400 3328 0 0 ]
[ 8 6400 3840 0 0 ]
[ 8 6912 3328 0 0 ]
[ 8 6912 3839 0 0 ]
[ 9 6272 3328 0 0 ]
[ 9 6144 3328 0 0 ]
[ 9 6016 3328 0 0 ]
[ 9 6528 3328 0 0 ]
[ 9 6656 3328 0 0 ]
[ 9 6784 3328 0 0 ]
[ 9 6016 3840 0 0 ]
[ 9 6144 3840 0 0 ]
[ 9 6272 3840 0 0 ]
[ 9 6528 3840 0 0 ]
[ 9 6656 3840 0 0 ]
[ 9 6784 3840 0 0 ]
[ 9 7039 3328 0 0 ]
[ 9 7168 3328 0 0 ]
[ 9 7039 3840 0 0 ]
[ 9 7168 3840 0 0 ]
[ 9 7552 3328 0 0 ]
[ 9 7680 3328 0 0 ]
[ 9 7552 3840 0 0 ]
[ 9 7808 3328 0 0 ]
[ 9 8064 3328 0 0 ]
[ 9 7680 3840 0 0 ]
[ 9 7808 3840 0 0 ]
[ 9 8064 3840 0 0 ]
[ 8 7424 3328 0 0 ]
[ 8 7424 3840 0 0 ]
[ 9 7296 3840 0 0 ]
[ 9 7296 3328 0 0 ]
[ 8 7936 3328 0 0 ]
[ 8 7936 3840 0 0 ]
[ 9 8192 3328 0 0 ]
[ 9 8320 3328 0 0 ]
[ 9 8192 3840 0 0 ]
[ 9 8320 3840 0 0 ]
[ 8 8448 3840 0 0 ]
[ 8 8448 3328 0 0 ]
[ 8 768 384 0 0 ]
[ 8 768 896 0 0 ]
[ 9 640 384 0 0 ]
[ 9 512 384 0 0 ]
[ 9 384 384 0 0 ]
[ 9 384 896 0 0 ]
[ 9 512 896 0 0 ]
[ 9 640 896 0 0 ]
[ 8 256 384 0 0 ]
[ 8 256 896 0 0 ]
[ 9 128 384 0 0 ]
[ 9 0 384 0 0 ]
[ 9 -128 384 0 0 ]
[ 8 256 3328 90 0 ]
[ 8 256 3840 90 0 ]
[ 8 -256 3328 90 0 ]
[ 8 -256 3840 90 0 ]
[ 8 -768 3328 90 0 ]
[ 8 -768 3840 90 0 ]
[ 9 640 3328 180 0 ]
[ 9 512 3328 180 0 ]
[ 9 384 3328 180 0 ]
[ 9 128 3328 180 0 ]
[ 9 0 3328 180 0 ]
[ 9 -128 3328 180 0 ]
[ 9 -640 3328 180 0 ]
[ 9 -512 3328 180 0 ]
[ 9 -384 3328 180 0 ]
[ 9 -640 3840 180 0 ]
[ 9 -512 3840 180 0 ]
[ 9 -384 3840 180 0 ]
[ 9 -128 3840 180 0 ]
[ 9 0 3840 180 0 ]
[ 9 128 3840 180 0 ]
[ 9 384 3840 180 0 ]
[ 9 512 3840 180 0 ]
[ 9 640 3840 180 0 ]
[ 9 256 3456 270 0 ]
[ 9 256 3584 270 0 ]
[ 9 256 3712 270 0 ]
[ 9 -256 3456 270 0 ]
[ 9 -256 3584 270 0 ]
[ 9 -256 3712 270 0 ]
[ 9 -768 3456 270 0 ]
[ 9 -768 3584 270 0 ]
[ 9 -768 3712 270 0 ]
[ 9 0 896 180 0 ]
[ 9 128 896 180 0 ]
[ 9 -128 896 180 0 ]
[ 1 1024 -1920 270 3 ]
[ 29 1280 -1920 0 0 ]
[ 1 1535 -1920 270 2 ]
[ 1 1535 -2432 0 4 ]
[ 1 1024 -2432 180 1 ]
[ 7 1280 -2432 180 0 ]
[ 7 1407 -2432 180 0 ]
[ 7 1152 -2432 180 0 ]
[ 7 1024 -2304 270 0 ]
[ 7 1024 -2048 270 0 ]
[ 7 1152 -1920 360 0 ]
[ 7 1407 -1920 0 0 ]
[ 1 1024 -2944 270 3 ]
[ 1 1536 -2944 90 4 ]
[ 1 2048 -2944 180 3 ]
[ 1 2048 -1920 270 4 ]
[ 7 1664 -1920 180 0 ]
[ 7 1792 -1920 180 0 ]
[ 7 1920 -1920 180 0 ]
[ 7 1024 -2816 270 0 ]
[ 7 1024 -2688 270 0 ]
[ 7 1024 -2560 270 0 ]
[ 7 1152 -2944 360 0 ]
[ 7 1280 -2944 0 0 ]
[ 7 1408 -2944 0 0 ]
[ 7 1664 -2944 0 0 ]
[ 7 1920 -2944 0 0 ]
[ 7 2048 -2816 90 0 ]
[ 7 2048 -2688 90 0 ]
[ 7 2048 -2560 90 0 ]
[ 2 2048 -2432 90 dmode 9 0 ]
[ 1 2560 -2944 0 5 ]
[ 1 2560 -2432 0 0 ]
[ 1 2560 -1920 0 2 ]
[ 7 2560 -2304 90 0 ]
[ 7 2560 -2048 90 0 ]
[ 7 2432 -1920 180 0 ]
[ 7 2176 -1920 180 0 ]
[ 7 2560 -2688 270 0 ]
[ 7 2560 -2560 270 0 ]
[ 7 2560 -2816 270 0 ]
[ 7 2432 -2944 360 0 ]
[ 7 2304 -2944 0 0 ]
[ 7 2176 -2944 0 0 ]
[ 2 1792 -2944 0 dmode 10 0 ]
[ 2 1024 -2176 90 dmode 11 0 ]
[ 18 2304 -2688 0 1 ]
[ 1 2304 -1920 90 4 ]
[ 1 2560 -2176 270 3 ]
[ 1 2304 -2176 180 3 ]
[ 3 2432 -2048 0 1 ]
[ 6 1280 383 0 0 ]
[ 13 1024 6144 90 0 ]
[ 13 1536 6144 90 0 ]
[ 13 1024 6656 90 0 ]
[ 13 2048 6144 90 0 ]
[ 13 2560 6656 90 0 ]
[ 13 2560 6144 90 0 ]
[ 13 1024 7168 90 0 ]
[ 13 2560 7168 90 0 ]
[ 12 1024 6272 90 2 ]
[ 12 1024 6400 90 0 ]
[ 12 1024 6528 90 1 ]
[ 12 1024 6784 90 2 ]
[ 12 1024 6912 90 0 ]
[ 12 1024 7040 90 1 ]
[ 12 2560 6784 90 2 ]
[ 12 2560 6912 90 0 ]
[ 12 2560 7040 90 1 ]
[ 12 2560 6272 90 2 ]
[ 12 2560 6400 90 0 ]
[ 12 2560 6528 90 1 ]
[ 12 1920 6144 180 2 ]
[ 12 1792 6144 180 0 ]
[ 12 1664 6144 180 1 ]
[ 12 2432 6144 180 2 ]
[ 12 2304 6144 180 0 ]
[ 12 2176 6144 180 1 ]
[ 12 1408 7168 180 2 ]
[ 12 1280 7168 180 0 ]
[ 12 1152 7168 180 1 ]
[ 12 2432 7168 180 2 ]
[ 12 2304 7168 180 0 ]
[ 12 1664 7168 180 1 ]
[ 12 1792 7168 180 0 ]
[ 12 1920 7168 180 0 ]
[ 12 2047 7168 180 0 ]
[ 12 2176 7168 180 0 ]
[ 12 1408 6656 180 2 ]
[ 12 1280 6656 180 0 ]
[ 12 1152 6656 180 1 ]
[ 3 1152 6912 0 3 ]
[ 3 1152 7040 0 3 ]
[ 3 1152 6784 0 3 ]
[ 13 2048 6656 180 0 ]
[ 12 2048 6272 90 2 ]
[ 12 2048 6400 90 0 ]
[ 12 2048 6528 90 1 ]
[ 3 2304 6400 0 3 ]
[ 29 1280 6144 0 0 ]
[ 12 1152 6144 0 1 ]
[ 12 1408 6144 0 2 ]
[ 4 1280 6144 0 3 ]
[ 20 1280 895 0 0 ]
[ 20 1280 384 0 0 ]
[ 24 2432 7040 90 lmode 14 0 ]
[ 24 1536 7168 270 lmode 15 0 ]
[ 24 1536 6656 0 lmode 16 0 ]
[ 20 1792 384 0 0 ]
[ 20 1792 896 0 0 ]
[ 10 -4608 896 270 0 ]
[ 10 -5120 896 270 0 ]
[ 10 -4608 384 270 0 ]
[ 10 -5632 384 270 0 ]
[ 10 -5632 896 270 0 ]
[ 10 -5632 -128 270 0 ]
[ 10 -5120 -128 270 0 ]
[ 10 -4608 -128 270 0 ]
[ 10 -4096 -128 270 0 ]
[ 10 -4096 384 270 0 ]
[ 10 -4096 895 270 0 ]
[ 11 -5248 896 360 0 ]
[ 11 -5376 896 0 0 ]
[ 11 -5504 896 0 0 ]
[ 11 -4992 896 0 0 ]
[ 11 -4864 896 0 0 ]
[ 11 -4736 896 0 0 ]
[ 11 -4480 896 0 0 ]
[ 11 -4352 896 0 0 ]
[ 11 -4224 896 0 0 ]
[ 11 -4096 768 90 0 ]
[ 11 -4096 640 90 0 ]
[ 11 -4096 512 90 0 ]
[ 11 -4096 256 90 0 ]
[ 11 -4096 128 90 0 ]
[ 11 -4096 0 90 0 ]
[ 11 -4224 -128 180 0 ]
[ 11 -4352 -128 180 0 ]
[ 11 -4480 -128 180 0 ]
[ 11 -4736 -128 180 0 ]
[ 11 -4864 -128 180 0 ]
[ 11 -4992 -128 180 0 ]
[ 11 -5248 -128 180 0 ]
[ 11 -5504 -128 180 0 ]
[ 11 -5632 0 270 0 ]
[ 11 -5632 256 270 0 ]
[ 11 -5632 512 270 0 ]
[ 11 -5632 640 270 0 ]
[ 11 -5632 768 270 0 ]
[ 11 -4608 512 90 0 ]
[ 11 -4608 640 90 0 ]
[ 11 -4608 768 90 0 ]
[ 11 -4608 0 270 0 ]
[ 11 -4608 128 270 0 ]
[ 11 -4608 256 270 0 ]
[ 11 -5504 384 0 0 ]
[ 11 -5376 384 0 0 ]
[ 11 -5248 384 0 0 ]
[ 10 -5120 384 0 0 ]
[ 15 -5504 768 0 crystal 2 1 ]
[ 15 -5504 0 0 crystal 1 1 ]
[ 15 -4224 0 0 crystal 0 1 ]
[ 15 -4224 768 0 crystal 3 1 ]
[ 11 -5632 128 90 0 ]
[ 11 -5376 -128 180 0 ]
[ 10 -3840 896 0 0 ]
[ 10 -3840 384 0 0 ]
[ 10 -3840 -128 0 0 ]
[ 11 -3968 896 0 0 ]
[ 11 -3840 768 90 0 ]
[ 11 -3840 640 90 0 ]
[ 11 -3840 512 90 0 ]
[ 11 -3968 -128 180 0 ]
[ 11 -3840 0 270 0 ]
[ 11 -3840 128 270 0 ]
[ 11 -3840 256 270 0 ]
[ 11 -5888 0 270 0 ]
[ 11 -5888 128 270 0 ]
[ 11 -5888 256 270 0 ]
[ 11 -5888 512 270 0 ]
[ 11 -5888 640 270 0 ]
[ 11 -5888 768 270 0 ]
[ 11 -5760 896 360 0 ]
[ 11 -5760 -128 0 0 ]
[ 10 -5888 384 0 0 ]
[ 10 -5888 -128 0 0 ]
[ 10 -5888 896 0 0 ]
[ 3 -5760 0 0 2 ]
[ 31 1792 512 0 10 ]
[ 31 1792 768 0 10 ]
[ 31 1792 640 0 10 ]
Movables
[ 1536 6784 0 ]
[ 1536 6912 0 ]
[ 1536 7040 0 ]
Map_floor
[ 4 -512 640 180 0 ]
[ 4 -512 512 180 0 ]
[ 4 -512 768 180 0 ]
[ 6 -640 512 180 0 ]
[ 6 -640 640 180 0 ]
[ 6 -640 768 180 0 ]
[ 22 -384 512 180 0 ]
[ 22 -384 640 180 0 ]
[ 22 -384 768 180 0 ]
[ 22 896 512 180 0 ]
[ 22 896 640 180 0 ]
[ 22 896 768 180 0 ]
[ 22 1024 512 180 0 ]
[ 22 1024 640 180 0 ]
[ 22 1024 768 180 0 ]
[ 22 1152 512 180 0 ]
[ 22 1152 640 180 0 ]
[ 22 1152 768 180 0 ]
[ 22 1408 512 180 0 ]
[ 22 1408 640 180 0 ]
[ 22 1408 768 180 0 ]
[ 22 1535 512 180 0 ]
[ 22 1535 640 180 0 ]
[ 22 1535 768 180 0 ]
[ 22 1664 512 180 0 ]
[ 22 1664 640 180 0 ]
[ 22 1664 768 180 0 ]
[ 22 1919 512 180 0 ]
[ 22 1919 640 180 0 ]
[ 22 1919 768 180 0 ]
[ 22 2048 512 180 0 ]
[ 22 2048 640 180 0 ]
[ 22 2048 768 180 0 ]
[ 22 2176 512 180 0 ]
[ 22 2176 640 180 0 ]
[ 22 2176 768 180 0 ]
[ 22 2432 512 180 0 ]
[ 22 2432 640 180 0 ]
[ 22 2432 768 180 0 ]
[ 22 2560 512 180 0 ]
[ 22 2560 640 180 0 ]
[ 22 2560 768 180 0 ]
[ 22 2688 512 180 0 ]
[ 22 2688 640 180 0 ]
[ 22 2688 768 180 0 ]
[ 22 2944 512 180 0 ]
[ 22 2944 640 180 0 ]
[ 22 2944 768 180 0 ]
[ 22 3072 512 180 0 ]
[ 22 3072 640 180 0 ]
[ 22 3072 768 180 0 ]
[ 22 3200 512 180 0 ]
[ 22 3200 640 180 0 ]
[ 22 3200 768 180 0 ]
[ 18 -256 512 270 9 ]
[ 18 -256 640 270 9 ]
[ 18 -256 768 270 9 ]
[ 18 1280 512 270 9 ]
[ 18 1280 640 270 9 ]
[ 18 1280 768 270 9 ]
[ 18 1792 512 270 9 ]
[ 18 1792 640 270 9 ]
[ 18 1792 768 270 9 ]
[ 18 2304 512 270 9 ]
[ 18 2304 640 270 9 ]
[ 18 2304 768 270 9 ]
[ 18 2816 512 270 9 ]
[ 18 2816 640 270 9 ]
[ 18 2816 768 270 9 ]
[ 18 3328 512 270 9 ]
[ 18 3328 640 270 9 ]
[ 18 3328 768 270 9 ]
[ 22 3456 512 180 0 ]
[ 22 3456 640 180 0 ]
[ 22 3456 768 180 0 ]
[ 22 3584 512 180 0 ]
[ 22 3584 640 180 0 ]
[ 22 3584 768 180 0 ]
[ 22 3712 512 180 0 ]
[ 22 3712 640 180 0 ]
[ 22 3712 768 180 0 ]
[ 22 3968 512 180 0 ]
[ 22 3968 640 180 0 ]
[ 22 3968 768 180 0 ]
[ 22 4095 512 180 0 ]
[ 22 4095 640 180 0 ]
[ 22 4095 768 180 0 ]
[ 22 4224 512 180 0 ]
[ 22 4224 640 180 0 ]
[ 22 4224 768 180 0 ]
[ 22 4479 512 180 0 ]
[ 22 4479 640 180 0 ]
[ 22 4479 768 180 0 ]
[ 22 4608 512 180 0 ]
[ 22 4608 640 180 0 ]
[ 22 4608 768 180 0 ]
[ 22 4736 512 180 0 ]
[ 22 4736 640 180 0 ]
[ 22 4736 768 180 0 ]
[ 22 4992 512 180 0 ]
[ 22 4992 640 180 0 ]
[ 22 4992 768 180 0 ]
[ 22 5120 512 180 0 ]
[ 22 5120 640 180 0 ]
[ 22 5120 768 180 0 ]
[ 22 5248 512 180 0 ]
[ 22 5248 640 180 0 ]
[ 22 5248 768 180 0 ]
[ 22 5504 512 180 0 ]
[ 22 5504 640 180 0 ]
[ 22 5504 768 180 0 ]
[ 22 5632 512 180 0 ]
[ 22 5632 640 180 0 ]
[ 22 5632 768 180 0 ]
[ 22 5760 512 180 0 ]
[ 22 5760 640 180 0 ]
[ 22 5760 768 180 0 ]
[ 18 3840 768 270 9 ]
[ 18 3840 512 270 9 ]
[ 18 3840 640 270 9 ]
[ 18 4352 512 270 9 ]
[ 18 4352 640 270 9 ]
[ 18 4352 768 270 9 ]
[ 18 4864 768 270 9 ]
[ 18 4864 640 270 9 ]
[ 18 4864 512 270 9 ]
[ 18 5376 512 270 9 ]
[ 18 5376 640 270 9 ]
[ 18 5376 768 270 9 ]
[ 18 5888 512 270 9 ]
[ 18 5888 640 270 9 ]
[ 18 5888 768 270 9 ]
[ 22 896 3456 180 0 ]
[ 22 896 3584 180 0 ]
[ 22 896 3712 180 0 ]
[ 22 1024 3456 180 0 ]
[ 22 1024 3584 180 0 ]
[ 22 1024 3712 180 0 ]
[ 22 1152 3456 180 0 ]
[ 22 1152 3584 180 0 ]
[ 22 1408 3456 180 0 ]
[ 22 1408 3584 180 0 ]
[ 22 1408 3712 180 0 ]
[ 22 1535 3456 180 0 ]
[ 22 1535 3584 180 0 ]
[ 22 1535 3712 180 0 ]
[ 22 1664 3456 180 0 ]
[ 22 1664 3584 180 0 ]
[ 22 1664 3712 180 0 ]
[ 22 1919 3456 180 0 ]
[ 22 1919 3584 180 0 ]
[ 22 1919 3712 180 0 ]
[ 22 2048 3456 180 0 ]
[ 22 2048 3584 180 0 ]
[ 22 2048 3712 180 0 ]
[ 22 2176 3456 180 0 ]
[ 22 2176 3584 180 0 ]
[ 22 2176 3712 180 0 ]
[ 22 2432 3456 180 0 ]
[ 22 2432 3584 180 0 ]
[ 22 2432 3712 180 0 ]
[ 22 2560 3456 180 0 ]
[ 22 2560 3584 180 0 ]
[ 22 2560 3712 180 0 ]
[ 22 2688 3456 180 0 ]
[ 22 2688 3584 180 0 ]
[ 22 2688 3712 180 0 ]
[ 22 2944 3456 180 0 ]
[ 22 2944 3584 180 0 ]
[ 22 2944 3712 180 0 ]
[ 22 3072 3456 180 0 ]
[ 22 3072 3584 180 0 ]
[ 22 3072 3712 180 0 ]
[ 22 3200 3456 180 0 ]
[ 22 3200 3584 180 0 ]
[ 22 3200 3712 180 0 ]
[ 22 3456 3456 180 0 ]
[ 22 3456 3584 180 0 ]
[ 22 3456 3712 180 0 ]
[ 22 3584 3456 180 0 ]
[ 22 3584 3584 180 0 ]
[ 22 3584 3712 180 0 ]
[ 22 3712 3456 180 0 ]
[ 22 3712 3584 180 0 ]
[ 22 3712 3712 180 0 ]
[ 22 3968 3456 180 0 ]
[ 22 3968 3584 180 0 ]
[ 22 3968 3712 180 0 ]
[ 22 4095 3456 180 0 ]
[ 22 4095 3584 180 0 ]
[ 22 4095 3712 180 0 ]
[ 22 4224 3456 180 0 ]
[ 22 4224 3584 180 0 ]
[ 22 4224 3712 180 0 ]
[ 22 4479 3456 180 0 ]
[ 22 4479 3584 180 0 ]
[ 22 4479 3712 180 0 ]
[ 22 4608 3456 180 0 ]
[ 22 4608 3584 180 0 ]
[ 22 4608 3712 180 0 ]
[ 22 4736 3456 180 0 ]
[ 22 4736 3584 180 0 ]
[ 22 4736 3712 180 0 ]
[ 22 4992 3456 180 0 ]
[ 22 4992 3584 180 0 ]
[ 22 5120 3456 180 0 ]
[ 22 5120 3584 180 0 ]
[ 22 5120 3712 180 0 ]
[ 22 5248 3456 180 0 ]
[ 22 5248 3584 180 0 ]
[ 22 5248 3712 180 0 ]
[ 22 5504 3456 180 0 ]
[ 22 5504 3584 180 0 ]
[ 22 5504 3712 180 0 ]
[ 22 5632 3456 180 0 ]
[ 22 5632 3584 180 0 ]
[ 22 5632 3712 180 0 ]
[ 22 5760 3456 180 0 ]
[ 22 5760 3584 180 0 ]
[ 22 5760 3712 180 0 ]
[ 18 1280 3712 270 9 ]
[ 22 1152 3712 270 0 ]
[ 18 1279 3584 270 9 ]
[ 18 1279 3456 270 9 ]
[ 18 767 3456 270 9 ]
[ 18 767 3584 270 9 ]
[ 18 767 3712 270 9 ]
[ 18 1792 3456 270 9 ]
[ 18 1792 3584 270 9 ]
[ 18 1792 3712 270 9 ]
[ 18 2816 3456 270 9 ]
[ 18 2816 3584 270 9 ]
[ 18 2816 3712 270 9 ]
[ 18 3328 3456 270 9 ]
[ 18 3328 3584 270 9 ]
[ 18 3328 3712 270 9 ]
[ 18 3840 3456 270 9 ]
[ 18 3840 3584 270 9 ]
[ 18 3840 3712 270 9 ]
[ 18 4352 3456 270 9 ]
[ 18 4352 3584 270 9 ]
[ 18 4352 3712 270 9 ]
[ 18 4864 3456 270 9 ]
[ 18 4864 3584 270 9 ]
[ 18 4864 3712 270 9 ]
[ 18 5376 3456 270 9 ]
[ 18 5376 3584 270 9 ]
[ 18 5376 3712 270 9 ]
[ 18 5888 3456 270 9 ]
[ 18 5888 3584 270 9 ]
[ 18 5888 3712 270 9 ]
[ 22 4992 3712 270 0 ]
[ 18 2304 3456 270 9 ]
[ 18 2304 3584 270 9 ]
[ 18 2304 3712 270 9 ]
[ 22 6016 3456 180 0 ]
[ 22 6016 3584 180 0 ]
[ 22 6016 3712 180 0 ]
[ 22 6144 3456 180 0 ]
[ 22 6144 3584 180 0 ]
[ 22 6144 3712 180 0 ]
[ 22 6272 3456 180 0 ]
[ 22 6272 3584 180 0 ]
[ 22 6272 3712 180 0 ]
[ 22 6528 3456 180 0 ]
[ 22 6528 3584 180 0 ]
[ 22 6528 3712 180 0 ]
[ 22 6655 3456 180 0 ]
[ 22 6655 3584 180 0 ]
[ 22 6655 3712 180 0 ]
[ 22 6784 3456 180 0 ]
[ 22 6784 3584 180 0 ]
[ 22 6784 3712 180 0 ]
[ 22 7039 3456 180 0 ]
[ 22 7039 3584 180 0 ]
[ 22 7039 3712 180 0 ]
[ 22 7168 3456 180 0 ]
[ 22 7168 3584 180 0 ]
[ 22 7168 3712 180 0 ]
[ 22 7296 3456 180 0 ]
[ 22 7296 3584 180 0 ]
[ 22 7296 3712 180 0 ]
[ 22 7552 3456 180 0 ]
[ 22 7552 3584 180 0 ]
[ 22 7680 3456 180 0 ]
[ 22 7680 3584 180 0 ]
[ 22 7680 3712 180 0 ]
[ 22 7808 3456 180 0 ]
[ 22 7808 3584 180 0 ]
[ 22 7808 3712 180 0 ]
[ 22 8064 3456 180 0 ]
[ 22 8064 3584 180 0 ]
[ 22 8064 3712 180 0 ]
[ 22 8192 3456 180 0 ]
[ 22 8192 3584 180 0 ]
[ 22 8192 3712 180 0 ]
[ 22 8320 3456 180 0 ]
[ 22 8320 3584 180 0 ]
[ 22 8320 3712 180 0 ]
[ 22 7552 3712 270 0 ]
[ 18 6400 3456 90 9 ]
[ 18 6400 3584 90 9 ]
[ 18 6400 3712 90 9 ]
[ 18 6912 3456 90 9 ]
[ 18 6912 3584 90 9 ]
[ 18 6912 3712 90 9 ]
[ 18 7424 3456 90 9 ]
[ 18 7424 3584 90 9 ]
[ 18 7424 3712 90 9 ]
[ 18 7936 3456 90 9 ]
[ 18 7936 3584 90 9 ]
[ 18 7936 3712 90 9 ]
[ 18 8448 3456 90 9 ]
[ 18 8448 3584 90 9 ]
[ 18 8448 3712 90 9 ]
[ 22 384 512 180 0 ]
[ 22 384 640 180 0 ]
[ 22 384 768 180 0 ]
[ 22 512 512 180 0 ]
[ 22 512 640 180 0 ]
[ 22 512 768 180 0 ]
[ 22 640 512 180 0 ]
[ 22 640 640 180 0 ]
[ 22 640 768 180 0 ]
[ 22 -128 512 180 0 ]
[ 22 -128 640 180 0 ]
[ 22 -128 768 180 0 ]
[ 22 0 512 180 0 ]
[ 22 0 640 180 0 ]
[ 22 0 768 180 0 ]
[ 22 128 512 180 0 ]
[ 22 128 640 180 0 ]
[ 22 128 768 180 0 ]
[ 18 768 512 90 9 ]
[ 18 768 640 90 9 ]
[ 18 768 768 90 9 ]
[ 18 256 512 90 9 ]
[ 18 256 640 90 9 ]
[ 18 256 768 90 9 ]
[ 22 -640 3456 270 0 ]
[ 22 -512 3456 270 0 ]
[ 22 -384 3456 270 0 ]
[ 22 -384 3584 270 0 ]
[ 22 -640 3712 270 0 ]
[ 22 -640 3584 270 0 ]
[ 22 -512 3584 270 0 ]
[ 22 -512 3712 270 0 ]
[ 22 -384 3712 270 0 ]
[ 22 -128 3456 270 0 ]
[ 22 0 3456 270 0 ]
[ 22 0 3712 270 0 ]
[ 22 -128 3712 270 0 ]
[ 22 -128 3584 270 0 ]
[ 22 0 3584 270 0 ]
[ 22 128 3712 270 0 ]
[ 22 128 3584 270 0 ]
[ 22 128 3456 270 0 ]
[ 22 384 3456 270 0 ]
[ 22 512 3456 270 0 ]
[ 22 384 3712 270 0 ]
[ 22 384 3584 270 0 ]
[ 22 512 3584 270 0 ]
[ 22 512 3712 270 0 ]
[ 22 640 3712 270 0 ]
[ 22 640 3584 270 0 ]
[ 22 640 3456 270 0 ]
[ 43 1280 896 270 0 ]
[ 43 1280 -1920 270 0 ]
[ 2 1536 -2304 90 dmode 9 0 ]
[ 2 1536 -2176 90 dmode 9 0 ]
[ 2 1536 -2048 90 dmode 9 0 ]
[ 3 1536 -2816 90 dmode 9 1 ]
[ 3 1536 -2688 90 dmode 9 1 ]
[ 3 1536 -2560 90 dmode 9 1 ]
[ 17 1280 -2688 90 dmode 12 0 ]
[ 3 2048 -2304 90 dmode 10 1 ]
[ 3 2048 -2176 90 dmode 10 1 ]
[ 3 2048 -2048 90 dmode 10 1 ]
[ 2 1664 -2432 180 dmode 11 0 ]
[ 2 1920 -2432 180 dmode 11 0 ]
[ 2 1792 -2432 180 dmode 11 0 ]
[ 2 2176 -2432 180 dmode 11 0 ]
[ 2 2304 -2432 180 dmode 11 0 ]
[ 2 2432 -2432 180 dmode 11 0 ]
[ 21 1408 -2816 180 0 ]
[ 21 1280 -2816 180 0 ]
[ 21 1152 -2816 180 0 ]
[ 21 1152 -2688 180 0 ]
[ 21 1152 -2560 180 0 ]
[ 21 1280 -2560 180 0 ]
[ 21 1408 -2560 180 0 ]
[ 21 1408 -2688 180 0 ]
[ 21 1664 -2048 180 0 ]
[ 21 1920 -2304 180 0 ]
[ 21 1792 -2304 180 0 ]
[ 21 1664 -2176 180 0 ]
[ 21 1664 -2304 180 0 ]
[ 21 1792 -2176 180 0 ]
[ 21 1792 -2048 180 0 ]
[ 21 1920 -2048 180 0 ]
[ 21 1920 -2176 180 0 ]
[ 21 2176 -2560 180 0 ]
[ 21 2304 -2688 180 0 ]
[ 21 2176 -2688 180 0 ]
[ 21 2176 -2816 180 0 ]
[ 21 2304 -2816 180 0 ]
[ 21 2432 -2816 180 0 ]
[ 21 2432 -2688 180 0 ]
[ 21 2432 -2560 180 0 ]
[ 21 2304 -2560 180 0 ]
[ 1 1280 -2304 270 0 ]
[ 1 1408 -2304 90 0 ]
[ 1 1408 -2176 90 0 ]
[ 1 1280 -2176 0 0 ]
[ 1 1152 -2304 270 0 ]
[ 1 1152 -2176 90 0 ]
[ 1 1152 -2048 90 0 ]
[ 1 1280 -2048 90 0 ]
[ 1 1408 -2048 0 0 ]
[ 1 1664 -2816 180 0 ]
[ 1 1792 -2816 270 0 ]
[ 1 1920 -2816 0 0 ]
[ 1 1920 -2688 270 0 ]
[ 1 1920 -2560 0 0 ]
[ 1 1792 -2560 270 0 ]
[ 1 1664 -2560 180 0 ]
[ 1 1664 -2688 90 0 ]
[ 1 1792 -2688 270 0 ]
[ 1 2304 -2304 270 0 ]
[ 1 2432 -2304 90 0 ]
[ 1 2176 -2304 90 0 ]
[ 1 2176 -2176 0 0 ]
[ 1 2176 -2048 90 0 ]
[ 3 2304 -2048 270 dmode 12 1 ]
[ 3 2432 -2176 360 dmode 12 1 ]
[ 43 1280 383 90 1 ]
[ 43 1280 6144 90 1 ]
[ 24 1536 6528 270 lmode 12 1 ]
[ 24 1536 6400 270 lmode 12 1 ]
[ 24 1536 6272 270 lmode 12 1 ]
[ 42 1280 6784 270 0 ]
[ 42 1280 6912 270 0 ]
[ 42 1280 7040 270 0 ]
[ 42 1408 6784 270 0 ]
[ 42 1408 6912 270 0 ]
[ 42 1408 7040 270 0 ]
[ 42 1664 7040 270 0 ]
[ 42 1536 6912 270 0 ]
[ 42 1536 7040 270 0 ]
[ 42 1664 6912 270 0 ]
[ 42 1536 6784 270 0 ]
[ 42 1664 6784 270 0 ]
[ 42 1664 6656 270 0 ]
[ 42 1664 6528 270 0 ]
[ 42 1664 6400 270 0 ]
[ 42 1664 6272 270 0 ]
[ 42 1920 6272 270 0 ]
[ 42 1920 6400 270 0 ]
[ 42 1920 6528 270 0 ]
[ 42 2304 7040 270 0 ]
[ 42 2176 7040 270 0 ]
[ 42 2304 6784 270 0 ]
[ 42 2176 6784 270 0 ]
[ 42 2176 6912 270 0 ]
[ 42 2304 6912 270 0 ]
[ 42 2432 6784 270 0 ]
[ 42 2432 6912 270 0 ]
[ 42 2432 7040 270 0 ]
[ 13 1408 6400 270 0 ]
[ 13 1408 6272 270 0 ]
[ 13 1152 6400 270 0 ]
[ 13 1152 6528 270 0 ]
[ 13 1280 6528 270 0 ]
[ 13 1408 6528 270 0 ]
[ 13 1280 6400 270 0 ]
[ 13 1280 6272 270 0 ]
[ 13 1152 6272 270 0 ]
[ 20 2176 6528 270 0 ]
[ 20 2432 6272 270 0 ]
[ 20 2432 6400 270 0 ]
[ 20 2304 6272 270 0 ]
[ 20 2176 6272 270 0 ]
[ 20 2176 6400 270 0 ]
[ 20 2304 6400 270 0 ]
[ 20 2304 6528 270 0 ]
[ 20 2432 6528 270 0 ]
[ 24 2304 6656 360 lmode 13 1 ]
[ 24 2176 6656 0 lmode 13 1 ]
[ 24 2432 6656 0 lmode 13 1 ]
[ 43 1792 384 90 2 ]
[ 43 3072 384 90 2 ]
[ 43 1792 896 270 3 ]
[ 43 -4736 768 270 3 ]
[ 43 -4992 512 0 4 ]
[ 43 -4736 0 180 4 ]
[ 43 -5248 256 180 5 ]
[ 43 -4480 512 0 5 ]
[ 43 -5248 512 450 6 ]
[ 43 -4224 256 630 6 ]
[ 16 -4224 384 270 crystal 0 1 ]
[ 16 -4352 384 270 crystal 0 1 ]
[ 16 -4480 384 270 crystal 0 1 ]
[ 16 -5120 0 270 crystal 1 1 ]
[ 16 -5120 128 270 crystal 1 1 ]
[ 16 -5120 256 270 crystal 1 1 ]
[ 16 -5120 768 270 crystal 2 1 ]
[ 16 -5120 512 270 crystal 2 1 ]
[ 16 -5120 640 270 crystal 2 1 ]
[ 16 -4736 384 270 crystal 3 1 ]
[ 16 -4864 384 270 crystal 3 1 ]
[ 16 -4992 384 360 crystal 3 1 ]
[ 14 -5504 896 270 0 ]
[ 14 -5376 896 270 0 ]
[ 14 -5248 896 270 0 ]
[ 14 -4992 896 270 0 ]
[ 14 -4864 896 270 0 ]
[ 14 -4736 896 270 0 ]
[ 14 -4480 896 270 0 ]
[ 14 -4352 896 270 0 ]
[ 14 -4224 896 270 0 ]
[ 14 -4096 640 270 0 ]
[ 14 -4096 512 270 0 ]
[ 14 -4096 256 270 0 ]
[ 14 -4096 128 270 0 ]
[ 14 -4096 0 270 0 ]
[ 14 -5632 768 270 0 ]
[ 14 -5632 640 270 0 ]
[ 14 -5632 512 270 0 ]
[ 14 -5632 256 270 0 ]
[ 14 -5632 128 270 0 ]
[ 14 -5632 0 270 0 ]
[ 14 -5248 -128 270 0 ]
[ 14 -5376 -128 270 0 ]
[ 14 -5504 -128 270 0 ]
[ 14 -4992 -128 270 0 ]
[ 14 -4864 -128 270 0 ]
[ 14 -4736 -128 270 0 ]
[ 14 -4480 -128 270 0 ]
[ 14 -4352 -128 270 0 ]
[ 14 -4224 -128 270 0 ]
[ 14 -4608 0 270 0 ]
[ 14 -4608 128 270 0 ]
[ 14 -4608 256 270 0 ]
[ 14 -4608 512 270 0 ]
[ 14 -4608 640 270 0 ]
[ 14 -4608 768 270 0 ]
[ 14 -5504 384 270 0 ]
[ 14 -5376 384 270 0 ]
[ 14 -5248 384 270 0 ]
[ 11 -5504 640 270 0 ]
[ 11 -5376 768 270 0 ]
[ 11 -5248 640 270 0 ]
[ 11 -5376 640 270 0 ]
[ 11 -5376 512 270 0 ]
[ 11 -5376 256 270 0 ]
[ 11 -5504 128 270 0 ]
[ 11 -5376 128 270 0 ]
[ 11 -5376 0 270 0 ]
[ 11 -5248 128 270 0 ]
[ 11 -4864 0 270 0 ]
[ 11 -4864 128 270 0 ]
[ 11 -4992 128 270 0 ]
[ 11 -4864 256 270 0 ]
[ 11 -4736 128 270 0 ]
[ 11 -4352 0 270 0 ]
[ 11 -4224 128 270 0 ]
[ 11 -4480 128 270 0 ]
[ 11 -4352 128 270 0 ]
[ 11 -4352 256 270 0 ]
[ 11 -4864 512 270 0 ]
[ 11 -4736 640 270 0 ]
[ 11 -4992 640 270 0 ]
[ 11 -4864 640 270 0 ]
[ 11 -4864 768 270 0 ]
[ 11 -4480 640 270 0 ]
[ 11 -4352 768 270 0 ]
[ 11 -4352 640 270 0 ]
[ 11 -4352 512 270 0 ]
[ 11 -4224 640 270 0 ]
[ 43 -4992 256 270 7 ]
[ 43 -4480 768 270 7 ]
[ 43 -4736 512 450 8 ]
[ 43 -4480 0 720 8 ]
[ 43 -4736 256 180 9 ]
[ 43 -4224 512 450 9 ]
[ 43 -4480 256 360 10 ]
[ 43 -4992 768 0 10 ]
[ 43 -5504 255 0 11 ]
[ 43 -5248 0 90 11 ]
[ 43 -5504 512 90 12 ]
[ 43 -4992 0 0 12 ]
[ 43 -5248 768 180 13 ]
[ 43 -3968 768 630 13 ]
[ 14 -5760 896 0 0 ]
[ 14 -5888 767 0 0 ]
[ 14 -5888 640 0 0 ]
[ 14 -5888 512 0 0 ]
[ 14 -5888 256 0 0 ]
[ 14 -5888 128 0 0 ]
[ 14 -5888 0 0 0 ]
[ 14 -5760 -128 0 0 ]
[ 14 -3968 -128 0 0 ]
[ 14 -3840 0 0 0 ]
[ 14 -3840 128 0 0 ]
[ 14 -3840 256 0 0 ]
[ 14 -3840 511 0 0 ]
[ 14 -3840 640 0 0 ]
[ 14 -3840 768 0 0 ]
[ 14 -3968 896 0 0 ]
[ 16 -3968 640 0 crystal 0 1 ]
[ 16 -3968 127 0 crystal 1 1 ]
[ 16 -5760 639 0 crystal 2 1 ]
[ 16 -5760 127 0 crystal 3 1 ]
[ 11 -5760 256 0 0 ]
[ 11 -5760 384 0 0 ]
[ 11 -5760 512 0 0 ]
[ 11 -3968 256 0 0 ]
[ 11 -3968 384 0 0 ]
[ 11 -3968 512 0 0 ]
[ 43 -3968 0 90 14 ]
[ 43 -5760 768 270 14 ]
[ 14 -4096 768 90 0 ]
[ 102 3072 640 256 0 2944 ]
[ 102 4864 3584 184 -1024 0 ]
[ 100 2304 640 1096 ]
[ 100 3328 3584 673 ]
[ 100 4864 3584 673 ]
[ 100 1792 -2432 841 ]
[ 100 1792 -2432 841 ]
[ 100 1792 -2432 841 ]
[ 100 1792 -2432 841 ]
[ 100 1792 -2432 841 ]
[ 100 1792 -2432 841 ]
[ 100 1792 -2432 841 ]
[ 100 1792 -2432 841 ]
[ 100 1792 -2432 841 ]
[ 100 1792 -2432 841 ]
[ 100 2304 640 1051 ]
[ 100 2304 640 1051 ]
[ 100 2304 640 1051 ]
[ 100 2304 640 1051 ]
[ 100 2304 640 1051 ]
[ 100 1792 6656 1171 ]
[ 100 1792 6656 1171 ]
[ 100 1792 6656 1171 ]
[ 100 1792 6656 1171 ]
[ 100 1792 6656 1171 ]
[ 100 1792 6656 1171 ]
[ 100 1792 6656 1171 ]
[ 100 1792 6656 1171 ]
[ 100 1792 6656 1171 ]
[ 100 1792 6656 1171 ]
[ 100 1792 6656 1171 ]
[ 103 3072 3584 519 1.38 ]
[ 103 2560 3584 195 0.88211 ]
[ 103 2048 3584 195 1.16659 ]
[ 103 3584 3584 195 1.2 ]
[ 103 4096 3584 195 0.88211 ]
[ 103 4608 3584 195 0.796105 ]
[ 100 -4864 384 1245 ]
[ 100 -4864 384 1245 ]
[ 100 -4864 384 1245 ]
[ 100 -4864 384 1245 ]
[ 100 -4864 384 1245 ]
[ 100 -4864 384 1245 ]
[ 100 -4864 384 1245 ]
[ 100 -4864 384 1245 ]
[ 100 -4864 384 1245 ]
[ 100 -4864 384 1245 ]
[ 100 -4864 384 1245 ]
[ 104 1413 504 Don't_touch_this_coin!__----> ]
Electric
[ 37 1536 6656 540 lmode 12 ]
[ 46 1280 6784 540 0 ]
[ 46 1280 6912 180 0 ]
[ 46 1280 7040 180 0 ]
[ 26 1408 6784 360 ]
[ 26 1408 6912 0 ]
[ 26 1408 7040 0 ]
[ 26 1536 7040 0 ]
[ 26 1536 6912 0 ]
[ 26 1536 6784 0 ]
[ 27 1664 7040 360 ]
[ 27 1664 6656 270 ]
[ 28 1664 6784 270 ]
[ 28 1664 6912 270 ]
[ 37 2048 6656 0 lmode 13 ]
[ 33 1792 6656 90 lmode 14 ]
[ 26 1920 6656 180 ]
[ 26 1792 6528 270 ]
[ 26 1792 6400 270 ]
[ 31 1792 6272 270 0 ]
[ 35 1792 6912 270 lmode 15 1 ]
[ 33 1920 7040 360 lmode 16 ]
[ 27 1792 7040 90 ]
[ 26 1792 6784 90 ]
[ 26 1920 6912 90 ]
[ 25 1920 6784 630 ]
[ 30 2048 6784 270 1 ]
[ 27 2048 7040 360 ]
[ 26 2048 6912 90 ]
PLayer 20.1771 629.697