Does_not_exist
Map_basic
[ 8 384 256 0 0 ]
[ 8 384 768 0 0 ]
[ 8 1279 256 0 0 ]
[ 8 1279 768 0 0 ]
[ 9 384 384 90 0 ]
[ 9 384 512 90 0 ]
[ 9 384 640 90 0 ]
[ 9 512 256 180 0 ]
[ 9 639 256 180 0 ]
[ 9 768 256 180 0 ]
[ 9 896 256 180 0 ]
[ 9 1024 256 180 0 ]
[ 9 1152 256 180 0 ]
[ 9 512 768 0 0 ]
[ 9 639 768 0 0 ]
[ 9 768 768 0 0 ]
[ 9 896 768 0 0 ]
[ 9 1024 768 0 0 ]
[ 9 1152 768 0 0 ]
[ 1 512 0 0 0 ]
[ 1 1152 0 90 3 ]
[ 7 640 0 0 0 ]
[ 7 768 0 0 0 ]
[ 7 896 0 0 0 ]
[ 7 1024 0 0 0 ]
[ 9 1408 768 0 0 ]
[ 9 1536 768 0 0 ]
[ 9 1664 768 0 0 ]
[ 9 1792 768 0 0 ]
[ 9 1920 768 0 0 ]
[ 9 2176 256 0 0 ]
[ 9 2048 256 0 0 ]
[ 9 1920 256 0 0 ]
[ 9 1792 256 0 0 ]
[ 9 1664 256 0 0 ]
[ 9 1536 256 0 0 ]
[ 9 1408 256 0 0 ]
[ 9 2176 768 0 0 ]
[ 9 2048 768 0 0 ]
[ 1 1408 0 180 0 ]
[ 1 2176 0 180 0 ]
[ 7 1536 0 0 0 ]
[ 7 1664 0 0 0 ]
[ 7 1920 0 0 0 ]
[ 7 1792 0 0 0 ]
[ 7 2047 0 0 0 ]
[ 9 2432 256 0 0 ]
[ 9 2560 256 0 0 ]
[ 9 2816 256 0 0 ]
[ 9 2432 768 0 0 ]
[ 9 2560 768 0 0 ]
[ 9 2816 768 0 0 ]
[ 8 2944 768 0 0 ]
[ 8 2944 256 0 0 ]
[ 6 2944 384 0 0 ]
[ 6 2944 512 0 0 ]
[ 6 2944 640 0 0 ]
[ 8 2688 256 90 0 ]
[ 8 2688 768 90 0 ]
[ 9 2304 768 360 0 ]
[ 9 2304 256 0 0 ]
[ 1 2944 2432 270 3 ]
[ 1 2944 2944 270 3 ]
[ 1 2432 2432 180 4 ]
[ 1 3456 2432 0 3 ]
[ 1 3456 2944 180 0 ]
[ 7 2688 2944 0 0 ]
[ 7 2560 2944 0 0 ]
[ 7 2816 2944 0 0 ]
[ 7 3072 2944 0 0 ]
[ 7 3200 2944 0 0 ]
[ 7 3328 2944 0 0 ]
[ 7 3584 2944 0 0 ]
[ 7 2432 2560 90 0 ]
[ 7 2432 2688 90 0 ]
[ 7 2432 2816 90 0 ]
[ 1 2432 2944 0 4 ]
[ 7 2560 2432 180 0 ]
[ 7 2688 2432 180 0 ]
[ 7 2816 2432 180 0 ]
[ 7 3072 2432 180 0 ]
[ 7 3200 2432 180 0 ]
[ 7 3328 2432 180 0 ]
[ 7 3584 2432 180 0 ]
[ 10 2560 2176 180 0 ]
[ 11 2688 2176 180 0 ]
[ 11 2816 2176 180 0 ]
[ 11 2944 2176 180 0 ]
[ 11 3072 2176 180 0 ]
[ 11 3200 2176 180 0 ]
[ 10 3328 2176 180 0 ]
[ 1 3712 2432 180 1 ]
[ 1 3712 2944 270 3 ]
[ 1 3712 1920 90 1 ]
[ 1 4224 1920 90 1 ]
[ 1 4736 1920 0 5 ]
[ 1 4736 2432 0 1 ]
[ 1 4736 2944 0 4 ]
[ 1 4224 2944 270 4 ]
[ 1 5248 2432 270 2 ]
[ 1 5248 2944 90 2 ]
[ 1 5760 2944 90 5 ]
[ 1 5760 2432 270 0 ]
[ 7 3840 2944 180 0 ]
[ 7 3968 2944 180 0 ]
[ 7 4096 2944 180 0 ]
[ 7 4608 2944 180 0 ]
[ 7 4480 2944 180 0 ]
[ 7 4352 2944 180 0 ]
[ 7 3712 2304 270 0 ]
[ 7 3712 2176 270 0 ]
[ 7 3712 2048 270 0 ]
[ 7 3840 1920 360 0 ]
[ 7 3968 1920 0 0 ]
[ 7 4096 1920 0 0 ]
[ 7 4352 1920 0 0 ]
[ 7 4480 1920 0 0 ]
[ 7 4608 1920 0 0 ]
[ 7 4736 2048 90 0 ]
[ 7 4736 2176 90 0 ]
[ 7 4736 2304 90 0 ]
[ 7 4864 2432 180 0 ]
[ 7 4992 2432 180 0 ]
[ 7 5120 2432 180 0 ]
[ 7 5632 2432 180 0 ]
[ 7 5504 2432 180 0 ]
[ 7 5376 2432 180 0 ]
[ 7 4864 2944 180 0 ]
[ 7 4992 2944 180 0 ]
[ 7 5120 2944 180 0 ]
[ 7 5632 2944 180 0 ]
[ 7 5504 2944 180 0 ]
[ 7 5376 2944 180 0 ]
[ 2 4224 2432 0 dmode 0 0 ]
[ 7 4224 2048 90 0 ]
[ 7 4224 2176 90 0 ]
[ 7 4224 2304 90 0 ]
[ 1 6272 2944 90 5 ]
[ 1 6272 2432 270 0 ]
[ 7 6144 2432 180 0 ]
[ 7 6016 2432 180 0 ]
[ 7 5888 2432 180 0 ]
[ 7 6144 2944 180 0 ]
[ 7 6016 2944 180 0 ]
[ 7 5888 2944 180 0 ]
[ 13 3712 4736 90 0 ]
[ 13 4224 4736 90 0 ]
[ 13 4224 5248 90 0 ]
[ 13 3712 5248 90 0 ]
[ 13 3712 5760 90 0 ]
[ 13 4736 5248 90 0 ]
[ 13 4736 5760 90 0 ]
[ 13 4736 4736 90 0 ]
[ 25 3840 4736 360 0 ]
[ 25 3968 4736 0 0 ]
[ 25 4096 4736 0 0 ]
[ 25 4352 4736 0 0 ]
[ 25 4608 4736 0 0 ]
[ 25 4736 4864 90 0 ]
[ 25 4736 4992 90 0 ]
[ 25 4736 5120 90 0 ]
[ 25 3712 4864 90 0 ]
[ 25 3712 4992 90 0 ]
[ 25 3712 5120 90 0 ]
[ 25 3712 5376 90 0 ]
[ 25 3712 5504 90 0 ]
[ 25 3712 5632 90 0 ]
[ 25 3840 5760 180 0 ]
[ 25 3968 5760 180 0 ]
[ 25 4096 5760 180 0 ]
[ 25 4352 5760 180 0 ]
[ 25 4480 5760 180 0 ]
[ 25 4608 5760 180 0 ]
[ 25 4736 5632 270 0 ]
[ 25 4736 5504 270 0 ]
[ 25 4736 5376 270 0 ]
[ 25 4224 5120 270 0 ]
[ 25 4224 4992 270 0 ]
[ 25 4224 4864 270 0 ]
[ 12 3840 4480 0 2 ]
[ 12 3968 4480 0 0 ]
[ 12 4096 4480 0 0 ]
[ 12 4224 4480 0 0 ]
[ 12 4352 4480 0 0 ]
[ 12 4480 4480 0 0 ]
[ 12 4608 4480 0 1 ]
[ 25 4480 4736 0 0 ]
[ 6 4480 4992 0 3 ]
[ 24 4224 5760 0 lmode 0 0 ]
[ 10 6528 4736 90 0 ]
[ 10 7040 5248 90 0 ]
[ 10 6016 4736 90 0 ]
[ 10 6016 5248 90 0 ]
[ 10 6016 5760 90 0 ]
[ 10 6528 5760 90 0 ]
[ 10 7040 5760 90 0 ]
[ 11 6272 4736 180 0 ]
[ 11 6400 4736 180 0 ]
[ 11 6144 4736 180 0 ]
[ 11 6912 4736 180 0 ]
[ 11 6784 4736 180 0 ]
[ 11 6656 4736 180 0 ]
[ 10 7040 4736 180 0 ]
[ 11 6016 5120 270 0 ]
[ 11 6016 4992 270 0 ]
[ 11 6016 4864 270 0 ]
[ 11 6016 5376 270 0 ]
[ 11 6016 5504 270 0 ]
[ 11 6016 5632 270 0 ]
[ 11 6144 5760 360 0 ]
[ 11 6272 5760 0 0 ]
[ 11 6400 5760 0 0 ]
[ 11 6656 5760 0 0 ]
[ 11 6784 5760 0 0 ]
[ 11 6912 5760 0 0 ]
[ 11 7040 5632 90 0 ]
[ 11 7040 5504 90 0 ]
[ 11 7040 5376 90 0 ]
[ 11 7040 5120 90 0 ]
[ 11 7040 4992 90 0 ]
[ 11 7040 4864 90 0 ]
[ 15 6912 5632 360 crystal 0 1 ]
[ 30 6528 5248 0 barmode 0 ]
[ 1 6144 4480 270 0 ]
[ 1 6912 4480 270 1 ]
[ 7 6272 4480 180 0 ]
[ 7 6400 4480 180 0 ]
[ 7 6528 4480 180 0 ]
[ 7 6656 4480 180 0 ]
[ 7 6784 4480 180 0 ]
[ 6 6272 4992 0 2 ]
[ 8 8832 4736 180 0 ]
[ 8 9344 4736 180 0 ]
[ 8 9344 5248 180 0 ]
[ 8 8832 5248 180 0 ]
[ 8 8832 5760 180 0 ]
[ 8 9344 5760 180 0 ]
[ 8 9856 5760 180 0 ]
[ 8 9856 5248 180 0 ]
[ 8 9856 4736 180 0 ]
[ 9 8832 5120 270 0 ]
[ 9 8832 4992 270 0 ]
[ 9 8832 4864 270 0 ]
[ 9 9344 5376 270 0 ]
[ 9 9344 5504 270 0 ]
[ 9 9344 5632 270 0 ]
[ 9 9344 5120 270 0 ]
[ 9 9344 4992 270 0 ]
[ 9 9344 4864 270 0 ]
[ 9 9088 4736 360 0 ]
[ 9 8960 4736 0 0 ]
[ 9 9216 4736 0 0 ]
[ 9 8832 5376 90 0 ]
[ 9 8832 5504 90 0 ]
[ 9 8832 5632 90 0 ]
[ 9 9088 5760 180 0 ]
[ 9 8960 5760 180 0 ]
[ 9 9216 5760 180 0 ]
[ 9 9472 5760 180 0 ]
[ 9 9600 5760 180 0 ]
[ 9 9728 5760 180 0 ]
[ 9 9856 5376 270 0 ]
[ 9 9856 5504 270 0 ]
[ 9 9856 5632 270 0 ]
[ 9 9856 5120 270 0 ]
[ 9 9856 4992 270 0 ]
[ 9 9856 4864 270 0 ]
[ 9 9600 4736 360 0 ]
[ 9 9472 4736 0 0 ]
[ 9 9728 4736 0 0 ]
[ 6 9600 5504 0 0 ]
[ 12 8960 4480 180 1 ]
[ 12 9088 4480 180 0 ]
[ 12 9216 4480 180 0 ]
[ 12 9344 4480 180 0 ]
[ 12 9472 4480 180 0 ]
[ 12 9600 4480 180 0 ]
[ 12 9728 4480 180 2 ]
[ 22 11136 5248 180 0 ]
[ 22 11136 5760 180 0 ]
[ 22 11648 5248 180 0 ]
[ 22 11648 5760 180 0 ]
[ 22 11136 4736 180 0 ]
[ 22 11648 4736 180 0 ]
[ 22 12160 5248 180 0 ]
[ 22 12160 5760 180 0 ]
[ 22 12160 4736 270 0 ]
[ 23 11264 4736 360 0 ]
[ 23 11392 4736 0 0 ]
[ 23 11520 4736 0 0 ]
[ 23 11136 4864 90 0 ]
[ 23 11136 4992 90 0 ]
[ 23 11136 5120 90 0 ]
[ 23 11136 5376 90 0 ]
[ 23 11136 5504 90 0 ]
[ 23 11136 5632 90 0 ]
[ 23 11264 5760 180 0 ]
[ 23 11392 5760 180 0 ]
[ 23 11520 5760 180 0 ]
[ 23 11776 5760 180 0 ]
[ 23 11904 5760 180 0 ]
[ 23 12032 5760 180 0 ]
[ 23 12032 4736 540 0 ]
[ 23 11904 4736 180 0 ]
[ 23 11776 4736 180 0 ]
[ 23 12160 5376 270 0 ]
[ 23 12160 5504 270 0 ]
[ 23 12160 5632 270 0 ]
[ 23 11648 5632 450 0 ]
[ 23 11648 5376 90 0 ]
[ 23 11648 5504 450 0 ]
[ 23 11776 5248 180 0 ]
[ 23 11904 5248 180 0 ]
[ 23 12032 5248 180 0 ]
[ 23 12160 4864 630 0 ]
[ 23 12160 4992 270 0 ]
[ 23 12160 5120 270 0 ]
[ 1 11264 4480 180 5 ]
[ 1 12032 4480 270 3 ]
[ 7 11392 4480 360 0 ]
[ 7 11520 4480 0 0 ]
[ 7 11648 4480 0 0 ]
[ 7 11776 4480 0 0 ]
[ 7 11904 4480 0 0 ]
[ 8 13312 5248 90 0 ]
[ 8 13312 5760 90 0 ]
[ 8 13312 4736 90 0 ]
[ 1 14336 5760 90 0 ]
[ 1 13824 5760 90 3 ]
[ 12 13440 4480 180 1 ]
[ 12 13568 4480 180 0 ]
[ 12 13696 4480 180 0 ]
[ 12 13824 4480 180 0 ]
[ 12 13952 4480 180 0 ]
[ 12 14080 4480 180 0 ]
[ 12 14208 4480 180 2 ]
[ 23 13952 5248 180 0 ]
[ 23 14080 5248 180 0 ]
[ 23 14208 5248 180 0 ]
[ 4 14336 5248 0 0 ]
[ 4 13824 5248 0 0 ]
[ 13 13824 4736 180 0 ]
[ 13 14336 4736 180 0 ]
[ 25 14208 4736 360 0 ]
[ 25 14080 4736 0 0 ]
[ 25 13952 4736 0 0 ]
[ 12 14336 5120 90 1 ]
[ 12 14336 4992 90 0 ]
[ 12 14336 4864 90 2 ]
[ 7 13952 5760 180 0 ]
[ 7 14080 5760 180 0 ]
[ 7 14208 5760 180 0 ]
[ 7 14336 5376 270 1 ]
[ 7 14336 5504 270 0 ]
[ 7 14336 5632 270 0 ]
[ 9 13696 5760 0 0 ]
[ 9 13568 5760 0 0 ]
[ 9 13440 5760 0 0 ]
[ 9 13312 5632 90 0 ]
[ 9 13312 5504 90 0 ]
[ 9 13312 5376 90 0 ]
[ 9 13312 4864 90 0 ]
[ 9 13312 4992 90 0 ]
[ 9 13312 5120 90 0 ]
[ 9 13440 4736 180 0 ]
[ 9 13568 4736 180 0 ]
[ 9 13696 4736 180 0 ]
[ 6 14080 4992 0 3 ]
[ 1 15488 4736 180 5 ]
[ 1 15488 5248 270 5 ]
[ 1 15232 4736 0 3 ]
[ 1 15232 5248 0 5 ]
[ 1 16000 5248 90 2 ]
[ 1 16000 4736 180 0 ]
[ 1 16256 4736 270 4 ]
[ 1 16256 5248 0 3 ]
[ 7 15360 5248 180 0 ]
[ 7 15360 4736 180 0 ]
[ 7 15232 4992 270 0 ]
[ 7 15232 5120 270 0 ]
[ 7 15232 4864 270 0 ]
[ 7 15616 4736 0 0 ]
[ 7 15744 4736 0 0 ]
[ 7 15872 4736 0 0 ]
[ 7 16128 4736 0 0 ]
[ 7 16256 4864 90 0 ]
[ 7 16256 5120 90 0 ]
[ 7 16128 5248 180 0 ]
[ 7 15872 5248 180 0 ]
[ 7 15744 5248 180 0 ]
[ 7 15616 5248 180 0 ]
[ 6 16256 4992 0 1 ]
[ 1 15104 4480 90 1 ]
[ 1 16384 4480 180 4 ]
[ 7 15232 4480 180 0 ]
[ 7 16256 4480 180 0 ]
[ 7 16128 4480 180 0 ]
[ 7 16000 4480 180 0 ]
[ 7 15872 4480 180 0 ]
[ 7 15744 4480 180 0 ]
[ 7 15616 4480 180 0 ]
[ 7 15488 4480 180 0 ]
[ 7 15360 4480 180 0 ]
[ 13 17664 4736 180 0 ]
[ 13 17664 5248 180 0 ]
[ 13 18560 5248 180 0 ]
[ 13 18560 4736 180 0 ]
[ 25 17792 5248 180 0 ]
[ 25 17920 5248 180 0 ]
[ 25 18048 5248 180 0 ]
[ 25 18176 5248 180 0 ]
[ 25 18304 5248 180 0 ]
[ 25 18432 5248 180 0 ]
[ 25 18432 4736 180 0 ]
[ 25 18304 4736 180 0 ]
[ 25 18176 4736 180 0 ]
[ 25 18048 4736 180 0 ]
[ 25 17920 4736 180 0 ]
[ 25 17792 4736 180 0 ]
[ 25 17664 4864 270 0 ]
[ 25 17664 4992 270 0 ]
[ 25 17664 5120 270 0 ]
[ 25 18688 5248 0 0 ]
[ 25 18816 5248 0 0 ]
[ 25 18944 5248 0 0 ]
[ 25 19072 5248 0 0 ]
[ 25 19200 5248 0 0 ]
[ 25 18688 4736 0 0 ]
[ 25 18816 4736 0 0 ]
[ 25 18944 4736 0 0 ]
[ 25 19072 4736 0 0 ]
[ 25 19200 4736 0 0 ]
[ 25 19328 4736 0 0 ]
[ 25 19328 5248 0 0 ]
[ 13 19456 5248 0 0 ]
[ 13 19456 4736 0 0 ]
[ 12 19456 4864 90 1 ]
[ 12 19456 5120 90 2 ]
[ 13 17792 4480 90 0 ]
[ 13 18432 4480 90 0 ]
[ 12 18048 4480 180 0 ]
[ 12 18176 4480 180 0 ]
[ 12 18304 4480 180 0 ]
[ 12 17920 4480 180 0 ]
[ 6 19456 4992 0 3 ]
[ 13 18688 4480 180 0 ]
[ 13 19456 4480 180 0 ]
[ 12 18944 4480 180 0 ]
[ 12 18816 4480 180 0 ]
[ 12 19328 4480 180 0 ]
[ 12 19200 4480 180 0 ]
[ 12 19072 4480 180 0 ]
[ 22 22272 4736 0 0 ]
[ 22 22272 5248 0 0 ]
[ 22 23040 4736 0 0 ]
[ 23 22272 4864 90 0 ]
[ 23 22272 4992 90 0 ]
[ 23 22272 5120 90 0 ]
[ 23 23168 4736 180 0 ]
[ 23 23296 4736 180 0 ]
[ 23 23424 4736 180 0 ]
[ 23 23552 4736 180 0 ]
[ 23 23680 4736 180 0 ]
[ 23 23808 4736 180 0 ]
[ 23 23936 4736 180 0 ]
[ 23 24064 4736 180 0 ]
[ 23 24192 4736 180 0 ]
[ 23 24320 4736 180 0 ]
[ 23 24448 4736 180 0 ]
[ 23 24576 4736 180 0 ]
[ 23 24704 4736 180 0 ]
[ 23 24832 4736 180 0 ]
[ 23 24960 4736 180 0 ]
[ 22 25088 4736 180 0 ]
[ 23 22400 4736 180 0 ]
[ 23 22528 4736 180 0 ]
[ 23 22656 4736 180 0 ]
[ 23 22784 4736 180 0 ]
[ 23 22912 4736 180 0 ]
[ 23 22400 5248 180 0 ]
[ 23 22528 5248 180 0 ]
[ 23 22656 5248 180 0 ]
[ 23 22784 5248 180 0 ]
[ 23 22912 5248 180 0 ]
[ 22 23040 6016 180 0 ]
[ 22 25088 6016 180 0 ]
[ 23 23040 5376 270 0 ]
[ 23 23040 5504 270 0 ]
[ 23 23040 5632 270 0 ]
[ 23 23040 5760 270 0 ]
[ 23 23040 5888 270 0 ]
[ 23 23168 6016 0 0 ]
[ 23 23296 6016 0 0 ]
[ 23 23424 6016 0 0 ]
[ 23 23552 6016 0 0 ]
[ 23 23680 6016 0 0 ]
[ 23 23808 6016 0 0 ]
[ 23 24960 6016 0 0 ]
[ 23 24832 6016 0 0 ]
[ 23 24704 6016 0 0 ]
[ 23 24576 6016 0 0 ]
[ 23 24448 6016 0 0 ]
[ 23 24320 6016 0 0 ]
[ 23 24192 6016 0 0 ]
[ 23 24064 6016 0 0 ]
[ 23 23936 6016 0 0 ]
[ 11 23168 5248 0 0 ]
[ 11 23296 5248 0 0 ]
[ 11 23424 5248 0 0 ]
[ 11 23552 5248 0 0 ]
[ 11 23680 5248 0 0 ]
[ 11 23808 5248 0 0 ]
[ 11 23936 5248 0 0 ]
[ 11 24064 5248 0 0 ]
[ 11 24192 5248 0 0 ]
[ 11 24320 5248 0 0 ]
[ 11 24448 5248 0 0 ]
[ 11 24576 5248 0 0 ]
[ 11 24704 5248 0 0 ]
[ 11 24832 5248 360 0 ]
[ 11 24960 5248 0 0 ]
[ 4 23040 5248 0 0 ]
[ 4 25088 5248 0 0 ]
[ 23 25216 4736 180 0 ]
[ 23 25344 4736 180 0 ]
[ 23 25472 4736 180 0 ]
[ 23 25600 4736 180 0 ]
[ 23 25728 4736 180 0 ]
[ 23 25856 4736 180 0 ]
[ 23 25984 4736 180 0 ]
[ 23 26112 4736 180 0 ]
[ 23 26240 4736 180 0 ]
[ 23 26368 4736 180 0 ]
[ 23 26496 4736 180 0 ]
[ 23 26624 4736 180 0 ]
[ 23 26752 4736 180 0 ]
[ 23 26880 4736 180 0 ]
[ 23 27008 4736 180 0 ]
[ 22 27136 4736 180 0 ]
[ 22 27136 6016 180 0 ]
[ 23 25216 6016 0 0 ]
[ 23 25344 6016 0 0 ]
[ 23 25472 6016 0 0 ]
[ 23 25600 6016 0 0 ]
[ 23 25728 6016 0 0 ]
[ 23 25856 6016 0 0 ]
[ 23 27008 6016 0 0 ]
[ 23 26880 6016 0 0 ]
[ 23 26752 6016 0 0 ]
[ 23 26624 6016 0 0 ]
[ 23 26496 6016 0 0 ]
[ 23 26368 6016 0 0 ]
[ 23 26240 6016 0 0 ]
[ 23 26112 6016 0 0 ]
[ 23 25984 6016 0 0 ]
[ 11 25216 5248 0 0 ]
[ 11 25344 5248 0 0 ]
[ 11 25472 5248 0 0 ]
[ 11 25600 5248 0 0 ]
[ 11 25728 5248 0 0 ]
[ 11 25856 5248 0 0 ]
[ 11 25984 5248 0 0 ]
[ 11 26112 5248 0 0 ]
[ 11 26240 5248 0 0 ]
[ 11 26368 5248 0 0 ]
[ 11 26496 5248 0 0 ]
[ 11 26624 5248 0 0 ]
[ 11 26752 5248 0 0 ]
[ 11 26880 5248 0 0 ]
[ 11 27008 5248 0 0 ]
[ 4 27136 5248 0 0 ]
[ 1 23296 5760 90 0 ]
[ 2 23552 5504 0 dmode 17 0 ]
[ 7 23552 5760 0 0 ]
[ 26 23808 5504 0 dmode 17 0 ]
[ 27 23808 5760 0 dmode 17 1 ]
[ 28 24064 5504 0 barmode 17 ]
[ 29 24064 5760 0 0 ]
[ 6 24320 5504 0 1 ]
[ 4 24320 5760 0 1 ]
[ 23 27264 4736 180 0 ]
[ 23 27392 4736 180 0 ]
[ 23 27520 4736 180 0 ]
[ 23 27648 4736 180 0 ]
[ 23 27776 4736 180 0 ]
[ 23 27904 4736 180 0 ]
[ 23 28032 4736 180 0 ]
[ 23 28160 4736 180 0 ]
[ 23 28288 4736 180 0 ]
[ 23 28416 4736 180 0 ]
[ 23 28544 4736 180 0 ]
[ 23 28672 4736 180 0 ]
[ 23 28800 4736 180 0 ]
[ 23 28928 4736 180 0 ]
[ 23 29056 4736 180 0 ]
[ 22 29184 4736 180 0 ]
[ 22 29184 6016 180 0 ]
[ 23 27264 6016 0 0 ]
[ 23 27392 6016 0 0 ]
[ 23 27520 6016 0 0 ]
[ 23 27648 6016 0 0 ]
[ 23 27776 6016 0 0 ]
[ 23 27904 6016 0 0 ]
[ 23 29056 6016 0 0 ]
[ 23 28928 6016 0 0 ]
[ 23 28800 6016 0 0 ]
[ 23 28672 6016 0 0 ]
[ 23 28544 6016 0 0 ]
[ 23 28416 6016 0 0 ]
[ 23 28288 6016 0 0 ]
[ 23 28160 6016 0 0 ]
[ 23 28032 6016 0 0 ]
[ 11 27264 5248 0 0 ]
[ 11 27392 5248 0 0 ]
[ 11 27520 5248 0 0 ]
[ 11 27648 5248 0 0 ]
[ 11 27776 5248 0 0 ]
[ 11 27904 5248 0 0 ]
[ 11 28032 5248 0 0 ]
[ 11 28160 5248 0 0 ]
[ 11 28288 5248 0 0 ]
[ 11 28416 5248 0 0 ]
[ 11 28544 5248 0 0 ]
[ 11 28672 5248 0 0 ]
[ 11 28800 5248 0 0 ]
[ 11 28928 5248 0 0 ]
[ 11 29056 5248 0 0 ]
[ 4 29184 5248 0 0 ]
[ 23 29312 4736 180 0 ]
[ 23 29440 4736 180 0 ]
[ 23 29568 4736 180 0 ]
[ 23 29696 4736 180 0 ]
[ 23 29824 4736 180 0 ]
[ 23 29952 4736 180 0 ]
[ 23 30080 4736 180 0 ]
[ 23 30208 4736 180 0 ]
[ 23 30336 4736 180 0 ]
[ 23 30464 4736 180 0 ]
[ 23 30592 4736 180 0 ]
[ 23 30720 4736 180 0 ]
[ 23 30848 4736 180 0 ]
[ 23 30976 4736 180 0 ]
[ 23 31104 4736 180 0 ]
[ 22 31232 4736 180 0 ]
[ 22 31232 6016 180 0 ]
[ 23 29312 6016 0 0 ]
[ 23 29440 6016 0 0 ]
[ 23 29568 6016 0 0 ]
[ 23 29696 6016 0 0 ]
[ 23 29824 6016 0 0 ]
[ 23 29952 6016 0 0 ]
[ 23 31104 6016 0 0 ]
[ 23 30976 6016 0 0 ]
[ 23 30848 6016 0 0 ]
[ 23 30720 6016 0 0 ]
[ 23 30592 6016 0 0 ]
[ 23 30464 6016 0 0 ]
[ 23 30336 6016 0 0 ]
[ 23 30208 6016 0 0 ]
[ 23 30080 6016 0 0 ]
[ 11 29312 5248 0 0 ]
[ 11 29440 5248 0 0 ]
[ 11 29568 5248 0 0 ]
[ 11 29696 5248 0 0 ]
[ 11 29824 5248 0 0 ]
[ 11 29952 5248 0 0 ]
[ 11 30080 5248 0 0 ]
[ 11 30208 5248 0 0 ]
[ 11 30336 5248 0 0 ]
[ 11 30464 5248 0 0 ]
[ 11 30592 5248 0 0 ]
[ 11 30720 5248 0 0 ]
[ 11 30848 5248 0 0 ]
[ 11 30976 5248 0 0 ]
[ 11 31104 5248 0 0 ]
[ 4 31232 5248 0 0 ]
[ 13 25600 5504 180 0 ]
[ 12 25600 5760 180 0 ]
[ 24 25856 5760 180 lmode 24 0 ]
[ 19 26112 5504 0 3 ]
[ 4 26112 5760 0 3 ]
[ 25 26368 5760 180 0 ]
[ 15 28672 5760 0 crystal 24 1 ]
[ 30 28928 5504 0 barmode 25 ]
[ 10 28928 5760 0 0 ]
[ 11 29184 5760 0 0 ]
[ 20 29184 5504 0 2 ]
[ 4 29440 5760 0 2 ]
[ 23 31360 4736 180 0 ]
[ 23 31488 4736 180 0 ]
[ 23 31616 4736 180 0 ]
[ 23 31744 4736 180 0 ]
[ 23 31872 4736 180 0 ]
[ 23 32000 4736 180 0 ]
[ 23 32128 4736 180 0 ]
[ 23 32256 4736 180 0 ]
[ 23 32384 4736 180 0 ]
[ 23 32512 4736 180 0 ]
[ 23 32640 4736 180 0 ]
[ 23 32768 4736 180 0 ]
[ 23 32896 4736 180 0 ]
[ 23 33024 4736 180 0 ]
[ 23 33152 4736 180 0 ]
[ 22 33280 4736 180 0 ]
[ 22 33280 6016 180 0 ]
[ 23 31360 6016 0 0 ]
[ 23 31488 6016 0 0 ]
[ 23 31616 6016 0 0 ]
[ 23 31744 6016 0 0 ]
[ 23 31872 6016 0 0 ]
[ 23 32000 6016 0 0 ]
[ 23 33152 6016 0 0 ]
[ 23 33024 6016 0 0 ]
[ 23 32896 6016 0 0 ]
[ 23 32768 6016 0 0 ]
[ 23 32640 6016 0 0 ]
[ 23 32512 6016 0 0 ]
[ 23 32384 6016 0 0 ]
[ 23 32256 6016 0 0 ]
[ 23 32128 6016 0 0 ]
[ 11 31360 5248 0 0 ]
[ 11 31488 5248 0 0 ]
[ 11 31616 5248 0 0 ]
[ 11 31744 5248 0 0 ]
[ 11 31872 5248 0 0 ]
[ 11 32000 5248 0 0 ]
[ 11 32128 5248 0 0 ]
[ 11 32256 5248 0 0 ]
[ 11 32384 5248 0 0 ]
[ 11 32512 5248 0 0 ]
[ 11 32640 5248 0 0 ]
[ 11 32768 5248 0 0 ]
[ 11 32896 5248 0 0 ]
[ 11 33024 5248 0 0 ]
[ 11 33152 5248 0 0 ]
[ 4 33280 5248 0 0 ]
[ 8 30464 5760 0 0 ]
[ 9 30720 5760 0 0 ]
[ 14 30720 5504 0 0 ]
[ 14 30976 5504 0 1 ]
[ 14 31232 5504 0 2 ]
[ 16 30976 5760 0 0 ]
[ 16 31232 5760 0 1 ]
[ 17 31488 5504 0 0 ]
[ 6 31488 5760 0 0 ]
[ 22 31744 5504 0 0 ]
[ 4 31744 5760 0 0 ]
[ 23 32000 5504 0 0 ]
[ 21 32000 5760 0 0 ]
[ 22 34048 6016 0 0 ]
[ 23 33408 6016 0 0 ]
[ 23 33536 6016 0 0 ]
[ 23 33664 6016 0 0 ]
[ 23 33792 6016 0 0 ]
[ 23 33920 6016 0 0 ]
[ 23 34048 5888 90 0 ]
[ 23 34048 5760 90 0 ]
[ 23 34048 5632 90 0 ]
[ 23 34048 5504 90 0 ]
[ 23 34048 5376 90 0 ]
[ 11 33408 5248 180 0 ]
[ 11 33536 5248 180 0 ]
[ 11 33664 5248 180 0 ]
[ 11 33792 5248 180 0 ]
[ 11 33920 5248 180 0 ]
[ 4 34048 5248 0 0 ]
[ 22 34048 4736 180 0 ]
[ 23 33408 4736 180 0 ]
[ 23 33536 4736 180 0 ]
[ 23 33664 4736 180 0 ]
[ 23 33792 4736 180 0 ]
[ 23 33920 4736 180 0 ]
[ 23 34176 5248 180 0 ]
[ 23 34304 5248 180 0 ]
[ 23 34176 4736 180 0 ]
[ 23 34304 4736 180 0 ]
[ 23 34432 4736 180 0 ]
[ 23 34432 5248 180 0 ]
[ 22 34560 5248 180 0 ]
[ 22 34560 4736 180 0 ]
[ 4 34560 4864 0 0 ]
[ 4 34560 5120 0 0 ]
[ 6 34560 4992 0 0 ]
[ 22 37504 4736 180 0 ]
[ 22 38016 4736 180 0 ]
[ 22 38016 5248 180 0 ]
[ 22 37504 5248 180 0 ]
[ 23 37888 4736 180 0 ]
[ 23 37632 4736 180 0 ]
[ 23 37632 5248 180 0 ]
[ 23 37888 5248 180 0 ]
[ 23 37504 4864 270 0 ]
[ 23 37504 5120 270 0 ]
[ 22 38272 4736 0 0 ]
[ 22 38272 4480 0 0 ]
[ 22 38016 4480 0 0 ]
[ 22 38016 5504 0 0 ]
[ 22 38272 5504 0 0 ]
[ 22 38272 5248 0 0 ]
[ 22 38528 5248 0 0 ]
[ 22 38528 5504 0 0 ]
[ 22 38528 4480 0 0 ]
[ 22 38784 4736 0 0 ]
[ 22 38784 4480 0 0 ]
[ 22 38784 5248 0 0 ]
[ 22 38784 5504 0 0 ]
[ 22 37504 4480 0 0 ]
[ 22 37248 4480 0 0 ]
[ 22 37248 4736 0 0 ]
[ 22 37248 5248 0 0 ]
[ 22 37248 5504 0 0 ]
[ 22 37504 5504 0 0 ]
[ 23 37632 4480 0 0 ]
[ 23 37888 4480 0 0 ]
[ 23 37376 4480 0 0 ]
[ 23 37248 4608 90 0 ]
[ 23 37248 4864 90 0 ]
[ 23 37248 4992 90 0 ]
[ 23 37248 5120 90 0 ]
[ 23 37248 5376 90 0 ]
[ 23 37376 5504 180 0 ]
[ 23 37632 5504 180 0 ]
[ 23 37760 5504 180 0 ]
[ 23 37888 5504 180 0 ]
[ 23 38144 5504 180 0 ]
[ 23 38400 5504 180 0 ]
[ 23 38656 5504 180 0 ]
[ 23 38784 5376 270 0 ]
[ 23 38784 5120 270 0 ]
[ 23 38784 4992 270 0 ]
[ 23 38784 4864 270 0 ]
[ 23 38784 4608 270 0 ]
[ 23 38656 4480 360 0 ]
[ 23 38400 4480 0 0 ]
[ 23 38144 4480 0 0 ]
[ 23 38528 4864 90 0 ]
[ 23 38528 4992 90 0 ]
[ 23 38528 5120 90 0 ]
[ 23 38016 4608 90 0 ]
[ 23 38272 4608 90 0 ]
[ 23 38528 4608 90 0 ]
[ 23 38528 5376 90 0 ]
[ 23 38272 5376 90 0 ]
[ 23 38016 5376 90 0 ]
[ 22 38528 4736 90 0 ]
[ 17 38144 5248 270 0 ]
[ 17 38400 5248 270 0 ]
[ 17 38400 4736 270 0 ]
[ 22 37760 5248 270 0 ]
[ 22 37504 4992 270 0 ]
[ 22 37760 4736 270 0 ]
[ 22 37760 4480 270 0 ]
[ 23 37760 5376 270 0 ]
[ 23 37504 5376 270 0 ]
[ 23 37376 5248 360 0 ]
[ 23 37376 4992 0 0 ]
[ 23 37376 4736 0 0 ]
[ 23 37504 4608 90 0 ]
[ 23 37760 4608 90 0 ]
[ 17 38016 4992 90 0 ]
[ 17 38016 4864 90 0 ]
[ 17 38144 4992 90 0 ]
[ 17 38272 4992 90 0 ]
[ 23 38656 5248 180 0 ]
[ 23 38656 4736 180 0 ]
[ 8 40704 4736 0 0 ]
[ 8 40704 4992 0 0 ]
[ 8 40960 4992 0 0 ]
[ 8 40960 4736 0 0 ]
[ 9 40832 4736 0 0 ]
[ 9 40704 4864 90 0 ]
[ 9 40832 4992 180 0 ]
[ 9 41472 4992 180 0 ]
[ 9 41344 4992 180 0 ]
[ 9 41088 4992 180 0 ]
[ 9 41088 4736 180 0 ]
[ 9 41344 4736 180 0 ]
[ 9 41472 4736 180 0 ]
[ 9 41600 4736 180 0 ]
[ 9 41600 4992 180 0 ]
[ 8 41728 4736 180 0 ]
[ 8 41728 4992 180 0 ]
[ 1 40832 4224 180 3 ]
[ 1 41600 4224 90 0 ]
[ 7 40960 4224 180 0 ]
[ 7 41088 4224 180 0 ]
[ 7 41216 4224 180 0 ]
[ 7 41344 4224 180 0 ]
[ 7 41472 4224 180 0 ]
[ 1 40960 4480 90 5 ]
[ 1 41472 4480 180 1 ]
[ 7 41088 4480 180 0 ]
[ 7 41344 4480 180 0 ]
[ 7 41216 4480 180 0 ]
[ 6 41088 4864 0 0 ]
[ 8 41216 4736 180 0 ]
[ 8 41216 4992 180 0 ]
[ 3 41728 4864 0 0 ]
Movables
[ 3968 2176 3 ]
[ 23296 5504 2 ]
[ 25856 5504 0 ]
[ 28672 5504 1 ]
[ 30464 5504 3 ]
Map_floor
[ 9 512 384 0 5 ]
[ 9 512 512 0 2 ]
[ 9 512 640 0 4 ]
[ 9 640 384 0 1 ]
[ 9 640 512 0 1 ]
[ 9 640 640 0 1 ]
[ 9 768 384 0 3 ]
[ 9 768 512 0 4 ]
[ 9 768 640 0 4 ]
[ 9 896 384 0 5 ]
[ 9 896 512 0 2 ]
[ 9 896 640 0 0 ]
[ 9 1024 384 0 0 ]
[ 9 1024 512 0 3 ]
[ 9 1024 640 0 0 ]
[ 9 1152 384 0 5 ]
[ 9 1152 512 0 3 ]
[ 9 1152 640 0 0 ]
[ 9 1280 384 0 4 ]
[ 9 1280 512 0 2 ]
[ 9 1280 640 0 1 ]
[ 9 1408 384 0 0 ]
[ 9 1408 512 0 3 ]
[ 9 1408 640 0 1 ]
[ 9 1536 384 0 1 ]
[ 9 1536 512 0 0 ]
[ 9 1536 640 0 1 ]
[ 9 1664 384 0 4 ]
[ 9 1664 512 0 3 ]
[ 9 1664 640 0 4 ]
[ 9 1792 384 0 0 ]
[ 9 1792 512 0 2 ]
[ 9 1792 640 0 5 ]
[ 9 1920 384 0 1 ]
[ 9 1920 512 0 0 ]
[ 9 1920 640 0 3 ]
[ 9 2047 384 0 3 ]
[ 9 2047 512 0 1 ]
[ 9 2047 640 0 5 ]
[ 9 2176 384 0 1 ]
[ 9 2176 512 0 3 ]
[ 9 2176 640 0 0 ]
[ 9 2304 384 0 3 ]
[ 9 2304 512 0 4 ]
[ 9 2304 640 0 2 ]
[ 9 2432 384 90 5 ]
[ 9 2560 384 90 5 ]
[ 9 2432 640 90 1 ]
[ 9 2432 512 90 0 ]
[ 9 2560 512 90 5 ]
[ 9 2560 640 90 1 ]
[ 4 2688 384 0 0 ]
[ 4 2688 512 0 0 ]
[ 4 2688 640 0 0 ]
[ 6 2816 384 0 0 ]
[ 6 2816 512 0 0 ]
[ 6 2816 640 0 0 ]
[ 1 2560 2560 0 0 ]
[ 1 2560 2688 180 0 ]
[ 1 2560 2816 270 0 ]
[ 1 2688 2560 180 0 ]
[ 1 2688 2688 90 0 ]
[ 1 2688 2816 270 0 ]
[ 1 2816 2560 90 0 ]
[ 1 2816 2688 0 0 ]
[ 1 2816 2816 90 0 ]
[ 1 2944 2560 90 0 ]
[ 1 2944 2688 90 0 ]
[ 1 2944 2816 270 0 ]
[ 1 3072 2560 90 0 ]
[ 1 3072 2688 180 0 ]
[ 1 3072 2816 90 0 ]
[ 1 3200 2560 0 0 ]
[ 1 3200 2688 90 0 ]
[ 1 3200 2816 0 0 ]
[ 1 3328 2560 0 0 ]
[ 1 3328 2688 270 0 ]
[ 1 3328 2816 90 0 ]
[ 1 3456 2560 180 0 ]
[ 1 3456 2688 180 0 ]
[ 1 3456 2816 0 0 ]
[ 1 3584 2560 0 0 ]
[ 1 3584 2688 90 0 ]
[ 1 3584 2816 180 0 ]
[ 21 2688 2176 180 0 ]
[ 21 2816 2176 180 0 ]
[ 21 2944 2176 180 0 ]
[ 21 3072 2176 180 0 ]
[ 21 3200 2176 180 0 ]
[ 2 3712 2560 270 dmode 0 0 ]
[ 2 3712 2688 270 dmode 0 0 ]
[ 2 3712 2816 270 dmode 0 0 ]
[ 3 3840 2432 0 dmode 0 1 ]
[ 3 4096 2432 0 dmode 0 1 ]
[ 3 3968 2432 0 dmode 0 1 ]
[ 2 4352 2432 0 dmode 0 0 ]
[ 2 4480 2432 0 dmode 0 0 ]
[ 2 4608 2432 0 dmode 0 0 ]
[ 17 4480 2176 90 dmode 1 0 ]
[ 21 4352 2048 90 0 ]
[ 21 4480 2048 90 0 ]
[ 21 4608 2048 90 0 ]
[ 21 4608 2176 90 0 ]
[ 21 4608 2304 90 0 ]
[ 21 4480 2304 90 0 ]
[ 21 4352 2304 90 0 ]
[ 21 4352 2176 90 0 ]
[ 3 4736 2816 90 dmode 1 1 ]
[ 3 4736 2560 90 dmode 1 1 ]
[ 3 4736 2688 90 dmode 1 1 ]
[ 21 3840 2304 90 0 ]
[ 21 3968 2048 90 0 ]
[ 21 4096 2048 90 0 ]
[ 21 4096 2176 90 0 ]
[ 21 4096 2304 90 0 ]
[ 21 3968 2304 90 0 ]
[ 21 3968 2176 90 0 ]
[ 21 3840 2176 90 0 ]
[ 21 3840 2048 90 0 ]
[ 21 3840 2560 90 0 ]
[ 21 3840 2688 90 0 ]
[ 21 3840 2816 90 0 ]
[ 21 3968 2816 90 0 ]
[ 21 4096 2816 90 0 ]
[ 21 4352 2816 90 0 ]
[ 21 4480 2816 90 0 ]
[ 21 4608 2816 90 0 ]
[ 21 4608 2688 90 0 ]
[ 21 4608 2560 90 0 ]
[ 21 4480 2560 90 0 ]
[ 21 4352 2560 90 0 ]
[ 21 3968 2560 90 0 ]
[ 21 3968 2688 90 0 ]
[ 21 4096 2688 90 0 ]
[ 21 4480 2688 90 0 ]
[ 21 4352 2688 90 0 ]
[ 21 4096 2560 90 0 ]
[ 2 4224 2560 90 dmode 1 0 ]
[ 2 4224 2688 90 dmode 1 0 ]
[ 2 4224 2816 90 dmode 1 0 ]
[ 1 4864 2560 0 0 ]
[ 1 4992 2560 90 0 ]
[ 1 5120 2560 90 0 ]
[ 1 5248 2560 90 0 ]
[ 1 5376 2560 0 0 ]
[ 1 5504 2560 270 0 ]
[ 1 5632 2560 0 0 ]
[ 1 5760 2560 180 0 ]
[ 1 5760 2688 90 0 ]
[ 1 5760 2816 90 0 ]
[ 1 4864 2688 270 0 ]
[ 1 4992 2688 0 0 ]
[ 1 5120 2688 0 0 ]
[ 1 5248 2688 270 0 ]
[ 1 5376 2688 270 0 ]
[ 1 5504 2688 270 0 ]
[ 1 5632 2688 180 0 ]
[ 1 5632 2816 180 0 ]
[ 1 5504 2816 90 0 ]
[ 1 5376 2816 180 0 ]
[ 1 5248 2816 90 0 ]
[ 1 5120 2816 0 0 ]
[ 1 4992 2816 270 0 ]
[ 1 4864 2816 0 0 ]
[ 1 5888 2560 0 0 ]
[ 1 6016 2560 270 0 ]
[ 1 6144 2560 0 0 ]
[ 1 6272 2560 180 0 ]
[ 1 6272 2688 90 0 ]
[ 1 6272 2816 90 0 ]
[ 1 5888 2688 270 0 ]
[ 1 6016 2688 270 0 ]
[ 1 6144 2688 180 0 ]
[ 1 6144 2816 180 0 ]
[ 1 6016 2816 90 0 ]
[ 1 5888 2816 180 0 ]
[ 23 3840 5248 0 lmode 1 0 ]
[ 23 3968 5248 0 lmode 1 0 ]
[ 23 4096 5248 0 lmode 1 0 ]
[ 24 4352 5248 0 lmode 1 1 ]
[ 24 4480 5248 0 lmode 1 1 ]
[ 24 4608 5248 0 lmode 1 1 ]
[ 6 4480 4992 0 0 ]
[ 6 4480 4864 0 0 ]
[ 6 4608 4864 0 0 ]
[ 6 4608 4992 0 0 ]
[ 6 4352 4864 0 0 ]
[ 6 4352 4992 0 0 ]
[ 6 4352 5120 0 0 ]
[ 6 4480 5120 0 0 ]
[ 6 4608 5120 0 0 ]
[ 20 4096 4992 0 0 ]
[ 20 3968 5120 0 0 ]
[ 20 3840 4992 0 0 ]
[ 20 3968 4864 0 0 ]
[ 13 3968 5376 0 0 ]
[ 13 4096 5376 0 0 ]
[ 13 4608 5632 0 0 ]
[ 13 4480 5632 0 0 ]
[ 13 3840 5632 0 0 ]
[ 13 3840 5376 0 0 ]
[ 13 4096 5504 0 0 ]
[ 13 4480 5504 0 0 ]
[ 13 4608 5376 0 0 ]
[ 20 3840 5504 0 0 ]
[ 20 3968 5504 0 0 ]
[ 20 3968 5632 0 0 ]
[ 20 4096 5632 0 0 ]
[ 20 4352 5504 0 0 ]
[ 20 4352 5376 0 0 ]
[ 20 4480 5376 0 0 ]
[ 20 4608 5504 0 0 ]
[ 13 3968 4992 0 0 ]
[ 13 4096 4864 0 0 ]
[ 13 3840 4864 0 0 ]
[ 13 3840 5120 0 0 ]
[ 13 4096 5120 0 0 ]
[ 15 6656 5248 90 crystal 0 0 ]
[ 15 6784 5248 90 crystal 0 0 ]
[ 15 6912 5248 90 crystal 0 0 ]
[ 16 6528 4864 90 crystal 0 1 ]
[ 16 6528 4992 90 crystal 0 1 ]
[ 16 6528 5120 90 crystal 0 1 ]
[ 16 6528 5376 90 crystal 0 1 ]
[ 16 6528 5504 90 crystal 0 1 ]
[ 6 6656 4864 0 0 ]
[ 6 6784 4864 0 0 ]
[ 6 6912 4864 0 0 ]
[ 6 6912 4992 0 0 ]
[ 6 6912 5120 0 0 ]
[ 6 6784 5120 0 0 ]
[ 6 6656 5120 0 0 ]
[ 6 6656 4992 0 0 ]
[ 6 6784 4992 0 0 ]
[ 40 6144 5248 0 barmode 0 0 ]
[ 40 6272 5248 0 barmode 0 0 ]
[ 40 6400 5248 0 barmode 0 0 ]
[ 14 7040 5248 0 0 ]
[ 14 7040 5120 0 0 ]
[ 14 7040 4992 0 0 ]
[ 14 7040 4864 0 0 ]
[ 14 6912 4736 0 0 ]
[ 14 6784 4736 0 0 ]
[ 14 6656 4736 0 0 ]
[ 14 6400 4736 0 0 ]
[ 14 6272 4736 0 0 ]
[ 14 6144 4736 0 0 ]
[ 14 6016 4864 0 0 ]
[ 14 6016 4992 0 0 ]
[ 14 6016 5120 0 0 ]
[ 14 6016 5376 0 0 ]
[ 14 6016 5504 0 0 ]
[ 14 6016 5632 0 0 ]
[ 14 6144 5760 0 0 ]
[ 14 6272 5760 0 0 ]
[ 14 6400 5760 0 0 ]
[ 14 6656 5760 0 0 ]
[ 14 6784 5760 0 0 ]
[ 14 6912 5760 0 0 ]
[ 14 7040 5632 0 0 ]
[ 14 7040 5504 0 0 ]
[ 14 7040 5376 0 0 ]
[ 14 6784 5376 90 0 ]
[ 14 6912 5376 90 0 ]
[ 14 6912 5504 90 0 ]
[ 14 6784 5504 90 0 ]
[ 14 6656 5376 90 0 ]
[ 14 6656 5504 90 0 ]
[ 14 6784 5632 90 0 ]
[ 14 6656 5632 90 0 ]
[ 14 6400 5632 90 0 ]
[ 14 6272 5632 90 0 ]
[ 14 6144 5632 90 0 ]
[ 14 6144 5504 90 0 ]
[ 14 6144 5376 90 0 ]
[ 14 6400 5376 90 0 ]
[ 14 6400 5504 90 0 ]
[ 14 6272 5504 90 0 ]
[ 14 6272 5376 90 0 ]
[ 14 6144 4864 90 0 ]
[ 14 6144 4992 90 0 ]
[ 14 6144 5120 90 0 ]
[ 14 6272 5120 90 0 ]
[ 14 6400 5120 90 0 ]
[ 14 6400 4992 90 0 ]
[ 14 6400 4864 90 0 ]
[ 14 6272 4864 90 0 ]
[ 16 6528 5632 90 crystal 0 1 ]
[ 18 8960 5248 0 9 ]
[ 18 9088 5248 0 9 ]
[ 18 9216 5248 0 9 ]
[ 9 9088 5376 0 1 ]
[ 9 9216 5376 0 4 ]
[ 9 9216 5504 0 2 ]
[ 9 9216 5632 0 1 ]
[ 9 9088 5632 0 4 ]
[ 9 8960 5632 0 0 ]
[ 9 8960 5504 0 0 ]
[ 9 8960 5376 0 2 ]
[ 9 9472 4864 0 1 ]
[ 9 9600 4864 0 0 ]
[ 9 9472 4992 0 4 ]
[ 9 9472 5120 0 2 ]
[ 9 9600 5120 0 2 ]
[ 9 9728 5120 0 5 ]
[ 9 9728 4992 0 0 ]
[ 9 9728 4864 0 0 ]
[ 9 9216 4992 0 1 ]
[ 9 9216 4864 0 0 ]
[ 9 9088 4864 0 0 ]
[ 9 8960 4864 0 4 ]
[ 9 8960 4992 0 5 ]
[ 9 9088 4992 0 5 ]
[ 9 8960 5120 0 3 ]
[ 9 9088 5120 0 2 ]
[ 9 9216 5120 0 1 ]
[ 6 9600 5504 0 0 ]
[ 6 9600 5632 0 0 ]
[ 6 9472 5632 0 0 ]
[ 6 9472 5504 0 0 ]
[ 6 9472 5376 0 0 ]
[ 6 9600 5376 0 0 ]
[ 6 9728 5376 0 0 ]
[ 6 9728 5504 0 0 ]
[ 6 9728 5632 0 0 ]
[ 18 9472 5248 0 9 ]
[ 18 9600 5248 0 9 ]
[ 18 9728 5248 0 9 ]
[ 7 9088 5504 0 ]
[ 8 9600 4992 0 ]
[ 22 11264 4864 90 0 ]
[ 22 11264 4992 90 0 ]
[ 22 11264 5120 90 0 ]
[ 22 11264 5376 90 0 ]
[ 22 11264 5504 90 0 ]
[ 22 11264 5632 90 0 ]
[ 22 11392 5632 90 0 ]
[ 22 11520 5632 90 0 ]
[ 22 11520 5504 90 0 ]
[ 22 11392 5504 90 0 ]
[ 22 11392 5376 90 0 ]
[ 22 11392 5120 90 0 ]
[ 22 11520 4992 90 0 ]
[ 22 11520 5376 90 0 ]
[ 22 11520 5120 90 0 ]
[ 22 11392 4992 90 0 ]
[ 22 11392 4864 90 0 ]
[ 22 11520 4864 90 0 ]
[ 22 12160 4864 90 0 ]
[ 22 12160 4992 90 0 ]
[ 22 12160 5120 90 0 ]
[ 22 12032 5248 90 0 ]
[ 22 11776 5248 90 0 ]
[ 22 11904 5248 90 0 ]
[ 18 11264 5248 0 17 ]
[ 18 11520 5248 0 17 ]
[ 18 11392 5248 0 17 ]
[ 18 11648 5120 90 17 ]
[ 18 11648 4992 90 17 ]
[ 18 11648 4864 90 17 ]
[ 7 11904 4992 4 ]
[ 8 11904 5504 4 ]
[ 9 11776 4992 90 4 ]
[ 9 11776 4864 90 2 ]
[ 9 11904 4864 90 5 ]
[ 9 12032 4864 90 3 ]
[ 9 12032 4992 90 3 ]
[ 9 12032 5120 90 3 ]
[ 9 11904 5120 90 0 ]
[ 9 11776 5120 90 2 ]
[ 9 11776 5376 90 0 ]
[ 9 11776 5504 90 3 ]
[ 9 11776 5632 90 5 ]
[ 9 11904 5632 90 0 ]
[ 9 12032 5632 90 5 ]
[ 9 12032 5504 90 5 ]
[ 9 12032 5376 90 4 ]
[ 9 11904 5376 90 1 ]
[ 10 13824 4864 180 1 ]
[ 10 13824 4992 180 1 ]
[ 10 13824 5120 180 1 ]
[ 20 14080 4992 90 0 ]
[ 20 13952 5120 90 0 ]
[ 20 14080 5120 90 0 ]
[ 13 13952 4992 90 0 ]
[ 13 13952 4864 90 0 ]
[ 13 14080 4864 90 0 ]
[ 13 14208 5120 90 0 ]
[ 13 14208 4992 90 0 ]
[ 20 14208 4864 90 0 ]
[ 9 13696 4864 180 3 ]
[ 9 13568 4864 180 3 ]
[ 9 13440 4864 180 4 ]
[ 9 13440 4992 180 3 ]
[ 9 13440 5120 180 4 ]
[ 9 13440 5248 180 3 ]
[ 9 13440 5376 180 3 ]
[ 9 13440 5504 180 5 ]
[ 9 13440 5632 180 4 ]
[ 9 13568 5632 180 0 ]
[ 9 13568 5504 180 1 ]
[ 9 13568 5376 180 2 ]
[ 9 13568 5248 180 3 ]
[ 9 13568 5120 180 3 ]
[ 9 13568 4992 180 2 ]
[ 9 13696 4992 180 0 ]
[ 9 13696 5120 180 5 ]
[ 9 13696 5248 180 2 ]
[ 9 13696 5376 180 1 ]
[ 9 13696 5504 180 0 ]
[ 9 13696 5632 180 1 ]
[ 1 13952 5376 90 0 ]
[ 1 14080 5376 0 0 ]
[ 1 14208 5376 180 0 ]
[ 1 14208 5504 90 0 ]
[ 1 14080 5504 90 0 ]
[ 1 13952 5504 180 0 ]
[ 1 13952 5632 270 0 ]
[ 1 14080 5632 90 0 ]
[ 1 14208 5632 0 0 ]
[ 10 13824 5632 180 0 ]
[ 10 13824 5504 180 0 ]
[ 10 13824 5376 180 0 ]
[ 21 15488 4992 180 0 ]
[ 21 15488 5120 180 0 ]
[ 21 15360 5120 180 0 ]
[ 21 15360 4992 180 0 ]
[ 21 15360 4864 180 0 ]
[ 21 15488 4864 180 0 ]
[ 21 15616 4864 180 0 ]
[ 21 15744 4864 180 0 ]
[ 21 15872 4864 180 0 ]
[ 21 16000 4864 180 0 ]
[ 21 16128 4864 180 0 ]
[ 21 16128 4992 180 0 ]
[ 21 16128 5120 180 0 ]
[ 21 16000 5120 180 0 ]
[ 21 15872 5120 180 0 ]
[ 21 15744 5120 180 0 ]
[ 21 15616 5120 180 0 ]
[ 21 15616 4992 180 0 ]
[ 21 15744 4992 180 0 ]
[ 21 15872 4992 180 0 ]
[ 21 16000 4992 180 0 ]
[ 20 17792 4864 270 0 ]
[ 20 17920 4864 270 0 ]
[ 20 18048 4864 270 0 ]
[ 20 18176 4864 270 0 ]
[ 20 18304 4864 270 0 ]
[ 20 18432 4864 270 0 ]
[ 20 17792 4992 270 0 ]
[ 20 17920 4992 270 0 ]
[ 20 18048 4992 270 0 ]
[ 20 18304 4992 270 0 ]
[ 20 18176 4992 270 0 ]
[ 20 17792 5120 270 0 ]
[ 20 17920 5120 270 0 ]
[ 20 18048 5120 270 0 ]
[ 20 18176 5120 270 0 ]
[ 20 18304 5120 270 0 ]
[ 20 18432 5120 270 0 ]
[ 20 18560 4864 0 0 ]
[ 20 19200 4864 0 0 ]
[ 20 19328 4864 0 0 ]
[ 20 19456 4864 0 0 ]
[ 20 19456 5120 0 0 ]
[ 20 19328 5120 0 0 ]
[ 20 19200 5120 0 0 ]
[ 20 19072 5120 0 0 ]
[ 20 18944 5120 0 0 ]
[ 20 18816 5120 0 0 ]
[ 20 18688 4864 0 0 ]
[ 20 18816 4864 0 0 ]
[ 20 18944 4864 0 0 ]
[ 20 19072 4864 0 0 ]
[ 20 19072 4992 0 0 ]
[ 20 19328 4992 0 0 ]
[ 20 19200 4992 0 0 ]
[ 20 18944 4992 0 0 ]
[ 20 18432 4992 0 0 ]
[ 20 18560 4992 0 0 ]
[ 20 18560 5120 0 0 ]
[ 20 18688 5120 0 0 ]
[ 20 18688 4992 0 0 ]
[ 20 18816 4992 0 0 ]
[ 19 19456 4992 360 0 ]
[ 22 22400 4864 0 0 ]
[ 22 22400 4992 0 0 ]
[ 22 22400 5120 0 0 ]
[ 22 22528 4864 0 0 ]
[ 22 22528 4992 0 0 ]
[ 22 22528 5120 0 0 ]
[ 22 22656 4864 0 0 ]
[ 22 22656 4992 0 0 ]
[ 22 22656 5120 0 0 ]
[ 22 22784 4864 0 0 ]
[ 22 22784 4992 0 0 ]
[ 22 22784 5120 0 0 ]
[ 22 22912 4864 0 0 ]
[ 22 22912 4992 0 0 ]
[ 22 22912 5120 0 0 ]
[ 22 23040 4864 0 0 ]
[ 22 23040 4992 0 0 ]
[ 22 23040 5120 0 0 ]
[ 22 23168 4864 0 0 ]
[ 22 23168 4992 0 0 ]
[ 22 23168 5120 0 0 ]
[ 22 23168 5248 0 0 ]
[ 22 23168 5376 0 0 ]
[ 22 23168 5504 0 0 ]
[ 22 23168 5632 0 0 ]
[ 22 23168 5760 0 0 ]
[ 22 23168 5888 0 0 ]
[ 22 23296 4864 0 0 ]
[ 22 23296 4992 0 0 ]
[ 22 23296 5120 0 0 ]
[ 22 23296 5248 0 0 ]
[ 22 23296 5376 0 0 ]
[ 22 23296 5504 0 0 ]
[ 22 23296 5632 0 0 ]
[ 22 23296 5760 0 0 ]
[ 22 23296 5888 0 0 ]
[ 22 23424 4864 0 0 ]
[ 22 23424 4992 0 0 ]
[ 22 23424 5120 0 0 ]
[ 22 23424 5248 0 0 ]
[ 22 23424 5376 0 0 ]
[ 22 23424 5504 0 0 ]
[ 22 23424 5632 0 0 ]
[ 22 23424 5760 0 0 ]
[ 22 23424 5888 0 0 ]
[ 22 23552 4864 0 0 ]
[ 22 23552 4992 0 0 ]
[ 22 23552 5120 0 0 ]
[ 22 23552 5248 0 0 ]
[ 22 23552 5376 0 0 ]
[ 22 23552 5504 0 0 ]
[ 22 23552 5632 0 0 ]
[ 22 23552 5760 0 0 ]
[ 22 23552 5888 0 0 ]
[ 22 23680 4864 0 0 ]
[ 22 23680 4992 0 0 ]
[ 22 23680 5120 0 0 ]
[ 22 23680 5248 0 0 ]
[ 22 23680 5376 0 0 ]
[ 22 23680 5504 0 0 ]
[ 22 23680 5632 0 0 ]
[ 22 23680 5760 0 0 ]
[ 22 23680 5888 0 0 ]
[ 22 23808 4864 0 0 ]
[ 22 23808 4992 0 0 ]
[ 22 23808 5120 0 0 ]
[ 22 23808 5248 0 0 ]
[ 22 23808 5376 0 0 ]
[ 22 23808 5504 0 0 ]
[ 22 23808 5632 0 0 ]
[ 22 23808 5760 0 0 ]
[ 22 23808 5888 0 0 ]
[ 22 23936 4864 0 0 ]
[ 22 23936 4992 0 0 ]
[ 22 23936 5120 0 0 ]
[ 22 23936 5248 0 0 ]
[ 22 23936 5376 0 0 ]
[ 22 23936 5504 0 0 ]
[ 22 23936 5632 0 0 ]
[ 22 23936 5760 0 0 ]
[ 22 23936 5888 0 0 ]
[ 22 24064 4864 0 0 ]
[ 22 24064 4992 0 0 ]
[ 22 24064 5120 0 0 ]
[ 22 24064 5248 0 0 ]
[ 22 24064 5376 0 0 ]
[ 22 24064 5504 0 0 ]
[ 22 24064 5632 0 0 ]
[ 22 24064 5760 0 0 ]
[ 22 24064 5888 0 0 ]
[ 22 24192 4864 0 0 ]
[ 22 24192 4992 0 0 ]
[ 22 24192 5120 0 0 ]
[ 22 24192 5248 0 0 ]
[ 22 24192 5376 0 0 ]
[ 22 24192 5504 0 0 ]
[ 22 24192 5632 0 0 ]
[ 22 24192 5760 0 0 ]
[ 22 24192 5888 0 0 ]
[ 22 24320 4864 0 0 ]
[ 22 24320 4992 0 0 ]
[ 22 24320 5120 0 0 ]
[ 22 24320 5248 0 0 ]
[ 22 24320 5376 0 0 ]
[ 22 24320 5504 0 0 ]
[ 22 24320 5632 0 0 ]
[ 22 24320 5760 0 0 ]
[ 22 24320 5888 0 0 ]
[ 22 24448 4864 0 0 ]
[ 22 24448 4992 0 0 ]
[ 22 24448 5120 0 0 ]
[ 22 24448 5248 0 0 ]
[ 22 24448 5376 0 0 ]
[ 22 24448 5504 0 0 ]
[ 22 24448 5632 0 0 ]
[ 22 24448 5760 0 0 ]
[ 22 24448 5888 0 0 ]
[ 22 24576 4864 0 0 ]
[ 22 24576 4992 0 0 ]
[ 22 24576 5120 0 0 ]
[ 22 24576 5248 0 0 ]
[ 22 24576 5376 0 0 ]
[ 22 24576 5632 0 0 ]
[ 22 24576 5888 0 0 ]
[ 22 24704 4864 0 0 ]
[ 22 24704 4992 0 0 ]
[ 22 24704 5120 0 0 ]
[ 22 24704 5248 0 0 ]
[ 22 24704 5376 0 0 ]
[ 22 24704 5504 0 0 ]
[ 22 24704 5632 0 0 ]
[ 22 24704 5760 0 0 ]
[ 22 24704 5888 0 0 ]
[ 22 24832 4864 0 0 ]
[ 22 24832 4992 0 0 ]
[ 22 24832 5120 0 0 ]
[ 22 24832 5248 0 0 ]
[ 22 24832 5376 0 0 ]
[ 22 24832 5632 0 0 ]
[ 22 24832 5888 0 0 ]
[ 22 24960 4864 0 0 ]
[ 22 24960 4992 0 0 ]
[ 22 24960 5120 0 0 ]
[ 22 24960 5248 0 0 ]
[ 22 24960 5376 0 0 ]
[ 22 24960 5504 0 0 ]
[ 22 24960 5632 0 0 ]
[ 22 24960 5760 0 0 ]
[ 22 24960 5888 0 0 ]
[ 22 25088 4864 0 0 ]
[ 22 25088 4992 0 0 ]
[ 22 25088 5120 0 0 ]
[ 22 25088 5376 0 0 ]
[ 22 25088 5632 0 0 ]
[ 22 25088 5888 0 0 ]
[ 22 25216 4864 0 0 ]
[ 22 25216 4992 0 0 ]
[ 22 25216 5120 0 0 ]
[ 22 25216 5248 0 0 ]
[ 22 25216 5376 0 0 ]
[ 22 25216 5504 0 0 ]
[ 22 25216 5632 0 0 ]
[ 22 25216 5760 0 0 ]
[ 22 25216 5888 0 0 ]
[ 22 25344 4864 0 0 ]
[ 22 25344 4992 0 0 ]
[ 22 25344 5120 0 0 ]
[ 22 25344 5248 0 0 ]
[ 22 25344 5376 0 0 ]
[ 22 25344 5632 0 0 ]
[ 22 25344 5888 0 0 ]
[ 22 25472 4864 0 0 ]
[ 22 25472 4992 0 0 ]
[ 22 25472 5120 0 0 ]
[ 22 25472 5248 0 0 ]
[ 22 25472 5376 0 0 ]
[ 22 25472 5504 0 0 ]
[ 22 25472 5632 0 0 ]
[ 22 25472 5760 0 0 ]
[ 22 25472 5888 0 0 ]
[ 22 25600 4864 0 0 ]
[ 22 25600 4992 0 0 ]
[ 22 25600 5120 0 0 ]
[ 22 25600 5248 0 0 ]
[ 22 25600 5376 0 0 ]
[ 22 25600 5632 0 0 ]
[ 22 25600 5888 0 0 ]
[ 22 25728 4864 0 0 ]
[ 22 25728 4992 0 0 ]
[ 22 25728 5120 0 0 ]
[ 22 25728 5248 0 0 ]
[ 22 25728 5376 0 0 ]
[ 22 25728 5504 0 0 ]
[ 22 25728 5632 0 0 ]
[ 22 25728 5760 0 0 ]
[ 22 25728 5888 0 0 ]
[ 22 25856 4864 0 0 ]
[ 22 25856 4992 0 0 ]
[ 22 25856 5120 0 0 ]
[ 22 25856 5248 0 0 ]
[ 22 25856 5376 0 0 ]
[ 22 25856 5632 0 0 ]
[ 22 25856 5888 0 0 ]
[ 22 25984 4864 0 0 ]
[ 22 25984 4992 0 0 ]
[ 22 25984 5120 0 0 ]
[ 22 25984 5248 0 0 ]
[ 22 25984 5376 0 0 ]
[ 22 25984 5632 0 0 ]
[ 22 25984 5760 0 0 ]
[ 22 25984 5888 0 0 ]
[ 22 26112 4864 0 0 ]
[ 22 26112 4992 0 0 ]
[ 22 26112 5120 0 0 ]
[ 22 26112 5248 0 0 ]
[ 22 26112 5376 0 0 ]
[ 22 26112 5632 0 0 ]
[ 22 26112 5760 0 0 ]
[ 22 26112 5888 0 0 ]
[ 22 26240 4864 0 0 ]
[ 22 26240 4992 0 0 ]
[ 22 26240 5120 0 0 ]
[ 22 26240 5248 0 0 ]
[ 22 26240 5376 0 0 ]
[ 22 26240 5504 0 0 ]
[ 22 26240 5632 0 0 ]
[ 22 26240 5760 0 0 ]
[ 22 26240 5888 0 0 ]
[ 22 26368 4864 0 0 ]
[ 22 26368 4992 0 0 ]
[ 22 26368 5120 0 0 ]
[ 22 26368 5248 0 0 ]
[ 22 26368 5376 0 0 ]
[ 22 26368 5632 0 0 ]
[ 22 26368 5760 0 0 ]
[ 22 26368 5888 0 0 ]
[ 22 26496 4864 0 0 ]
[ 22 26496 4992 0 0 ]
[ 22 26496 5120 0 0 ]
[ 22 26496 5248 0 0 ]
[ 22 26496 5376 0 0 ]
[ 22 26496 5504 0 0 ]
[ 22 26496 5632 0 0 ]
[ 22 26496 5760 0 0 ]
[ 22 26496 5888 0 0 ]
[ 22 26624 4864 0 0 ]
[ 22 26624 4992 0 0 ]
[ 22 26624 5120 0 0 ]
[ 22 26624 5248 0 0 ]
[ 22 26624 5376 0 0 ]
[ 22 26624 5632 0 0 ]
[ 22 26624 5888 0 0 ]
[ 22 26752 4864 0 0 ]
[ 22 26752 4992 0 0 ]
[ 22 26752 5120 0 0 ]
[ 22 26752 5248 0 0 ]
[ 22 26752 5376 0 0 ]
[ 22 26752 5504 0 0 ]
[ 22 26752 5632 0 0 ]
[ 22 26752 5760 0 0 ]
[ 22 26752 5888 0 0 ]
[ 22 26880 4864 0 0 ]
[ 22 26880 4992 0 0 ]
[ 22 26880 5120 0 0 ]
[ 22 26880 5248 0 0 ]
[ 22 26880 5376 0 0 ]
[ 22 26880 5632 0 0 ]
[ 22 26880 5888 0 0 ]
[ 22 27008 4864 0 0 ]
[ 22 27008 4992 0 0 ]
[ 22 27008 5120 0 0 ]
[ 22 27008 5248 0 0 ]
[ 22 27008 5376 0 0 ]
[ 22 27008 5504 0 0 ]
[ 22 27008 5632 0 0 ]
[ 22 27008 5760 0 0 ]
[ 22 27008 5888 0 0 ]
[ 22 27136 4864 0 0 ]
[ 22 27136 4992 0 0 ]
[ 22 27136 5120 0 0 ]
[ 22 27136 5376 0 0 ]
[ 22 27136 5632 0 0 ]
[ 22 27136 5888 0 0 ]
[ 22 27264 4864 0 0 ]
[ 22 27264 4992 0 0 ]
[ 22 27264 5120 0 0 ]
[ 22 27264 5248 0 0 ]
[ 22 27264 5376 0 0 ]
[ 22 27264 5504 0 0 ]
[ 22 27264 5632 0 0 ]
[ 22 27264 5760 0 0 ]
[ 22 27264 5888 0 0 ]
[ 22 27392 4864 0 0 ]
[ 22 27392 4992 0 0 ]
[ 22 27392 5120 0 0 ]
[ 22 27392 5248 0 0 ]
[ 22 27392 5376 0 0 ]
[ 22 27392 5632 0 0 ]
[ 22 27392 5888 0 0 ]
[ 22 27520 4864 0 0 ]
[ 22 27520 4992 0 0 ]
[ 22 27520 5120 0 0 ]
[ 22 27520 5248 0 0 ]
[ 22 27520 5376 0 0 ]
[ 22 27520 5504 0 0 ]
[ 22 27520 5632 0 0 ]
[ 22 27520 5760 0 0 ]
[ 22 27520 5888 0 0 ]
[ 22 27648 4864 0 0 ]
[ 22 27648 4992 0 0 ]
[ 22 27648 5120 0 0 ]
[ 22 27648 5248 0 0 ]
[ 22 27648 5376 0 0 ]
[ 22 27648 5632 0 0 ]
[ 22 27648 5888 0 0 ]
[ 22 27776 4864 0 0 ]
[ 22 27776 4992 0 0 ]
[ 22 27776 5120 0 0 ]
[ 22 27776 5248 0 0 ]
[ 22 27776 5376 0 0 ]
[ 22 27776 5504 0 0 ]
[ 22 27776 5632 0 0 ]
[ 22 27776 5760 0 0 ]
[ 22 27776 5888 0 0 ]
[ 22 27904 4864 0 0 ]
[ 22 27904 4992 0 0 ]
[ 22 27904 5120 0 0 ]
[ 22 27904 5248 0 0 ]
[ 22 27904 5376 0 0 ]
[ 22 27904 5632 0 0 ]
[ 22 27904 5888 0 0 ]
[ 22 28032 4864 0 0 ]
[ 22 28032 4992 0 0 ]
[ 22 28032 5120 0 0 ]
[ 22 28032 5248 0 0 ]
[ 22 28032 5376 0 0 ]
[ 22 28032 5504 0 0 ]
[ 22 28032 5632 0 0 ]
[ 22 28032 5760 0 0 ]
[ 22 28032 5888 0 0 ]
[ 22 28160 4864 0 0 ]
[ 22 28160 4992 0 0 ]
[ 22 28160 5120 0 0 ]
[ 22 28160 5248 0 0 ]
[ 22 28160 5376 0 0 ]
[ 22 28160 5632 0 0 ]
[ 22 28160 5888 0 0 ]
[ 22 28288 4864 0 0 ]
[ 22 28288 4992 0 0 ]
[ 22 28288 5120 0 0 ]
[ 22 28288 5248 0 0 ]
[ 22 28288 5376 0 0 ]
[ 22 28288 5504 0 0 ]
[ 22 28288 5632 0 0 ]
[ 22 28288 5760 0 0 ]
[ 22 28288 5888 0 0 ]
[ 22 28416 4864 0 0 ]
[ 22 28416 4992 0 0 ]
[ 22 28416 5120 0 0 ]
[ 22 28416 5248 0 0 ]
[ 22 28416 5376 0 0 ]
[ 22 28416 5632 0 0 ]
[ 22 28416 5888 0 0 ]
[ 22 28544 4864 0 0 ]
[ 22 28544 4992 0 0 ]
[ 22 28544 5120 0 0 ]
[ 22 28544 5248 0 0 ]
[ 22 28544 5376 0 0 ]
[ 22 28544 5504 0 0 ]
[ 22 28544 5632 0 0 ]
[ 22 28544 5760 0 0 ]
[ 22 28544 5888 0 0 ]
[ 22 28672 4864 0 0 ]
[ 22 28672 4992 0 0 ]
[ 22 28672 5120 0 0 ]
[ 22 28672 5248 0 0 ]
[ 22 28672 5376 0 0 ]
[ 22 28672 5504 0 0 ]
[ 22 28672 5632 0 0 ]
[ 22 28672 5760 0 0 ]
[ 22 28672 5888 0 0 ]
[ 22 28800 4864 0 0 ]
[ 22 28800 4992 0 0 ]
[ 22 28800 5120 0 0 ]
[ 22 28800 5248 0 0 ]
[ 22 28800 5376 0 0 ]
[ 22 28800 5504 0 0 ]
[ 22 28800 5632 0 0 ]
[ 22 28800 5760 0 0 ]
[ 22 28800 5888 0 0 ]
[ 22 28928 4864 0 0 ]
[ 22 28928 4992 0 0 ]
[ 22 28928 5120 0 0 ]
[ 22 28928 5248 0 0 ]
[ 22 28928 5376 0 0 ]
[ 22 28928 5504 0 0 ]
[ 22 28928 5632 0 0 ]
[ 22 28928 5760 0 0 ]
[ 22 28928 5888 0 0 ]
[ 22 29056 4864 0 0 ]
[ 22 29056 4992 0 0 ]
[ 22 29056 5120 0 0 ]
[ 22 29056 5248 0 0 ]
[ 22 29056 5376 0 0 ]
[ 22 29056 5504 0 0 ]
[ 22 29056 5632 0 0 ]
[ 22 29056 5760 0 0 ]
[ 22 29056 5888 0 0 ]
[ 22 29184 4864 0 0 ]
[ 22 29184 4992 0 0 ]
[ 22 29184 5120 0 0 ]
[ 22 29184 5376 0 0 ]
[ 22 29184 5504 0 0 ]
[ 22 29184 5632 0 0 ]
[ 22 29184 5760 0 0 ]
[ 22 29184 5888 0 0 ]
[ 22 29312 4864 0 0 ]
[ 22 29312 4992 0 0 ]
[ 22 29312 5120 0 0 ]
[ 22 29312 5248 0 0 ]
[ 22 29312 5376 0 0 ]
[ 22 29312 5504 0 0 ]
[ 22 29312 5632 0 0 ]
[ 22 29312 5760 0 0 ]
[ 22 29312 5888 0 0 ]
[ 22 29440 4864 0 0 ]
[ 22 29440 4992 0 0 ]
[ 22 29440 5120 0 0 ]
[ 22 29440 5248 0 0 ]
[ 22 29440 5376 0 0 ]
[ 22 29440 5632 0 0 ]
[ 22 29440 5760 0 0 ]
[ 22 29440 5888 0 0 ]
[ 22 29568 4864 0 0 ]
[ 22 29568 4992 0 0 ]
[ 22 29568 5120 0 0 ]
[ 22 29568 5248 0 0 ]
[ 22 29568 5376 0 0 ]
[ 22 29568 5504 0 0 ]
[ 22 29568 5632 0 0 ]
[ 22 29568 5760 0 0 ]
[ 22 29568 5888 0 0 ]
[ 22 29696 4864 0 0 ]
[ 22 29696 4992 0 0 ]
[ 22 29696 5120 0 0 ]
[ 22 29696 5248 0 0 ]
[ 22 29696 5376 0 0 ]
[ 22 29696 5632 0 0 ]
[ 22 29696 5888 0 0 ]
[ 22 29824 4864 0 0 ]
[ 22 29824 4992 0 0 ]
[ 22 29824 5120 0 0 ]
[ 22 29824 5248 0 0 ]
[ 22 29824 5376 0 0 ]
[ 22 29824 5504 0 0 ]
[ 22 29824 5632 0 0 ]
[ 22 29824 5760 0 0 ]
[ 22 29824 5888 0 0 ]
[ 22 29952 4864 0 0 ]
[ 22 29952 4992 0 0 ]
[ 22 29952 5120 0 0 ]
[ 22 29952 5248 0 0 ]
[ 22 29952 5376 0 0 ]
[ 22 29952 5632 0 0 ]
[ 22 29952 5888 0 0 ]
[ 22 30080 4864 0 0 ]
[ 22 30080 4992 0 0 ]
[ 22 30080 5120 0 0 ]
[ 22 30080 5248 0 0 ]
[ 22 30080 5376 0 0 ]
[ 22 30080 5504 0 0 ]
[ 22 30080 5632 0 0 ]
[ 22 30080 5760 0 0 ]
[ 22 30080 5888 0 0 ]
[ 22 30208 4864 0 0 ]
[ 22 30208 4992 0 0 ]
[ 22 30208 5120 0 0 ]
[ 22 30208 5248 0 0 ]
[ 22 30208 5376 0 0 ]
[ 22 30208 5632 0 0 ]
[ 22 30208 5888 0 0 ]
[ 22 30336 4864 0 0 ]
[ 22 30336 4992 0 0 ]
[ 22 30336 5120 0 0 ]
[ 22 30336 5248 0 0 ]
[ 22 30336 5376 0 0 ]
[ 22 30336 5504 0 0 ]
[ 22 30336 5632 0 0 ]
[ 22 30336 5760 0 0 ]
[ 22 30336 5888 0 0 ]
[ 22 30464 4864 0 0 ]
[ 22 30464 4992 0 0 ]
[ 22 30464 5120 0 0 ]
[ 22 30464 5248 0 0 ]
[ 22 30464 5376 0 0 ]
[ 22 30464 5888 0 0 ]
[ 22 30592 4864 0 0 ]
[ 22 30592 4992 0 0 ]
[ 22 30592 5120 0 0 ]
[ 22 30592 5248 0 0 ]
[ 22 30592 5376 0 0 ]
[ 22 30592 5888 0 0 ]
[ 22 30720 4864 0 0 ]
[ 22 30720 4992 0 0 ]
[ 22 30720 5120 0 0 ]
[ 22 30720 5248 0 0 ]
[ 22 30720 5376 0 0 ]
[ 22 30720 5888 0 0 ]
[ 22 30848 4864 0 0 ]
[ 22 30848 4992 0 0 ]
[ 22 30848 5120 0 0 ]
[ 22 30848 5248 0 0 ]
[ 22 30848 5376 0 0 ]
[ 22 30848 5888 0 0 ]
[ 22 30976 4864 0 0 ]
[ 22 30976 4992 0 0 ]
[ 22 30976 5120 0 0 ]
[ 22 30976 5248 0 0 ]
[ 22 30976 5376 0 0 ]
[ 22 30976 5888 0 0 ]
[ 22 31104 4864 0 0 ]
[ 22 31104 4992 0 0 ]
[ 22 31104 5120 0 0 ]
[ 22 31104 5248 0 0 ]
[ 22 31104 5376 0 0 ]
[ 22 31104 5888 0 0 ]
[ 22 31232 4864 0 0 ]
[ 22 31232 4992 0 0 ]
[ 22 31232 5120 0 0 ]
[ 22 31232 5376 0 0 ]
[ 22 31232 5888 0 0 ]
[ 1 24576 5504 180 0 ]
[ 2 24576 5760 0 dmode 17 0 ]
[ 3 24832 5504 0 dmode 17 1 ]
[ 17 24832 5760 0 dmode 17 0 ]
[ 10 25088 5760 0 0 ]
[ 21 25088 5504 0 0 ]
[ 38 25344 5504 0 barmode 24 0 ]
[ 39 25344 5760 0 barmode 24 1 ]
[ 22 25984 5504 180 0 ]
[ 22 26112 5504 180 0 ]
[ 22 25856 5760 180 0 ]
[ 22 25856 5504 180 0 ]
[ 20 26368 5504 180 0 ]
[ 13 26624 5504 180 0 ]
[ 10 26624 5760 360 1 ]
[ 11 29440 5504 0 0 ]
[ 14 29696 5504 0 0 ]
[ 15 29696 5760 0 crystal 25 0 ]
[ 16 29952 5760 0 crystal 25 1 ]
[ 40 29952 5504 0 barmode 25 0 ]
[ 41 30208 5504 0 barmode 25 1 ]
[ 43 30208 5760 0 23 ]
[ 22 31360 4864 0 0 ]
[ 22 31360 4992 0 0 ]
[ 22 31360 5120 0 0 ]
[ 22 31360 5248 0 0 ]
[ 22 31360 5376 0 0 ]
[ 22 31360 5888 0 0 ]
[ 22 31488 4864 0 0 ]
[ 22 31488 4992 0 0 ]
[ 22 31488 5120 0 0 ]
[ 22 31488 5248 0 0 ]
[ 22 31488 5376 0 0 ]
[ 22 31488 5888 0 0 ]
[ 22 31616 4864 0 0 ]
[ 22 31616 4992 0 0 ]
[ 22 31616 5120 0 0 ]
[ 22 31616 5248 0 0 ]
[ 22 31616 5376 0 0 ]
[ 22 31616 5888 0 0 ]
[ 22 31744 4864 0 0 ]
[ 22 31744 4992 0 0 ]
[ 22 31744 5120 0 0 ]
[ 22 31744 5248 0 0 ]
[ 22 31744 5376 0 0 ]
[ 22 31744 5888 0 0 ]
[ 22 31872 4864 0 0 ]
[ 22 31872 4992 0 0 ]
[ 22 31872 5120 0 0 ]
[ 22 31872 5248 0 0 ]
[ 22 31872 5376 0 0 ]
[ 22 31872 5888 0 0 ]
[ 22 32000 4864 0 0 ]
[ 22 32000 4992 0 0 ]
[ 22 32000 5120 0 0 ]
[ 22 32000 5248 0 0 ]
[ 22 32000 5376 0 0 ]
[ 22 32000 5888 0 0 ]
[ 22 32128 4864 0 0 ]
[ 22 32128 4992 0 0 ]
[ 22 32128 5120 0 0 ]
[ 22 32128 5248 0 0 ]
[ 22 32128 5376 0 0 ]
[ 22 32128 5888 0 0 ]
[ 22 32256 4864 0 0 ]
[ 22 32256 4992 0 0 ]
[ 22 32256 5120 0 0 ]
[ 22 32256 5248 0 0 ]
[ 22 32256 5376 0 0 ]
[ 22 32256 5888 0 0 ]
[ 22 32384 4864 0 0 ]
[ 22 32384 4992 0 0 ]
[ 22 32384 5120 0 0 ]
[ 22 32384 5248 0 0 ]
[ 22 32384 5376 0 0 ]
[ 22 32384 5888 0 0 ]
[ 22 32512 4864 0 0 ]
[ 22 32512 4992 0 0 ]
[ 22 32512 5120 0 0 ]
[ 22 32512 5248 0 0 ]
[ 22 32512 5376 0 0 ]
[ 22 32512 5888 0 0 ]
[ 22 32640 4864 0 0 ]
[ 22 32640 4992 0 0 ]
[ 22 32640 5120 0 0 ]
[ 22 32640 5248 0 0 ]
[ 22 32640 5376 0 0 ]
[ 22 32640 5888 0 0 ]
[ 22 32768 4864 0 0 ]
[ 22 32768 4992 0 0 ]
[ 22 32768 5120 0 0 ]
[ 22 32768 5248 0 0 ]
[ 22 32768 5376 0 0 ]
[ 22 32768 5888 0 0 ]
[ 22 32896 4864 0 0 ]
[ 22 32896 4992 0 0 ]
[ 22 32896 5120 0 0 ]
[ 22 32896 5248 0 0 ]
[ 22 32896 5376 0 0 ]
[ 22 32896 5888 0 0 ]
[ 22 33024 4864 0 0 ]
[ 22 33024 4992 0 0 ]
[ 22 33024 5120 0 0 ]
[ 22 33024 5248 0 0 ]
[ 22 33024 5376 0 0 ]
[ 22 33024 5888 0 0 ]
[ 22 33152 4864 0 0 ]
[ 22 33152 4992 0 0 ]
[ 22 33152 5120 0 0 ]
[ 22 33152 5248 0 0 ]
[ 22 33152 5376 0 0 ]
[ 22 33152 5504 0 0 ]
[ 22 33152 5632 0 0 ]
[ 22 33152 5760 0 0 ]
[ 22 33152 5888 0 0 ]
[ 22 33280 4864 0 0 ]
[ 22 33280 4992 0 0 ]
[ 22 33280 5120 0 0 ]
[ 22 33280 5376 0 0 ]
[ 22 33280 5888 0 0 ]
[ 22 30464 5504 0 0 ]
[ 22 30464 5632 0 0 ]
[ 22 30464 5760 0 0 ]
[ 22 30592 5504 0 0 ]
[ 22 30592 5632 0 0 ]
[ 22 30592 5760 0 0 ]
[ 22 30720 5504 0 0 ]
[ 22 30720 5632 0 0 ]
[ 22 30720 5760 0 0 ]
[ 22 30848 5504 0 0 ]
[ 22 30848 5632 0 0 ]
[ 22 30848 5760 0 0 ]
[ 22 30976 5504 0 0 ]
[ 22 30976 5632 0 0 ]
[ 22 30976 5760 0 0 ]
[ 22 31104 5504 0 0 ]
[ 22 31104 5632 0 0 ]
[ 22 31104 5760 0 0 ]
[ 22 31232 5504 0 0 ]
[ 22 31232 5632 0 0 ]
[ 22 31232 5760 0 0 ]
[ 22 31360 5504 0 0 ]
[ 22 31360 5632 0 0 ]
[ 22 31360 5760 0 0 ]
[ 22 31488 5504 0 0 ]
[ 22 31488 5632 0 0 ]
[ 22 31488 5760 0 0 ]
[ 22 31616 5504 0 0 ]
[ 22 31616 5632 0 0 ]
[ 22 31616 5760 0 0 ]
[ 22 31744 5504 0 0 ]
[ 22 31744 5632 0 0 ]
[ 22 31744 5760 0 0 ]
[ 22 31872 5504 0 0 ]
[ 22 31872 5632 0 0 ]
[ 22 31872 5760 0 0 ]
[ 22 32000 5504 0 0 ]
[ 22 32000 5632 0 0 ]
[ 22 32000 5760 0 0 ]
[ 22 32128 5504 0 0 ]
[ 22 32128 5632 0 0 ]
[ 22 32128 5760 0 0 ]
[ 22 32256 5632 0 0 ]
[ 22 32384 5504 0 0 ]
[ 22 32384 5632 0 0 ]
[ 22 32384 5760 0 0 ]
[ 22 32512 5632 0 0 ]
[ 22 32640 5504 0 0 ]
[ 22 32640 5632 0 0 ]
[ 22 32640 5760 0 0 ]
[ 22 32768 5632 0 0 ]
[ 22 32896 5504 0 0 ]
[ 22 32896 5632 0 0 ]
[ 22 32896 5760 0 0 ]
[ 44 32256 5504 0 0 ]
[ 44 32256 5760 0 4 ]
[ 44 32512 5760 0 5 ]
[ 44 32512 5504 0 1 ]
[ 44 32768 5504 0 2 ]
[ 44 32768 5760 0 6 ]
[ 44 33024 5504 0 3 ]
[ 22 33408 5376 180 0 ]
[ 22 33408 5504 180 0 ]
[ 22 33280 5632 180 0 ]
[ 22 33408 5760 180 0 ]
[ 22 33408 5632 180 0 ]
[ 22 33536 5632 180 0 ]
[ 22 33664 5632 180 0 ]
[ 22 33664 5504 180 0 ]
[ 22 33664 5376 180 0 ]
[ 22 33536 5376 180 0 ]
[ 22 33792 5376 180 0 ]
[ 22 33920 5376 180 0 ]
[ 22 33792 5632 180 0 ]
[ 22 33920 5504 180 0 ]
[ 22 33920 5632 180 0 ]
[ 22 33920 5760 180 0 ]
[ 22 33920 5888 180 0 ]
[ 22 33792 5888 180 0 ]
[ 22 33664 5888 180 0 ]
[ 22 33536 5888 180 0 ]
[ 22 33408 5888 180 0 ]
[ 22 33664 5760 180 0 ]
[ 22 33024 5632 180 0 ]
[ 22 33024 5760 180 0 ]
[ 12 33280 5504 180 0 ]
[ 12 33536 5504 180 1 ]
[ 12 33792 5504 180 5 ]
[ 12 33280 5760 180 2 ]
[ 12 33536 5760 180 3 ]
[ 12 33792 5760 180 4 ]
[ 22 34432 4864 180 0 ]
[ 22 34304 4864 180 0 ]
[ 22 34176 4864 180 0 ]
[ 22 33920 4864 180 0 ]
[ 22 33792 4864 180 0 ]
[ 22 33664 4864 180 0 ]
[ 22 33536 4864 180 0 ]
[ 22 33408 4864 180 0 ]
[ 22 34048 4864 180 0 ]
[ 22 34048 4992 180 0 ]
[ 22 34176 4992 180 0 ]
[ 22 34304 4992 180 0 ]
[ 22 34432 4992 180 0 ]
[ 22 33792 5120 180 0 ]
[ 22 33664 5120 180 0 ]
[ 22 33536 5120 180 0 ]
[ 22 33408 5120 180 0 ]
[ 22 33408 4992 180 0 ]
[ 22 33536 4992 180 0 ]
[ 22 33664 4992 180 0 ]
[ 22 33792 4992 180 0 ]
[ 22 33920 4992 180 0 ]
[ 22 33920 5120 180 0 ]
[ 22 34048 5120 180 0 ]
[ 22 34176 5120 180 0 ]
[ 22 34304 5120 180 0 ]
[ 22 34432 5120 180 0 ]
[ 22 34560 5120 180 0 ]
[ 22 34560 4992 180 0 ]
[ 22 34560 4864 180 0 ]
[ 22 37632 4864 90 0 ]
[ 22 37760 4864 90 0 ]
[ 22 38144 4864 90 0 ]
[ 22 38272 4864 90 0 ]
[ 22 38144 5120 90 0 ]
[ 22 38016 5120 90 0 ]
[ 22 37888 5120 90 0 ]
[ 22 37760 5120 90 0 ]
[ 22 37632 5120 90 0 ]
[ 22 37632 4992 90 0 ]
[ 22 37760 4992 90 0 ]
[ 22 37888 4992 90 0 ]
[ 22 37888 4864 90 0 ]
[ 22 38016 4864 90 0 ]
[ 22 38016 4992 90 0 ]
[ 22 38144 4992 90 0 ]
[ 22 38272 4992 90 0 ]
[ 22 38400 4992 90 0 ]
[ 22 38400 5120 90 0 ]
[ 22 38272 5120 90 0 ]
[ 4 38144 5248 90 0 ]
[ 4 38400 5248 90 0 ]
[ 4 38144 4736 90 0 ]
[ 43 38400 5376 270 2 ]
[ 43 38144 4608 90 3 ]
[ 43 38400 4608 90 2 ]
[ 43 38144 5376 270 2 ]
[ 22 38400 4864 90 0 ]
[ 4 38400 4736 90 0 ]
[ 43 37888 5376 90 0 ]
[ 43 37888 4608 90 0 ]
[ 43 37376 4608 90 0 ]
[ 43 37632 4608 90 0 ]
[ 43 37376 4864 360 0 ]
[ 43 37376 5120 0 0 ]
[ 43 37376 5376 0 0 ]
[ 43 37632 5376 270 0 ]
[ 43 38656 5376 540 0 ]
[ 43 38656 4608 180 0 ]
[ 22 38656 4864 180 0 ]
[ 22 38656 4992 180 0 ]
[ 22 38656 5120 180 0 ]
[ 43 40832 4864 360 3 ]
[ 10 40960 4864 360 0 ]
[ 9 41088 4864 0 4 ]
[ 9 41216 4864 0 1 ]
[ 6 41344 4864 180 0 ]
[ 6 41472 4864 180 0 ]
[ 6 41600 4864 180 0 ]
[ 9 41344 4864 180 1 ]
[ 9 41472 4864 180 3 ]
[ 9 41600 4864 180 3 ]
[ 1 33408 5248 90 0 ]
[ 1 33536 5248 0 0 ]
[ 1 33664 5248 180 0 ]
[ 1 33792 5248 270 0 ]
[ 1 33920 5248 0 0 ]
[ 104 673 25 You've_solved_a_lot_of_puzzles ]
[ 100 816 256 480 ]
[ 100 1792 255 480 ]
[ 104 1536 9 Some_of_them_were_easy,_some_of_them_were ]
[ 104 1956 45 really_difficult ]
[ 102 2944 512 184 0 2176 ]
[ 100 2944 2432 596 ]
[ 104 2695 2187 You've_done_a_lot_of_mistakes._Sometimes_it ]
[ 104 3091 2226 was_exhausting ]
[ 100 4224 2432 745 ]
[ 102 3968 2176 184 0 2816 ]
[ 104 3893 4506 You've_learned_a_lot_of_patterns,_get_various_experience ]
[ 102 4480 4992 256 2304 0 ]
[ 100 6528 5120 745 ]
[ 102 6272 4992 256 2816 0 ]
[ 104 6345 4507 This_journey_was_really_interesting ]
[ 100 9344 4992 745 ]
[ 104 8994 4507 Some_things_were_really_hard_to_understand,_weren't_they? ]
[ 102 9600 5504 256 1792 0 ]
[ 104 11432 4504 But_there_were_no_impossible_puzzles ]
[ 100 11648 4992 745 ]
[ 102 11904 5504 256 2176 0 ]
[ 100 13824 4992 745 ]
[ 104 13460 4489 You_are_really_close_to_the_end_of_this_way._Do_you_want_that? ]
[ 104 13555 4529 This_game_is_a_good_puzzle,_but_not_the_best ]
[ 102 14080 4992 217 1536 0 ]
[ 104 15243 4504 This_is_not_a_puzzle_only._This_is_sandbox._Your_way_can_be_infinite._Try_level_editor ]
[ 102 16416 4992 256 1680 0 ]
[ 100 15744 4864 662 ]
[ 104 17906 4485 If_players_support_me,_I'll_make_system ]
[ 104 17949 4525 like_in_GD._Continue_this_game ]
[ 100 18096 4864 662 ]
[ 100 19056 4864 662 ]
[ 104 18811 4508 This_isn't_hard..._________________This_is_a_end,_not_THE ]
[ 102 19712 4992 256 2944 0 ]
[ 100 24064 5376 1034 ]
[ 104 22394 4856 The_Memory_Hall ]
[ 100 26112 5376 1034 ]
[ 100 28160 5376 1034 ]
[ 100 30208 5376 1034 ]
[ 100 32256 5376 1034 ]
[ 102 34560 4992 184 3328 0 ]
[ 104 38109 5532 The_next_day ]
[ 104 38392 5530 Yesterday ]
[ 104 38395 4509 The_end ]
[ 104 38181 4501 ??? ]
[ 100 41216 4608 561 ]
[ 104 41009 4250 It's_not_time_to_go._Your_mind_is_alive ]
[ 104 41156 4508 This_is_not_end. ]
[ 104 41505 4886 Wake_up_coin ]
[ 100 38016 4992 561 ]
[ 100 38016 4992 561 ]
Electric
[ 25 4096 5760 180 ]
[ 36 4224 5760 360 lmode 0 ]
[ 37 4224 5248 270 lmode 1 ]
[ 27 4352 5760 360 ]
[ 27 4352 5632 270 ]
[ 27 4224 5632 450 ]
[ 26 4224 5504 90 ]
[ 26 4224 5376 90 ]
[ 25 26880 5504 0 ]
[ 26 26880 5760 0 ]
[ 27 27136 5760 0 ]
[ 28 27136 5504 0 ]
[ 29 27392 5504 0 ]
[ 30 27392 5760 0 1 ]
[ 31 27648 5760 0 0 ]
[ 32 27648 5504 0 ]
[ 33 27904 5760 0 lmode 24 ]
[ 34 27904 5504 0 lmode 24 0 ]
[ 35 28160 5760 0 lmode 24 1 ]
[ 36 28160 5504 0 lmode 24 ]
[ 37 28416 5760 0 lmode 24 ]
[ 46 28416 5504 0 0 ]
PLayer 602.332 516.651