Does_not_exist
Map_basic
[ 1 1152 -896 270 0 ]
[ 1 1152 -1152 270 1 ]
[ 1 1663 -1152 90 5 ]
[ 1 1663 -896 90 1 ]
[ 7 1280 -1152 360 0 ]
[ 7 1408 -1152 0 0 ]
[ 7 1536 -1152 0 0 ]
[ 7 1280 -896 0 0 ]
[ 7 1408 -896 0 0 ]
[ 7 1536 -896 0 0 ]
[ 1 1920 -1152 90 2 ]
[ 1 1920 -896 270 2 ]
[ 7 2048 -1152 0 0 ]
[ 7 2176 -1152 0 0 ]
[ 7 2304 -1152 0 0 ]
[ 7 2048 -896 0 0 ]
[ 7 2176 -896 0 0 ]
[ 7 2304 -896 0 0 ]
[ 1 2432 -896 180 4 ]
[ 1 1152 -1664 90 1 ]
[ 1 2432 -1664 90 2 ]
[ 1 1152 -384 90 4 ]
[ 1 2432 -384 180 2 ]
[ 7 1152 -768 90 0 ]
[ 7 1152 -640 90 0 ]
[ 7 1152 -512 90 0 ]
[ 7 1279 -384 180 0 ]
[ 7 1408 -384 180 0 ]
[ 7 1536 -384 180 0 ]
[ 7 1792 -384 180 0 ]
[ 7 2048 -384 180 0 ]
[ 7 2176 -384 180 0 ]
[ 7 2304 -384 180 0 ]
[ 7 1152 -1536 270 0 ]
[ 7 1152 -1408 270 0 ]
[ 7 1152 -1280 270 0 ]
[ 7 1279 -1664 0 0 ]
[ 7 1408 -1664 0 0 ]
[ 7 1536 -1664 0 0 ]
[ 7 1664 -1664 0 0 ]
[ 7 1792 -1664 0 0 ]
[ 7 1920 -1664 0 0 ]
[ 7 2048 -1664 0 0 ]
[ 7 2176 -1664 0 0 ]
[ 7 2304 -1664 0 0 ]
[ 1 2944 -1152 180 2 ]
[ 1 2944 -896 450 0 ]
[ 1 2944 -384 180 2 ]
[ 1 2944 -1664 90 3 ]
[ 1 3455 -1152 0 0 ]
[ 1 3712 -896 270 4 ]
[ 1 3712 -1152 180 2 ]
[ 1 4224 -1664 90 3 ]
[ 1 4224 -1152 90 5 ]
[ 1 4224 -896 180 1 ]
[ 1 4224 -384 180 1 ]
[ 7 2816 -1664 0 0 ]
[ 7 2688 -1664 0 0 ]
[ 7 2560 -1664 0 0 ]
[ 7 2944 -768 90 0 ]
[ 7 2944 -640 90 0 ]
[ 7 2944 -512 90 0 ]
[ 7 2816 -384 180 0 ]
[ 7 2560 -384 180 0 ]
[ 7 3072 -1152 180 0 ]
[ 7 3072 -1664 180 0 ]
[ 7 3200 -1664 180 0 ]
[ 7 3328 -1664 180 0 ]
[ 7 3968 -1664 180 0 ]
[ 7 4095 -1664 180 0 ]
[ 7 4224 -1536 270 0 ]
[ 7 4224 -1408 270 0 ]
[ 7 4224 -1280 270 0 ]
[ 7 4224 -1024 270 0 ]
[ 7 4224 -768 270 0 ]
[ 7 4224 -512 270 0 ]
[ 7 4095 -384 360 0 ]
[ 7 3200 -384 0 0 ]
[ 7 3072 -384 0 0 ]
[ 7 3840 -896 0 0 ]
[ 7 3968 -896 0 0 ]
[ 7 4095 -896 0 0 ]
[ 7 3840 -1152 0 0 ]
[ 7 3968 -1152 0 0 ]
[ 7 4095 -1152 0 0 ]
[ 7 3584 -1664 0 0 ]
[ 7 3840 -1664 0 0 ]
[ 7 3328 -384 0 0 ]
[ 7 3456 -384 0 0 ]
[ 7 3584 -384 0 0 ]
[ 7 3840 -384 0 0 ]
[ 7 2592 -896 0 1 ]
[ 7 2432 -768 90 0 ]
[ 7 2432 -512 90 0 ]
[ 7 2784 -896 180 1 ]
[ 2 2432 -640 180 dmode 0 0 ]
[ 7 2560 -1152 360 1 ]
[ 7 2816 -1152 180 1 ]
[ 7 2560 -896 0 0 ]
[ 7 2816 -896 180 0 ]
[ 6 2176 -640 0 1 ]
[ 6 1408 -640 0 1 ]
[ 19 2176 -1408 0 1 ]
[ 20 1408 -1408 0 1 ]
[ 7 1152 -1024 270 0 ]
[ 2 2432 -1152 0 dmode 1 0 ]
[ 1 1664 -384 0 4 ]
[ 1 1920 -384 180 0 ]
[ 18 1792 -1408 0 1 ]
[ 3 2688 -1408 0 1 ]
[ 3 2688 -384 0 1 ]
[ 19 3200 -640 0 1 ]
[ 20 3968 -384 0 1 ]
[ 3 4224 -640 0 1 ]
[ 29 3712 -384 0 0 ]
[ 3 3968 -1408 0 1 ]
[ 7 3072 -896 0 0 ]
[ 1 3200 -896 180 0 ]
[ 1 3456 -896 0 4 ]
[ 1 3456 -1664 180 3 ]
[ 1 3712 -1664 180 3 ]
[ 1 3200 -1152 90 1 ]
Movables
[ 3072 -1024 3 ]
[ 3200 -1024 3 ]
Map_floor
[ 2 1792 -1152 0 dmode 0 0 ]
[ 2 2688 -1152 180 dmode 1 0 ]
[ 3 3584 -1152 180 dmode 0 1 ]
[ 3 1792 -896 360 dmode 1 1 ]
[ 5 1280 -512 0 0 ]
[ 5 1536 -768 180 0 ]
[ 5 1536 -512 270 0 ]
[ 5 1280 -768 450 0 ]
[ 5 2048 -768 90 0 ]
[ 5 2304 -768 180 0 ]
[ 5 2304 -512 270 0 ]
[ 5 2048 -512 360 0 ]
[ 4 1280 -640 0 0 ]
[ 4 1408 -768 90 0 ]
[ 4 1536 -640 180 0 ]
[ 4 1408 -512 270 0 ]
[ 4 2176 -768 270 0 ]
[ 4 2048 -640 360 0 ]
[ 4 2176 -512 90 0 ]
[ 4 2304 -640 360 0 ]
[ 1 1792 -512 90 0 ]
[ 1 1792 -641 90 0 ]
[ 2 1664 -768 90 dmode 2 0 ]
[ 2 1664 -640 90 dmode 2 0 ]
[ 2 1664 -512 90 dmode 2 0 ]
[ 2 1920 -768 90 dmode 2 0 ]
[ 2 1920 -640 90 dmode 2 0 ]
[ 2 1920 -512 90 dmode 2 0 ]
[ 1 1792 -768 180 0 ]
[ 17 2176 -640 90 dmode 3 0 ]
[ 3 2944 -1536 90 dmode 3 1 ]
[ 3 2944 -1408 90 dmode 3 1 ]
[ 3 2944 -1280 90 dmode 3 1 ]
[ 17 1408 -640 90 dmode 4 0 ]
[ 3 2688 -896 180 dmode 4 1 ]
[ 1 1280 -1280 0 0 ]
[ 1 1408 -1280 270 0 ]
[ 1 1536 -1280 90 0 ]
[ 1 1664 -1280 180 0 ]
[ 1 1792 -1280 270 0 ]
[ 1 1920 -1280 0 0 ]
[ 1 2048 -1280 90 0 ]
[ 1 2176 -1280 90 0 ]
[ 1 2304 -1280 90 0 ]
[ 1 2304 -1408 180 0 ]
[ 1 2304 -1536 270 0 ]
[ 1 2176 -1536 270 0 ]
[ 1 2048 -1536 0 0 ]
[ 1 1920 -1536 0 0 ]
[ 1 1792 -1536 270 0 ]
[ 1 1664 -1536 180 0 ]
[ 1 1536 -1536 180 0 ]
[ 1 1408 -1536 0 0 ]
[ 1 1280 -1536 270 0 ]
[ 1 1280 -1408 270 0 ]
[ 1 1536 -1408 0 0 ]
[ 1 1664 -1408 180 0 ]
[ 1 1792 -1408 180 0 ]
[ 1 1920 -1408 180 0 ]
[ 1 2048 -1408 180 0 ]
[ 1 2560 -768 270 0 ]
[ 1 2688 -768 180 0 ]
[ 1 2560 -512 90 0 ]
[ 1 2560 -641 270 0 ]
[ 1 2688 -641 0 0 ]
[ 1 2688 -512 270 0 ]
[ 1 2816 -512 270 0 ]
[ 1 2816 -641 0 0 ]
[ 1 2816 -768 0 0 ]
[ 1 2688 -1536 0 0 ]
[ 1 2816 -1536 90 0 ]
[ 1 2816 -1408 180 0 ]
[ 1 2688 -1408 270 0 ]
[ 1 2560 -1536 180 0 ]
[ 1 2560 -1408 90 0 ]
[ 1 2560 -1280 0 0 ]
[ 1 2688 -1280 180 0 ]
[ 1 2816 -1280 180 0 ]
[ 21 1280 -1024 180 0 ]
[ 21 1408 -1024 180 0 ]
[ 21 1536 -1024 180 0 ]
[ 21 1664 -1024 180 0 ]
[ 21 1792 -1024 180 0 ]
[ 21 1920 -1024 180 0 ]
[ 21 2048 -1024 180 0 ]
[ 21 2176 -1024 180 0 ]
[ 21 2304 -1024 180 0 ]
[ 21 2560 -1024 180 0 ]
[ 21 2688 -1024 180 0 ]
[ 21 2816 -1024 180 0 ]
[ 21 3072 -1024 180 0 ]
[ 21 3200 -1024 180 0 ]
[ 21 3328 -1024 180 0 ]
[ 21 3456 -1024 180 0 ]
[ 21 3584 -1024 180 0 ]
[ 1 3072 -768 270 0 ]
[ 1 3200 -768 180 0 ]
[ 1 3328 -768 90 0 ]
[ 1 3456 -768 0 0 ]
[ 1 3584 -768 180 0 ]
[ 1 3840 -768 270 0 ]
[ 1 3968 -768 270 0 ]
[ 1 4096 -768 180 0 ]
[ 1 4096 -640 270 0 ]
[ 1 3840 -640 180 0 ]
[ 1 3584 -640 270 0 ]
[ 1 3456 -640 0 0 ]
[ 1 3328 -640 0 0 ]
[ 1 3200 -640 180 0 ]
[ 1 3072 -640 0 0 ]
[ 1 3072 -512 90 0 ]
[ 1 3200 -512 270 0 ]
[ 1 3328 -512 180 0 ]
[ 1 3456 -512 90 0 ]
[ 1 3584 -512 90 0 ]
[ 1 3840 -512 90 0 ]
[ 1 3968 -512 180 0 ]
[ 1 4096 -512 0 0 ]
[ 1 3072 -1536 270 0 ]
[ 1 3200 -1536 0 0 ]
[ 1 3328 -1536 180 0 ]
[ 1 3584 -1536 90 0 ]
[ 1 3840 -1536 180 0 ]
[ 1 3968 -1536 90 0 ]
[ 1 4096 -1536 180 0 ]
[ 1 4096 -1408 0 0 ]
[ 1 3968 -1408 0 0 ]
[ 1 3840 -1408 270 0 ]
[ 1 3584 -1408 180 0 ]
[ 1 3328 -1408 0 0 ]
[ 1 3072 -1408 0 0 ]
[ 1 3072 -1280 270 0 ]
[ 1 3584 -1280 270 0 ]
[ 1 3840 -1280 180 0 ]
[ 1 3968 -1280 180 0 ]
[ 1 4096 -1280 180 0 ]
[ 2 2432 -1536 270 dmode 4 0 ]
[ 2 2432 -1408 270 dmode 4 0 ]
[ 2 2432 -1280 270 dmode 4 0 ]
[ 10 3712 -1024 360 0 ]
[ 6 3840 -1024 0 0 ]
[ 6 3968 -1024 0 0 ]
[ 6 4096 -1024 0 0 ]
[ 3 3712 -768 90 dmode 6 1 ]
[ 3 3712 -640 90 dmode 6 1 ]
[ 3 3712 -512 90 dmode 6 1 ]
[ 17 3200 -1408 90 dmode 7 0 ]
[ 2 2432 -1024 90 dmode 7 0 ]
[ 21 2944 -1024 90 0 ]
[ 3 3712 -1536 90 dmode 7 1 ]
[ 3 3712 -1408 90 dmode 7 1 ]
[ 3 3712 -1280 90 dmode 7 1 ]
[ 2 3456 -1536 90 dmode 7 0 ]
[ 2 3456 -1408 90 dmode 7 0 ]
[ 2 3456 -1280 90 dmode 7 0 ]
[ 3 3328 -896 0 dmode 0 1 ]
[ 3 3584 -896 0 dmode 0 1 ]
[ 3 3328 -1152 0 dmode 0 1 ]
[ 38 3328 -1280 0 dmode 7 0 ]
[ 1 3200 -1280 90 0 ]
[ 1 3968 -640 0 0 ]
[ 103 1408 -640 61 0.814674 ]
[ 103 2176 -640 62 2.00138 ]
[ 100 1792 -1024 613 ]
[ 100 3584 -1024 613 ]
[ 100 2688 -1024 613 ]
[ 104 1431 -361 Mini ]
[ 104 2194 -360 Maxi ]
[ 104 3882 -867 F5_to_set_checkpoint ]
Electric
PLayer 1784.27 -1025.69