Does_not_exist
Map_basic
[ 1 2432 -1280 270 4 ]
[ 1 2816 -1408 0 0 ]
[ 1 2432 -1024 270 3 ]
[ 1 2816 -1024 0 1 ]
[ 1 3200 -1408 270 2 ]
[ 1 3200 -1024 270 2 ]
[ 1 2432 -640 90 2 ]
[ 1 3200 -640 180 3 ]
[ 1 3584 -1024 0 4 ]
[ 1 3584 -640 90 4 ]
[ 1 3584 -1408 270 1 ]
[ 3 3584 -1280 0 1 ]
[ 3 3584 -1152 0 1 ]
[ 3 3584 -896 0 1 ]
[ 3 3584 -768 0 1 ]
[ 7 2432 -1280 270 0 ]
[ 7 2432 -1152 270 0 ]
[ 7 2432 -896 270 0 ]
[ 7 2432 -768 270 0 ]
[ 7 2560 -1408 360 0 ]
[ 7 2688 -1408 0 0 ]
[ 7 2944 -1408 0 0 ]
[ 7 3072 -1408 0 0 ]
[ 7 3328 -1408 0 0 ]
[ 7 3456 -1408 0 0 ]
[ 7 2560 -640 0 0 ]
[ 7 2688 -640 0 0 ]
[ 7 2944 -640 0 0 ]
[ 7 3072 -640 0 0 ]
[ 7 3328 -640 0 0 ]
[ 7 3456 -640 0 0 ]
[ 7 3200 -1280 90 0 ]
[ 7 3200 -1152 90 0 ]
[ 7 2816 -1280 90 0 ]
[ 7 2816 -1152 90 0 ]
[ 2 2816 -640 0 dmode 2 0 ]
[ 1 2432 -1408 90 2 ]
Movables
[ 2688 -1152 2 ]
[ 2944 -1152 2 ]
Map_floor
[ 17 2560 -1280 90 dmode 0 0 ]
[ 3 3328 -1024 180 dmode 0 1 ]
[ 3 3456 -1024 180 dmode 0 1 ]
[ 3 3200 -896 270 dmode 1 1 ]
[ 3 3200 -768 270 dmode 1 1 ]
[ 17 3072 -1280 270 dmode 1 0 ]
[ 1 2560 -1152 180 0 ]
[ 1 2688 -1280 0 0 ]
[ 1 2688 -1152 0 0 ]
[ 1 2560 -897 270 0 ]
[ 1 2560 -768 90 0 ]
[ 1 2688 -768 0 0 ]
[ 1 2688 -897 90 0 ]
[ 1 2816 -897 270 0 ]
[ 1 2944 -897 0 0 ]
[ 1 2944 -1152 0 0 ]
[ 1 2944 -1280 270 0 ]
[ 1 3072 -1152 90 0 ]
[ 1 3072 -897 270 0 ]
[ 1 3072 -768 0 0 ]
[ 1 2944 -768 90 0 ]
[ 1 2816 -768 0 0 ]
[ 21 3456 -897 270 0 ]
[ 21 3328 -897 270 0 ]
[ 21 3328 -768 270 0 ]
[ 21 3456 -768 270 0 ]
[ 3 2560 -1024 360 dmode 2 1 ]
[ 3 2688 -1024 0 dmode 2 1 ]
[ 2 2944 -1024 0 dmode 2 0 ]
[ 2 3072 -1024 0 dmode 2 0 ]
[ 6 3328 -1152 0 0 ]
[ 6 3328 -1280 0 0 ]
[ 6 3456 -1280 0 0 ]
[ 6 3456 -1152 0 0 ]
[ 101 2432 -1024 293 ]
[ 101 2432 -1408 293 ]
[ 101 2816 -1408 293 ]
[ 101 2432 -640 293 ]
[ 101 3200 -640 293 ]
[ 101 2816 -640 293 ]
[ 101 3200 -1408 293 ]
[ 101 3584 -1408 293 ]
[ 101 3584 -1024 293 ]
[ 101 3584 -640 293 ]
[ 100 3024 -1024 894 ]
[ 101 2816 -1024 220 ]
[ 101 3200 -1024 220 ]
[ 101 2176 -1152 671 ]
[ 101 3840 -1024 671 ]
Electric
PLayer 2846.18 -824.836