Does_not_exist
Map_basic
[ 1 0 -1024 270 3 ]
[ 1 1792 -1024 90 0 ]
[ 1 1792 768 90 1 ]
[ 1 0 768 90 0 ]
[ 10 768 128 270 0 ]
[ 10 768 -384 270 0 ]
[ 10 1024 128 270 0 ]
[ 11 896 128 360 0 ]
[ 11 1024 -128 90 0 ]
[ 11 1024 0 90 0 ]
[ 11 1024 -256 90 0 ]
[ 11 768 -640 90 0 ]
[ 11 768 -512 90 0 ]
[ 11 1024 -512 90 0 ]
[ 11 1024 -640 90 0 ]
[ 11 768 -1792 90 0 ]
[ 11 768 -1664 90 0 ]
[ 11 768 -1536 90 0 ]
[ 11 768 -1408 90 0 ]
[ 11 768 -1152 90 0 ]
[ 11 1024 -1152 90 0 ]
[ 11 1024 -1408 90 0 ]
[ 11 1024 -1536 90 0 ]
[ 11 1024 -1664 90 0 ]
[ 11 1024 -1792 90 0 ]
[ 11 1024 -1920 90 0 ]
[ 11 1024 -2048 90 0 ]
[ 11 1024 -2176 90 0 ]
[ 11 768 -1920 90 0 ]
[ 11 768 -2048 90 0 ]
[ 11 768 -2176 90 0 ]
[ 11 768 -2304 90 0 ]
[ 11 768 -2432 90 0 ]
[ 11 768 -2560 90 0 ]
[ 11 768 -2688 90 0 ]
[ 11 768 -2816 90 0 ]
[ 11 1024 -2304 90 0 ]
[ 11 1024 -2432 90 0 ]
[ 11 1024 -2560 90 0 ]
[ 11 1024 -2688 90 0 ]
[ 11 1024 -2816 90 0 ]
[ 10 768 -2944 90 0 ]
[ 10 1024 -2944 90 0 ]
[ 16 768 -1024 90 0 ]
[ 16 1024 -1024 90 0 ]
[ 16 768 -1280 90 1 ]
[ 16 1024 -1280 90 1 ]
[ 16 768 -769 90 1 ]
[ 16 1024 -769 90 1 ]
[ 11 768 -768 90 0 ]
[ 11 768 -1024 90 0 ]
[ 11 768 -1280 90 0 ]
[ 11 1023 -1280 90 0 ]
[ 11 1023 -1024 90 0 ]
[ 11 1023 -768 90 0 ]
[ 18 896 0 0 1 ]
[ 7 128 -1024 360 0 ]
[ 7 256 -1024 0 0 ]
[ 7 384 -1024 0 0 ]
[ 7 512 -1024 0 0 ]
[ 7 640 -1024 0 0 ]
[ 7 1152 -1024 0 0 ]
[ 7 1280 -1024 0 0 ]
[ 7 1408 -1024 0 0 ]
[ 7 1536 -1024 0 0 ]
[ 7 1664 -1024 0 0 ]
[ 7 1152 -768 0 0 ]
[ 7 1408 -768 0 0 ]
[ 7 1664 -768 0 0 ]
[ 7 640 -768 0 0 ]
[ 7 384 -768 0 0 ]
[ 7 128 -768 0 0 ]
[ 1 0 -768 90 0 ]
[ 1 1792 -768 180 0 ]
[ 7 0 -640 90 0 ]
[ 7 0 -512 90 0 ]
[ 7 1792 -640 90 0 ]
[ 7 1792 -512 90 0 ]
[ 7 0 -256 90 0 ]
[ 7 0 0 90 0 ]
[ 7 1792 -256 90 0 ]
[ 7 1792 0 90 0 ]
[ 7 0 256 90 0 ]
[ 7 0 384 90 0 ]
[ 7 0 640 90 0 ]
[ 7 1792 256 90 0 ]
[ 7 1792 384 90 0 ]
[ 7 1792 640 90 0 ]
[ 7 1664 768 180 0 ]
[ 7 1536 768 180 0 ]
[ 7 1408 768 180 0 ]
[ 7 128 768 180 0 ]
[ 7 256 768 180 0 ]
[ 7 384 1152 180 0 ]
[ 7 256 1152 180 0 ]
[ 7 128 1152 180 0 ]
[ 7 128 1536 180 0 ]
[ 7 256 1536 180 0 ]
[ 7 384 1536 180 0 ]
[ 7 1408 1152 180 0 ]
[ 7 1536 1152 180 0 ]
[ 7 1664 1152 180 0 ]
[ 7 1408 1536 180 0 ]
[ 7 1536 1536 180 0 ]
[ 7 1664 1536 180 0 ]
[ 1 0 1152 180 0 ]
[ 1 0 1536 270 3 ]
[ 1 512 1536 90 4 ]
[ 1 1280 1536 180 5 ]
[ 1 1792 1152 270 5 ]
[ 1 1792 1536 270 5 ]
[ 7 0 1024 270 0 ]
[ 7 0 896 270 0 ]
[ 7 0 1280 270 0 ]
[ 7 0 1408 270 0 ]
[ 7 1792 1024 270 0 ]
[ 7 1792 1280 270 0 ]
[ 7 1792 1408 270 0 ]
[ 16 896 1920 0 1 ]
[ 1 512 1920 90 0 ]
[ 1 1280 1920 180 3 ]
[ 7 768 1920 0 0 ]
[ 7 640 1920 0 0 ]
[ 7 1024 1920 0 0 ]
[ 7 1152 1920 0 0 ]
[ 7 1280 1664 90 0 ]
[ 7 1280 1792 90 0 ]
[ 7 512 1664 90 0 ]
[ 7 512 1792 90 0 ]
[ 7 896 1920 180 0 ]
[ 27 512 1152 360 dmode 0 1 ]
[ 27 1280 1152 180 dmode 0 1 ]
[ 1 512 768 270 1 ]
[ 1 1280 768 270 1 ]
[ 2 128 1024 90 dmode 1 0 ]
[ 2 1664 1024 0 dmode 2 0 ]
[ 18 256 1408 0 1 ]
[ 6 384 1408 0 1 ]
[ 6 256 1280 0 1 ]
[ 6 128 1280 0 1 ]
[ 6 128 1408 0 1 ]
[ 6 384 1280 0 1 ]
[ 1 0 512 0 1 ]
[ 1 1792 512 270 3 ]
[ 1 512 512 90 2 ]
[ 1 1280 512 90 1 ]
[ 7 128 512 180 0 ]
[ 7 384 512 180 0 ]
[ 7 384 768 180 0 ]
[ 6 384 640 0 1 ]
[ 6 256 640 0 1 ]
[ 3 128 640 0 1 ]
[ 6 1408 640 0 1 ]
[ 6 1536 640 0 1 ]
[ 7 1408 512 360 0 ]
[ 7 1664 512 0 0 ]
[ 15 1664 640 0 crystal 1 1 ]
[ 15 384 1664 0 crystal 2 1 ]
[ 1 0 1920 0 3 ]
[ 7 384 1920 0 0 ]
[ 7 128 1920 0 0 ]
[ 7 0 1792 90 0 ]
[ 7 0 1664 90 0 ]
[ 29 0 128 0 0 ]
[ 29 1792 128 0 0 ]
[ 29 0 -384 0 0 ]
[ 29 1792 -384 0 0 ]
[ 29 256 1920 0 0 ]
[ 1 0 -128 0 1 ]
[ 1 256 -128 180 5 ]
[ 1 256 -768 180 5 ]
[ 1 256 512 270 3 ]
[ 1 1536 -768 270 0 ]
[ 1 1792 -128 0 2 ]
[ 1 1536 -128 90 4 ]
[ 1 1536 512 180 1 ]
[ 30 768 -896 90 barmode 4 ]
[ 29 1280 -768 0 0 ]
[ 29 512 -768 0 0 ]
[ 10 768 -3200 180 0 ]
[ 10 1024 -3200 180 0 ]
[ 11 896 -3200 180 0 ]
[ 11 1024 -3072 270 0 ]
[ 11 768 -3072 270 0 ]
[ 15 1024 -384 360 crystal 0 1 ]
[ 11 1024 -896 90 0 ]
[ 7 1792 896 270 0 ]
[ 17 1152 -256 270 0 ]
[ 17 1152 -384 270 0 ]
[ 17 1152 -512 270 0 ]
Movables
Map_floor
[ 19 896 0 270 0 ]
[ 19 896 -128 270 0 ]
[ 19 896 -256 270 0 ]
[ 19 896 -384 270 0 ]
[ 19 896 -512 270 0 ]
[ 19 896 -640 270 0 ]
[ 19 896 -768 270 0 ]
[ 19 896 -896 270 0 ]
[ 19 896 -1152 270 0 ]
[ 19 896 -1280 270 0 ]
[ 19 896 -1408 270 0 ]
[ 19 896 -1536 270 0 ]
[ 19 896 -1664 270 0 ]
[ 19 896 -1792 270 0 ]
[ 19 896 -1920 270 0 ]
[ 19 896 -2688 270 0 ]
[ 19 896 -2560 270 0 ]
[ 19 896 -2432 270 0 ]
[ 19 896 -2304 270 0 ]
[ 19 896 -2176 270 0 ]
[ 19 896 -2048 270 0 ]
[ 19 896 -1024 270 0 ]
[ 16 896 -1024 270 crystal 0 1 ]
[ 19 896 -2816 270 0 ]
[ 2 640 1536 0 dmode 0 0 ]
[ 2 768 1536 0 dmode 0 0 ]
[ 2 896 1536 0 dmode 0 0 ]
[ 2 1024 1536 0 dmode 0 0 ]
[ 2 1152 1536 0 dmode 0 0 ]
[ 3 1280 896 90 dmode 0 1 ]
[ 3 1280 1024 90 dmode 0 1 ]
[ 3 1280 1280 90 dmode 0 1 ]
[ 3 1280 1408 90 dmode 0 1 ]
[ 3 512 1280 90 dmode 0 1 ]
[ 3 512 1408 90 dmode 0 1 ]
[ 3 640 768 0 dmode 1 1 ]
[ 3 768 768 0 dmode 1 1 ]
[ 3 896 768 0 dmode 1 1 ]
[ 3 1024 768 0 dmode 1 1 ]
[ 3 1152 768 0 dmode 1 1 ]
[ 2 640 1152 0 dmode 1 0 ]
[ 2 768 1152 0 dmode 1 0 ]
[ 2 896 1152 0 dmode 1 0 ]
[ 2 1024 1152 0 dmode 1 0 ]
[ 2 1152 1152 0 dmode 1 0 ]
[ 17 1536 1408 90 barmode 3 0 ]
[ 39 1152 640 90 barmode 3 1 ]
[ 39 1024 640 90 barmode 3 1 ]
[ 39 896 640 90 barmode 3 1 ]
[ 39 768 640 90 barmode 3 1 ]
[ 39 640 640 90 barmode 3 1 ]
[ 3 512 640 270 dmode 0 1 ]
[ 3 1280 640 270 dmode 0 1 ]
[ 3 640 512 0 crystal 1 1 ]
[ 3 768 512 0 crystal 1 1 ]
[ 3 896 512 0 crystal 1 1 ]
[ 3 1024 512 0 crystal 1 1 ]
[ 3 1152 512 0 crystal 1 1 ]
[ 16 768 -256 0 crystal 2 1 ]
[ 16 768 -128 0 crystal 2 1 ]
[ 16 768 0 0 crystal 2 1 ]
[ 43 256 1920 630 0 ]
[ 43 1792 -385 540 0 ]
[ 43 1792 128 180 1 ]
[ 43 0 -385 360 1 ]
[ 43 0 128 1080 2 ]
[ 43 0 128 360 2 ]
[ 40 128 -640 90 barmode 4 0 ]
[ 40 128 -512 90 barmode 4 0 ]
[ 40 128 -384 90 barmode 4 0 ]
[ 40 128 -256 90 barmode 4 0 ]
[ 40 128 -128 90 barmode 4 0 ]
[ 40 128 0 90 barmode 4 0 ]
[ 40 128 128 90 barmode 4 0 ]
[ 40 128 256 90 barmode 4 0 ]
[ 40 128 384 90 barmode 4 0 ]
[ 40 1664 -640 90 barmode 4 0 ]
[ 40 1664 -512 90 barmode 4 0 ]
[ 40 1664 -384 90 barmode 4 0 ]
[ 40 1664 -256 90 barmode 4 0 ]
[ 40 1664 -128 90 barmode 4 0 ]
[ 40 1664 0 90 barmode 4 0 ]
[ 40 1664 128 90 barmode 4 0 ]
[ 40 1664 256 90 barmode 4 0 ]
[ 40 1664 384 90 barmode 4 0 ]
[ 21 256 1664 90 0 ]
[ 21 128 1664 90 0 ]
[ 21 128 1792 90 0 ]
[ 21 256 1792 90 0 ]
[ 21 384 1792 90 0 ]
[ 21 1408 1408 90 0 ]
[ 21 1408 1280 90 0 ]
[ 21 1536 1280 90 0 ]
[ 21 1664 1280 90 0 ]
[ 21 1664 1408 90 0 ]
[ 5 640 256 360 0 ]
[ 5 1152 256 270 0 ]
[ 4 640 -640 0 0 ]
[ 4 640 -512 0 0 ]
[ 4 640 -384 0 0 ]
[ 4 640 -256 0 0 ]
[ 4 640 -128 0 0 ]
[ 4 640 0 0 0 ]
[ 4 640 128 0 0 ]
[ 4 768 256 90 0 ]
[ 4 896 256 90 0 ]
[ 4 1024 256 90 0 ]
[ 4 1152 128 180 0 ]
[ 4 1152 0 180 0 ]
[ 4 1152 -128 180 0 ]
[ 4 1152 -256 180 0 ]
[ 4 1152 -384 180 0 ]
[ 4 1152 -512 180 0 ]
[ 4 1152 -640 180 0 ]
[ 19 1407 -640 360 0 ]
[ 19 1407 -512 0 0 ]
[ 19 1407 -384 0 0 ]
[ 19 1407 -256 0 0 ]
[ 19 1407 -128 0 0 ]
[ 19 1407 0 0 0 ]
[ 19 1407 128 0 0 ]
[ 19 1407 256 0 0 ]
[ 19 1407 384 0 0 ]
[ 19 384 -640 180 0 ]
[ 19 384 -512 180 0 ]
[ 19 384 -384 180 0 ]
[ 19 384 -256 180 0 ]
[ 19 384 -128 180 0 ]
[ 19 384 0 180 0 ]
[ 19 384 128 180 0 ]
[ 19 384 256 180 0 ]
[ 19 384 384 180 0 ]
[ 12 512 384 270 3 ]
[ 12 640 384 270 2 ]
[ 12 1280 -640 270 2 ]
[ 12 1280 -384 270 3 ]
[ 12 1280 128 270 2 ]
[ 12 1280 256 270 2 ]
[ 12 1280 384 270 2 ]
[ 12 1024 384 270 3 ]
[ 12 768 384 270 3 ]
[ 12 896 384 270 3 ]
[ 12 1152 384 270 3 ]
[ 12 1280 -257 270 3 ]
[ 12 1280 -128 270 3 ]
[ 12 1280 0 270 3 ]
[ 12 1280 -512 270 3 ]
[ 12 512 -384 270 2 ]
[ 12 512 -257 270 3 ]
[ 12 512 -128 270 2 ]
[ 12 512 256 270 2 ]
[ 12 512 128 270 3 ]
[ 12 512 0 270 2 ]
[ 12 512 -640 270 2 ]
[ 12 512 -512 270 2 ]
[ 43 1280 -768 450 3 ]
[ 43 512 -768 90 3 ]
[ 14 896 128 90 0 ]
[ 14 1023 0 90 0 ]
[ 14 1023 -128 90 0 ]
[ 14 1023 -256 90 0 ]
[ 14 1023 -384 90 0 ]
[ 14 768 -512 90 0 ]
[ 14 768 -640 90 0 ]
[ 14 1023 -512 90 0 ]
[ 14 1023 -640 90 0 ]
[ 6 896 -3072 180 0 ]
[ 4 896 -2944 270 0 ]
[ 1 640 1664 90 0 ]
[ 1 768 1664 180 0 ]
[ 1 896 1664 270 0 ]
[ 1 1024 1664 270 0 ]
[ 1 1152 1664 0 0 ]
[ 1 1152 1792 180 0 ]
[ 1 1024 1792 270 0 ]
[ 1 896 1792 180 0 ]
[ 1 768 1792 270 0 ]
[ 1 640 1792 180 0 ]
[ 1 512 1792 0 0 ]
[ 1 128 896 270 0 ]
[ 1 384 896 270 0 ]
[ 1 256 896 0 0 ]
[ 1 256 1024 90 0 ]
[ 1 384 1024 180 0 ]
[ 1 1408 896 180 0 ]
[ 1 1664 896 0 0 ]
[ 1 1536 896 270 0 ]
[ 1 1536 1024 270 0 ]
[ 1 1408 1024 270 0 ]
[ 1 1152 896 0 0 ]
[ 1 1024 896 0 0 ]
[ 1 896 896 0 0 ]
[ 1 768 896 180 0 ]
[ 1 640 896 0 0 ]
[ 1 640 1024 270 0 ]
[ 1 768 1024 180 0 ]
[ 1 896 1024 180 0 ]
[ 1 1024 1024 180 0 ]
[ 1 1152 1024 180 0 ]
[ 1 1152 1280 0 0 ]
[ 1 1024 1280 0 0 ]
[ 1 896 1280 90 0 ]
[ 1 768 1280 180 0 ]
[ 1 640 1280 0 0 ]
[ 1 640 1408 180 0 ]
[ 1 768 1408 90 0 ]
[ 1 896 1408 90 0 ]
[ 1 1024 1408 0 0 ]
[ 1 1152 1408 270 0 ]
[ 3 512 896 90 dmode 2 1 ]
[ 3 512 1024 90 dmode 2 1 ]
[ 21 256 1280 90 0 ]
[ 21 384 1280 90 0 ]
[ 21 384 1408 90 0 ]
[ 21 256 1408 90 0 ]
[ 21 128 1408 90 0 ]
[ 21 128 1280 90 0 ]
[ 21 256 640 90 0 ]
[ 21 384 640 90 0 ]
[ 21 1408 640 90 0 ]
[ 21 1536 640 90 0 ]
[ 2 256 0 90 dmode 2 0 ]
[ 2 256 128 90 dmode 2 0 ]
[ 2 256 256 90 dmode 2 0 ]
[ 2 256 384 90 dmode 2 0 ]
[ 2 256 -640 90 dmode 2 0 ]
[ 2 256 -512 90 dmode 2 0 ]
[ 2 256 -384 90 dmode 2 0 ]
[ 2 256 -256 90 dmode 2 0 ]
[ 2 1536 -640 90 dmode 2 0 ]
[ 2 1536 -512 90 dmode 2 0 ]
[ 2 1536 -384 90 dmode 2 0 ]
[ 2 1536 -256 90 dmode 2 0 ]
[ 2 1536 0 90 dmode 2 0 ]
[ 2 1536 128 90 dmode 2 0 ]
[ 2 1536 256 90 dmode 2 0 ]
[ 2 1536 384 90 dmode 2 0 ]
[ 100 896 1280 845 ]
[ 100 896 -128 845 ]
[ 104 219 1591 Cake_is_a_lie ]
[ 101 896 -2048 845 ]
[ 104 1050 200 Lift ]
[ 100 896 1280 845 ]
Electric
PLayer 850.253 1699.58