Does_not_exist
Map_basic
[ 1 512 0 180 1 ]
[ 1 512 768 0 2 ]
[ 1 2048 0 180 2 ]
[ 1 2048 768 90 2 ]
[ 7 640 0 0 0 ]
[ 7 768 0 0 0 ]
[ 7 1152 0 0 0 ]
[ 7 1408 0 0 0 ]
[ 7 1535 0 0 0 ]
[ 7 1792 0 0 0 ]
[ 7 1920 0 0 0 ]
[ 7 640 768 0 0 ]
[ 7 768 768 0 0 ]
[ 7 1024 768 0 0 ]
[ 7 1152 768 0 0 ]
[ 7 1408 768 0 0 ]
[ 7 1535 768 0 0 ]
[ 7 1792 768 0 0 ]
[ 7 1920 768 0 0 ]
[ 7 2048 128 90 0 ]
[ 7 2048 256 90 0 ]
[ 7 2048 512 90 0 ]
[ 7 2048 640 90 0 ]
[ 7 512 128 90 0 ]
[ 7 512 256 90 0 ]
[ 7 512 512 90 0 ]
[ 7 512 640 90 0 ]
[ 7 1024 0 360 0 ]
[ 1 896 384 270 1 ]
[ 1 1280 0 270 1 ]
[ 1 1280 768 180 2 ]
[ 1 1664 0 0 0 ]
[ 1 1664 384 0 5 ]
[ 1 1664 768 180 5 ]
[ 2 896 0 270 dmode 0 0 ]
[ 2 1280 384 270 dmode 1 0 ]
[ 2 2048 384 0 dmode 2 0 ]
[ 2 896 768 180 dmode 3 0 ]
[ 2 512 384 270 dmode 4 0 ]
[ 3 1088 192 0 1 ]
[ 3 704 576 0 1 ]
[ 3 1088 576 0 1 ]
[ 3 1472 576 0 1 ]
[ 3 1856 576 0 1 ]
[ 3 1856 192 0 1 ]
[ 3 1472 192 0 1 ]
Movables
Map_floor
[ 1 640 512 0 0 ]
[ 1 640 640 90 0 ]
[ 1 768 512 180 0 ]
[ 1 768 640 0 0 ]
[ 1 1024 128 270 0 ]
[ 1 1024 256 180 0 ]
[ 1 1024 512 270 0 ]
[ 1 1024 640 90 0 ]
[ 1 1152 128 180 0 ]
[ 1 1152 256 0 0 ]
[ 1 1152 512 90 0 ]
[ 1 1152 640 270 0 ]
[ 1 1408 128 0 0 ]
[ 1 1408 256 0 0 ]
[ 1 1408 512 90 0 ]
[ 1 1408 640 90 0 ]
[ 1 1535 128 180 0 ]
[ 1 1535 256 270 0 ]
[ 1 1535 512 180 0 ]
[ 1 1535 640 270 0 ]
[ 1 1792 128 270 0 ]
[ 1 1792 256 180 0 ]
[ 1 1792 512 180 0 ]
[ 1 1792 640 0 0 ]
[ 1 1920 128 90 0 ]
[ 1 1920 256 0 0 ]
[ 1 1920 512 180 0 ]
[ 1 1920 640 90 0 ]
[ 2 640 384 180 dmode 0 0 ]
[ 2 768 384 180 dmode 0 0 ]
[ 3 896 512 270 dmode 0 1 ]
[ 3 896 640 270 dmode 0 1 ]
[ 2 896 127 270 dmode 1 0 ]
[ 2 896 256 270 dmode 1 0 ]
[ 3 1792 384 360 dmode 1 1 ]
[ 3 1920 384 0 dmode 1 1 ]
[ 2 1280 128 90 dmode 2 0 ]
[ 2 1280 256 90 dmode 2 0 ]
[ 3 1408 384 180 dmode 2 1 ]
[ 3 1536 384 180 dmode 2 1 ]
[ 3 1280 512 270 dmode 3 1 ]
[ 3 1280 640 270 dmode 3 1 ]
[ 2 1664 128 270 dmode 3 0 ]
[ 2 1664 256 270 dmode 3 0 ]
[ 3 1024 384 360 dmode 4 1 ]
[ 3 1152 384 0 dmode 4 1 ]
[ 2 1664 512 90 dmode 4 0 ]
[ 2 1664 640 90 dmode 4 0 ]
[ 6 640 128 90 0 ]
[ 6 768 128 90 0 ]
[ 6 768 255 90 0 ]
[ 6 640 255 90 0 ]
[ 103 768 256 200 0.752393 ]
[ 100 1280 384 953 ]
Electric
PLayer 880.415 244.379