Does_not_exist
Map_basic
[ 13 256 640 0 0 ]
[ 13 768 640 0 0 ]
[ 13 1280 640 0 0 ]
[ 13 1792 640 0 0 ]
[ 13 256 1152 0 0 ]
[ 13 768 1152 0 0 ]
[ 13 1280 1152 0 0 ]
[ 13 1792 1152 0 0 ]
[ 13 -256 640 0 0 ]
[ 13 -256 1151 0 0 ]
[ 13 2304 640 0 0 ]
[ 13 2304 1151 0 0 ]
[ 25 -256 768 90 0 ]
[ 25 -256 896 90 0 ]
[ 25 -256 1024 90 0 ]
[ 25 256 768 90 0 ]
[ 25 256 896 90 0 ]
[ 25 256 1024 90 0 ]
[ 25 768 768 90 0 ]
[ 25 768 896 90 0 ]
[ 25 768 1024 90 0 ]
[ 25 1280 768 90 0 ]
[ 25 1280 896 90 0 ]
[ 25 1280 1024 90 0 ]
[ 25 1792 768 90 0 ]
[ 25 1792 896 90 0 ]
[ 25 1792 1024 90 0 ]
[ 25 2304 768 90 0 ]
[ 25 2304 896 90 0 ]
[ 25 2304 1024 90 0 ]
[ 12 0 1151 180 0 ]
[ 12 128 1151 180 2 ]
[ 12 -128 1151 180 1 ]
[ 12 512 1151 180 0 ]
[ 12 640 1151 180 2 ]
[ 12 384 1151 180 1 ]
[ 12 1024 1151 180 0 ]
[ 12 1152 1151 180 2 ]
[ 12 896 1151 180 1 ]
[ 12 1536 1151 180 0 ]
[ 12 1664 1151 180 2 ]
[ 12 1408 1151 180 1 ]
[ 12 2048 1151 180 0 ]
[ 12 2176 1151 180 2 ]
[ 12 1920 1151 180 1 ]
[ 12 2432 1152 180 1 ]
[ 12 2560 1152 180 0 ]
[ 12 -384 1152 180 2 ]
[ 23 -128 128 180 0 ]
[ 23 0 128 180 0 ]
[ 23 128 128 180 0 ]
[ 23 384 128 180 0 ]
[ 23 512 128 180 0 ]
[ 23 640 128 180 0 ]
[ 23 896 128 180 0 ]
[ 23 1024 128 180 0 ]
[ 23 1152 128 180 0 ]
[ 23 1280 128 180 0 ]
[ 23 1408 128 180 0 ]
[ 23 1536 128 180 0 ]
[ 23 1664 128 180 0 ]
[ 23 1920 128 180 0 ]
[ 23 2048 128 180 0 ]
[ 23 2176 128 180 0 ]
[ 23 2432 128 180 0 ]
[ 23 2560 128 180 0 ]
[ 23 -384 128 180 0 ]
[ 3 2048 896 0 3 ]
[ 13 -1792 640 0 0 ]
[ 13 -1280 640 0 0 ]
[ 13 -768 640 0 0 ]
[ 13 -1792 1152 0 0 ]
[ 13 -1280 1152 0 0 ]
[ 13 -768 1152 0 0 ]
[ 13 -2304 640 0 0 ]
[ 13 -2304 1151 0 0 ]
[ 25 -2304 768 90 0 ]
[ 25 -2304 896 90 0 ]
[ 25 -2304 1024 90 0 ]
[ 25 -1792 768 90 0 ]
[ 25 -1792 896 90 0 ]
[ 25 -1792 1024 90 0 ]
[ 25 -1280 768 90 0 ]
[ 25 -1280 896 90 0 ]
[ 25 -1280 1024 90 0 ]
[ 25 -768 768 90 0 ]
[ 25 -768 896 90 0 ]
[ 25 -768 1024 90 0 ]
[ 12 -2048 1151 180 0 ]
[ 12 -1920 1151 180 2 ]
[ 12 -2176 1151 180 1 ]
[ 12 -1536 1151 180 0 ]
[ 12 -1408 1151 180 2 ]
[ 12 -1664 1151 180 1 ]
[ 12 -1024 1151 180 0 ]
[ 12 -896 1151 180 2 ]
[ 12 -1152 1151 180 1 ]
[ 12 -512 1151 180 0 ]
[ 12 -640 1151 180 1 ]
[ 12 -2432 1152 180 2 ]
[ 23 -2432 128 0 0 ]
[ 23 -2176 128 0 0 ]
[ 23 -2048 128 0 0 ]
[ 23 -1920 128 0 0 ]
[ 23 -1792 128 0 0 ]
[ 23 -1664 128 0 0 ]
[ 23 -1536 128 0 0 ]
[ 23 -1408 128 0 0 ]
[ 23 -1152 128 0 0 ]
[ 23 -1024 128 0 0 ]
[ 23 -896 128 0 0 ]
[ 23 -768 128 0 0 ]
[ 23 -640 128 0 0 ]
[ 23 -512 128 0 0 ]
[ 23 2304 128 0 0 ]
[ 22 -2304 128 0 0 ]
[ 22 -1281 128 0 0 ]
[ 22 -256 128 0 0 ]
[ 22 768 128 0 0 ]
[ 22 1792 128 0 0 ]
[ 24 -512 896 0 lmode 4 0 ]
[ 3 0 896 0 3 ]
[ 22 256 128 0 0 ]
[ 13 4864 640 0 0 ]
[ 13 4864 1151 0 0 ]
[ 25 4864 768 90 0 ]
[ 25 4864 896 90 0 ]
[ 25 4864 1024 90 0 ]
[ 12 5120 1151 180 0 ]
[ 12 5248 1151 180 2 ]
[ 12 4992 1151 180 1 ]
[ 12 4736 1152 180 2 ]
[ 23 4992 128 180 0 ]
[ 23 5120 128 180 0 ]
[ 23 5248 128 180 0 ]
[ 23 4736 128 180 0 ]
[ 13 3328 640 0 0 ]
[ 13 3840 640 0 0 ]
[ 13 4352 640 0 0 ]
[ 13 3328 1152 0 0 ]
[ 13 3840 1152 0 0 ]
[ 13 4352 1152 0 0 ]
[ 13 2816 640 0 0 ]
[ 13 2816 1151 0 0 ]
[ 25 2816 768 90 0 ]
[ 25 2816 896 90 0 ]
[ 25 2816 1024 90 0 ]
[ 25 3328 768 90 0 ]
[ 25 3328 896 90 0 ]
[ 25 3328 1024 90 0 ]
[ 25 3840 768 90 0 ]
[ 25 3840 896 90 0 ]
[ 25 3840 1024 90 0 ]
[ 25 4352 768 90 0 ]
[ 25 4352 896 90 0 ]
[ 25 4352 1024 90 0 ]
[ 12 3072 1151 180 0 ]
[ 12 3200 1151 180 2 ]
[ 12 2944 1151 180 1 ]
[ 12 3584 1151 180 0 ]
[ 12 3712 1151 180 2 ]
[ 12 3456 1151 180 1 ]
[ 12 4096 1151 180 0 ]
[ 12 4224 1151 180 2 ]
[ 12 3968 1151 180 1 ]
[ 12 4608 1151 180 0 ]
[ 12 4480 1151 180 1 ]
[ 12 2688 1152 180 2 ]
[ 23 2688 128 0 0 ]
[ 23 2944 128 0 0 ]
[ 23 3072 128 0 0 ]
[ 23 3200 128 0 0 ]
[ 23 3328 128 0 0 ]
[ 23 3456 128 0 0 ]
[ 23 3584 128 0 0 ]
[ 23 3712 128 0 0 ]
[ 23 3968 128 0 0 ]
[ 23 4096 128 0 0 ]
[ 23 4224 128 0 0 ]
[ 23 4352 128 0 0 ]
[ 23 4480 128 0 0 ]
[ 23 4608 128 0 0 ]
[ 22 2816 128 0 0 ]
[ 22 3839 128 0 0 ]
[ 22 4864 128 0 0 ]
[ 24 4608 896 0 lmode 4 0 ]
[ 13 -4864 640 0 0 ]
[ 13 -4352 640 0 0 ]
[ 13 -3840 640 0 0 ]
[ 13 -3328 640 0 0 ]
[ 13 -4864 1152 0 0 ]
[ 13 -4352 1152 0 0 ]
[ 13 -3840 1152 0 0 ]
[ 13 -3328 1152 0 0 ]
[ 13 -5376 640 0 0 ]
[ 13 -5376 1151 0 0 ]
[ 13 -2816 640 0 0 ]
[ 13 -2816 1151 0 0 ]
[ 25 -5376 768 90 0 ]
[ 25 -5376 896 90 0 ]
[ 25 -5376 1024 90 0 ]
[ 25 -4864 768 90 0 ]
[ 25 -4864 896 90 0 ]
[ 25 -4864 1024 90 0 ]
[ 25 -4352 768 90 0 ]
[ 25 -4352 896 90 0 ]
[ 25 -4352 1024 90 0 ]
[ 25 -3840 768 90 0 ]
[ 25 -3840 896 90 0 ]
[ 25 -3840 1024 90 0 ]
[ 25 -3328 768 90 0 ]
[ 25 -3328 896 90 0 ]
[ 25 -3328 1024 90 0 ]
[ 25 -2816 768 90 0 ]
[ 25 -2816 896 90 0 ]
[ 25 -2816 1024 90 0 ]
[ 12 -5120 1151 180 0 ]
[ 12 -4992 1151 180 2 ]
[ 12 -5248 1151 180 1 ]
[ 12 -4608 1151 180 0 ]
[ 12 -4480 1151 180 2 ]
[ 12 -4736 1151 180 1 ]
[ 12 -4096 1151 180 0 ]
[ 12 -3968 1151 180 2 ]
[ 12 -4224 1151 180 1 ]
[ 12 -3584 1151 180 0 ]
[ 12 -3456 1151 180 2 ]
[ 12 -3712 1151 180 1 ]
[ 12 -3072 1151 180 0 ]
[ 12 -2944 1151 180 2 ]
[ 12 -3200 1151 180 1 ]
[ 12 -2688 1152 180 1 ]
[ 12 -2560 1152 180 0 ]
[ 23 -5248 128 180 0 ]
[ 23 -5120 128 180 0 ]
[ 23 -4992 128 180 0 ]
[ 23 -4736 128 180 0 ]
[ 23 -4608 128 180 0 ]
[ 23 -4480 128 180 0 ]
[ 23 -4224 128 180 0 ]
[ 23 -4096 128 180 0 ]
[ 23 -3968 128 180 0 ]
[ 23 -3840 128 180 0 ]
[ 23 -3712 128 180 0 ]
[ 23 -3584 128 180 0 ]
[ 23 -3456 128 180 0 ]
[ 23 -3200 128 180 0 ]
[ 23 -3072 128 180 0 ]
[ 23 -2944 128 180 0 ]
[ 23 -2688 128 180 0 ]
[ 23 -2560 128 180 0 ]
[ 23 -2816 128 0 0 ]
[ 22 -5376 128 0 0 ]
[ 22 -4352 128 0 0 ]
[ 22 -3328 128 0 0 ]
[ 22 -4864 128 0 0 ]
[ 6 -3072 896 0 3 ]
[ 6 -768 1920 0 3 ]
[ 24 2560 896 0 lmode 3 0 ]
[ 24 -2560 896 0 lmode 3 0 ]
[ 6 -3072 896 0 0 ]
[ 6 0 896 0 0 ]
[ 6 2048 896 0 0 ]
[ 6 5120 896 0 0 ]
[ 6 -5120 896 0 0 ]
[ 3 -1024 896 0 3 ]
[ 6 -1024 896 0 0 ]
[ 6 4096 896 0 0 ]
Movables
Map_floor
[ 6 1920 768 180 0 ]
[ 6 2048 768 180 0 ]
[ 6 2176 768 180 0 ]
[ 6 2176 896 180 0 ]
[ 6 2176 1024 180 0 ]
[ 6 2048 896 180 0 ]
[ 6 2048 1024 180 0 ]
[ 6 1920 1024 180 0 ]
[ 6 1920 896 180 0 ]
[ 24 -1280 256 90 lmode 0 1 ]
[ 24 -1280 384 90 lmode 0 1 ]
[ 24 -1280 512 90 lmode 0 1 ]
[ 24 256 256 90 lmode 0 1 ]
[ 24 256 384 90 lmode 0 1 ]
[ 24 256 512 90 lmode 0 1 ]
[ 23 -1536 640 180 lmode 1 0 ]
[ 23 -1408 640 180 lmode 1 0 ]
[ 23 -1664 640 180 lmode 1 0 ]
[ 24 -1024 640 360 lmode 2 1 ]
[ 24 -896 640 0 lmode 2 1 ]
[ 24 -1152 640 0 lmode 2 1 ]
[ 24 0 640 0 lmode 5 1 ]
[ 24 -128 640 0 lmode 5 1 ]
[ 24 128 640 0 lmode 5 1 ]
[ 24 896 640 0 lmode 6 1 ]
[ 24 1024 640 0 lmode 6 1 ]
[ 24 1152 640 0 lmode 6 1 ]
[ 23 1536 640 360 lmode 8 0 ]
[ 23 1664 640 0 lmode 8 0 ]
[ 23 1408 640 0 lmode 8 0 ]
[ 24 768 512 270 lmode 8 1 ]
[ 24 768 384 630 lmode 8 1 ]
[ 24 768 256 270 lmode 8 1 ]
[ 24 1280 256 270 lmode 10 1 ]
[ 24 1280 384 270 lmode 10 1 ]
[ 24 1280 512 270 lmode 10 1 ]
[ 24 -768 256 270 lmode 10 1 ]
[ 24 -768 384 270 lmode 10 1 ]
[ 24 -768 512 270 lmode 10 1 ]
[ 24 -256 256 270 lmode 10 1 ]
[ 24 -256 384 270 lmode 10 1 ]
[ 24 -256 512 270 lmode 10 1 ]
[ 23 1792 256 270 lmode 11 0 ]
[ 23 1792 384 270 lmode 11 0 ]
[ 23 1792 512 270 lmode 11 0 ]
[ 23 2304 256 270 lmode 11 0 ]
[ 23 2304 384 270 lmode 11 0 ]
[ 23 2304 512 270 lmode 11 0 ]
[ 23 -2304 256 270 lmode 11 0 ]
[ 23 -2304 384 270 lmode 11 0 ]
[ 23 -2304 512 270 lmode 11 0 ]
[ 23 -2432 640 360 lmode 11 0 ]
[ 23 2432 640 0 lmode 11 0 ]
[ 23 2560 640 0 lmode 11 0 ]
[ 42 -640 640 0 0 ]
[ 42 -640 512 0 0 ]
[ 42 -640 384 0 0 ]
[ 42 -640 256 0 0 ]
[ 42 -512 256 0 0 ]
[ 42 -384 256 0 0 ]
[ 42 -384 384 0 0 ]
[ 42 -512 384 0 0 ]
[ 42 -512 512 0 0 ]
[ 42 -384 512 0 0 ]
[ 13 -1408 896 0 0 ]
[ 13 -1408 768 0 0 ]
[ 13 -1536 768 0 0 ]
[ 13 -1536 896 0 0 ]
[ 13 -1408 1024 0 0 ]
[ 13 -1536 1024 0 0 ]
[ 13 -1664 1024 0 0 ]
[ 13 -1664 896 0 0 ]
[ 13 -1664 768 0 0 ]
[ 13 0 768 0 0 ]
[ 13 128 768 0 0 ]
[ 13 128 896 0 0 ]
[ 13 128 1024 0 0 ]
[ 13 0 1024 0 0 ]
[ 13 -128 1024 0 0 ]
[ 13 -128 896 0 0 ]
[ 13 -128 768 0 0 ]
[ 20 -1024 256 0 0 ]
[ 20 -896 384 0 0 ]
[ 20 -1152 384 0 0 ]
[ 20 -1024 512 0 0 ]
[ 20 -1152 768 0 0 ]
[ 20 -1024 768 0 0 ]
[ 20 -896 768 0 0 ]
[ 20 -896 896 0 0 ]
[ 20 -896 1024 0 0 ]
[ 20 -1024 1024 0 0 ]
[ 20 -1152 1024 0 0 ]
[ 20 -1152 896 0 0 ]
[ 20 -1024 896 0 0 ]
[ 13 -1152 512 0 0 ]
[ 13 -1024 384 0 0 ]
[ 13 -1152 256 0 0 ]
[ 13 -896 512 0 0 ]
[ 13 -896 256 0 0 ]
[ 13 -128 384 0 0 ]
[ 13 0 256 0 0 ]
[ 13 128 384 0 0 ]
[ 13 0 512 0 0 ]
[ 20 0 384 0 0 ]
[ 20 -128 256 0 0 ]
[ 20 -128 512 0 0 ]
[ 20 128 256 0 0 ]
[ 20 128 512 0 0 ]
[ 20 896 768 0 0 ]
[ 20 1024 768 0 0 ]
[ 20 1152 768 0 0 ]
[ 20 1152 896 0 0 ]
[ 20 1024 896 0 0 ]
[ 20 896 896 0 0 ]
[ 20 896 1024 0 0 ]
[ 20 1024 1024 0 0 ]
[ 20 1152 1024 0 0 ]
[ 20 1408 256 0 0 ]
[ 20 1536 256 0 0 ]
[ 20 1664 256 0 0 ]
[ 20 1664 384 0 0 ]
[ 20 1408 512 0 0 ]
[ 20 1408 384 0 0 ]
[ 20 1536 384 0 0 ]
[ 20 1536 512 0 0 ]
[ 20 1664 512 0 0 ]
[ 20 2560 768 0 0 ]
[ 20 2560 896 0 0 ]
[ 13 2432 768 0 0 ]
[ 13 2432 896 0 0 ]
[ 13 2432 1024 0 0 ]
[ 13 2560 1024 0 0 ]
[ 13 -2432 768 0 0 ]
[ 13 -2432 896 0 0 ]
[ 13 -2432 1024 0 0 ]
[ 20 -2432 512 0 0 ]
[ 20 -2432 384 0 0 ]
[ 20 -2432 256 0 0 ]
[ 20 2560 256 0 0 ]
[ 20 2432 384 0 0 ]
[ 20 2560 512 0 0 ]
[ 13 2432 256 0 0 ]
[ 13 2560 384 0 0 ]
[ 13 2432 512 0 0 ]
[ 13 2176 512 90 0 ]
[ 13 1920 384 0 0 ]
[ 13 896 256 90 0 ]
[ 13 1024 512 0 0 ]
[ 13 896 512 0 0 ]
[ 13 896 384 90 0 ]
[ 13 1024 384 0 0 ]
[ 13 1024 256 0 0 ]
[ 13 1152 256 0 0 ]
[ 13 1152 384 0 0 ]
[ 13 1152 512 0 0 ]
[ 13 2176 256 90 0 ]
[ 13 2176 384 90 0 ]
[ 13 2048 512 90 0 ]
[ 13 2048 384 90 0 ]
[ 13 2048 256 90 0 ]
[ 13 1920 512 90 0 ]
[ 13 1920 256 90 0 ]
[ 24 3840 256 90 lmode 0 1 ]
[ 24 3840 384 90 lmode 0 1 ]
[ 24 3840 512 90 lmode 0 1 ]
[ 23 3584 640 180 lmode 1 0 ]
[ 23 3712 640 180 lmode 1 0 ]
[ 23 3456 640 180 lmode 1 0 ]
[ 24 4096 640 360 lmode 2 1 ]
[ 24 4224 640 0 lmode 2 1 ]
[ 24 3968 640 0 lmode 2 1 ]
[ 24 5120 640 0 lmode 5 1 ]
[ 24 4992 640 0 lmode 5 1 ]
[ 24 5248 640 0 lmode 5 1 ]
[ 24 4352 256 270 lmode 10 1 ]
[ 24 4352 384 270 lmode 10 1 ]
[ 24 4352 512 270 lmode 10 1 ]
[ 24 4864 256 270 lmode 10 1 ]
[ 24 4864 384 270 lmode 10 1 ]
[ 24 4864 512 270 lmode 10 1 ]
[ 23 2816 256 270 lmode 11 0 ]
[ 23 2816 384 270 lmode 11 0 ]
[ 23 2816 512 270 lmode 11 0 ]
[ 23 2688 640 360 lmode 11 0 ]
[ 42 4480 640 0 0 ]
[ 42 4480 512 0 0 ]
[ 42 4480 384 0 0 ]
[ 42 4480 256 0 0 ]
[ 42 4608 256 0 0 ]
[ 42 4736 256 0 0 ]
[ 42 4736 384 0 0 ]
[ 42 4608 384 0 0 ]
[ 42 4608 512 0 0 ]
[ 42 4736 512 0 0 ]
[ 13 3712 896 0 0 ]
[ 13 3712 768 0 0 ]
[ 13 3584 768 0 0 ]
[ 13 3584 896 0 0 ]
[ 13 3712 1024 0 0 ]
[ 13 3584 1024 0 0 ]
[ 13 3456 1024 0 0 ]
[ 13 3456 896 0 0 ]
[ 13 3456 768 0 0 ]
[ 13 5120 768 0 0 ]
[ 13 5248 768 0 0 ]
[ 13 5248 896 0 0 ]
[ 13 5248 1024 0 0 ]
[ 13 5120 1024 0 0 ]
[ 13 4992 1024 0 0 ]
[ 13 4992 896 0 0 ]
[ 13 4992 768 0 0 ]
[ 20 4096 256 0 0 ]
[ 20 4224 384 0 0 ]
[ 20 3968 384 0 0 ]
[ 20 4096 512 0 0 ]
[ 20 3968 768 0 0 ]
[ 20 4096 768 0 0 ]
[ 20 4224 768 0 0 ]
[ 20 4224 896 0 0 ]
[ 20 4224 1024 0 0 ]
[ 20 4096 1024 0 0 ]
[ 20 3968 1024 0 0 ]
[ 20 3968 896 0 0 ]
[ 20 4096 896 0 0 ]
[ 13 3968 512 0 0 ]
[ 13 4096 384 0 0 ]
[ 13 3968 256 0 0 ]
[ 13 4224 512 0 0 ]
[ 13 4224 256 0 0 ]
[ 13 4992 384 0 0 ]
[ 13 5120 256 0 0 ]
[ 13 5248 384 0 0 ]
[ 13 5120 512 0 0 ]
[ 20 5120 384 0 0 ]
[ 20 4992 256 0 0 ]
[ 20 4992 512 0 0 ]
[ 20 5248 256 0 0 ]
[ 20 5248 512 0 0 ]
[ 13 2688 768 0 0 ]
[ 13 2688 896 0 0 ]
[ 13 2688 1024 0 0 ]
[ 20 2688 512 0 0 ]
[ 20 2688 384 0 0 ]
[ 20 2688 256 0 0 ]
[ 6 -3200 768 180 0 ]
[ 6 -3072 768 180 0 ]
[ 6 -2944 768 180 0 ]
[ 6 -2944 896 180 0 ]
[ 6 -2944 1024 180 0 ]
[ 6 -3072 896 180 0 ]
[ 6 -3072 1024 180 0 ]
[ 6 -3200 1024 180 0 ]
[ 6 -3200 896 180 0 ]
[ 24 -4864 256 90 lmode 0 1 ]
[ 24 -4864 384 90 lmode 0 1 ]
[ 24 -4864 512 90 lmode 0 1 ]
[ 24 -5120 640 0 lmode 5 1 ]
[ 24 -5248 640 0 lmode 5 1 ]
[ 24 -4992 640 0 lmode 5 1 ]
[ 24 -4224 640 0 lmode 6 1 ]
[ 24 -4096 640 0 lmode 6 1 ]
[ 24 -3968 640 0 lmode 6 1 ]
[ 23 -3584 640 360 lmode 8 0 ]
[ 23 -3456 640 0 lmode 8 0 ]
[ 23 -3712 640 0 lmode 8 0 ]
[ 24 -4352 512 270 lmode 8 1 ]
[ 24 -4352 384 270 lmode 8 1 ]
[ 24 -4352 256 270 lmode 8 1 ]
[ 24 -3840 256 270 lmode 10 1 ]
[ 24 -3840 384 270 lmode 10 1 ]
[ 24 -3840 512 270 lmode 10 1 ]
[ 24 -5376 256 270 lmode 10 1 ]
[ 24 -5376 384 270 lmode 10 1 ]
[ 24 -5376 512 270 lmode 10 1 ]
[ 23 -3328 256 270 lmode 11 0 ]
[ 23 -3328 384 270 lmode 11 0 ]
[ 23 -3328 512 270 lmode 11 0 ]
[ 23 -2816 256 270 lmode 11 0 ]
[ 23 -2816 384 270 lmode 11 0 ]
[ 23 -2816 512 270 lmode 11 0 ]
[ 23 -2688 640 0 lmode 11 0 ]
[ 23 -2560 640 0 lmode 11 0 ]
[ 13 -5120 768 0 0 ]
[ 13 -4992 768 0 0 ]
[ 13 -4992 896 0 0 ]
[ 13 -4992 1024 0 0 ]
[ 13 -5120 1024 0 0 ]
[ 13 -5248 1024 0 0 ]
[ 13 -5248 896 0 0 ]
[ 13 -5248 768 0 0 ]
[ 13 -5248 384 0 0 ]
[ 13 -5120 256 0 0 ]
[ 13 -4992 384 0 0 ]
[ 13 -5120 512 0 0 ]
[ 20 -5120 384 0 0 ]
[ 20 -5248 256 0 0 ]
[ 20 -5248 512 0 0 ]
[ 20 -4992 256 0 0 ]
[ 20 -4992 512 0 0 ]
[ 20 -4224 768 0 0 ]
[ 20 -4096 768 0 0 ]
[ 20 -3968 768 0 0 ]
[ 20 -3968 896 0 0 ]
[ 20 -4096 896 0 0 ]
[ 20 -4224 896 0 0 ]
[ 20 -4224 1024 0 0 ]
[ 20 -4096 1024 0 0 ]
[ 20 -3968 1024 0 0 ]
[ 20 -3712 256 0 0 ]
[ 20 -3584 256 0 0 ]
[ 20 -3456 256 0 0 ]
[ 20 -3456 384 0 0 ]
[ 20 -3712 512 0 0 ]
[ 20 -3712 384 0 0 ]
[ 20 -3584 384 0 0 ]
[ 20 -3584 512 0 0 ]
[ 20 -3456 512 0 0 ]
[ 20 -2560 768 0 0 ]
[ 20 -2560 896 0 0 ]
[ 13 -2688 768 0 0 ]
[ 13 -2688 896 0 0 ]
[ 13 -2688 1024 0 0 ]
[ 13 -2560 1024 0 0 ]
[ 20 -2560 256 0 0 ]
[ 20 -2688 384 0 0 ]
[ 20 -2560 512 0 0 ]
[ 13 -2688 256 0 0 ]
[ 13 -2560 384 0 0 ]
[ 13 -2688 512 0 0 ]
[ 13 -2944 512 90 0 ]
[ 13 -3200 384 0 0 ]
[ 13 -4224 256 0 0 ]
[ 13 -4096 512 0 0 ]
[ 13 -4224 512 0 0 ]
[ 13 -4224 384 0 0 ]
[ 13 -4096 384 0 0 ]
[ 13 -4096 256 0 0 ]
[ 13 -3968 256 0 0 ]
[ 13 -3968 384 0 0 ]
[ 13 -3968 512 0 0 ]
[ 13 -2944 256 90 0 ]
[ 13 -2944 384 90 0 ]
[ 13 -3072 512 90 0 ]
[ 13 -3072 384 90 0 ]
[ 13 -3072 256 90 0 ]
[ 13 -3200 512 90 0 ]
[ 13 -3200 256 90 0 ]
[ 23 1920 640 0 lmode 0 0 ]
[ 23 2176 640 0 lmode 0 0 ]
[ 23 2048 640 0 lmode 0 0 ]
[ 23 -3200 640 0 lmode 0 0 ]
[ 23 -3072 640 0 lmode 0 0 ]
[ 23 -2944 640 0 lmode 0 0 ]
[ 102 2688 384 184 -5120 0 ]
[ 102 -2816 384 167 5120 0 ]
[ 100 -1792 640 509 ]
[ 100 -2816 640 509 ]
[ 100 -768 640 509 ]
[ 100 256 640 509 ]
[ 100 1280 640 509 ]
[ 100 2304 640 509 ]
Electric
[ 46 -2176 1024 90 0 ]
[ 46 -1920 1024 90 0 ]
[ 26 -2176 896 90 ]
[ 26 -1920 768 90 ]
[ 26 -1920 640 90 ]
[ 26 -2176 768 90 ]
[ 26 -2176 640 90 ]
[ 26 -2176 512 90 ]
[ 26 -2176 384 90 ]
[ 27 -2176 256 180 ]
[ 37 -1792 640 450 lmode 1 ]
[ 28 -1920 896 270 ]
[ 25 -2304 768 270 ]
[ 25 -1792 768 270 ]
[ 26 -2304 896 270 ]
[ 26 -2304 1024 270 ]
[ 26 -2176 1152 360 ]
[ 26 -1920 1152 0 ]
[ 26 -1792 896 90 ]
[ 26 -1792 1024 90 ]
[ 27 -1792 1152 360 ]
[ 27 -2304 1152 90 ]
[ 26 -2048 256 180 ]
[ 26 -1920 256 180 ]
[ 26 -1792 256 180 ]
[ 26 -1664 256 180 ]
[ 27 -1408 256 0 ]
[ 37 -1536 128 540 lmode 2 ]
[ 28 -2048 1152 0 ]
[ 28 -2048 896 90 ]
[ 26 -2048 1023 90 ]
[ 26 -2048 768 90 ]
[ 26 -2048 640 90 ]
[ 26 -1792 384 180 ]
[ 26 -1536 384 180 ]
[ 26 -1536 512 180 ]
[ 28 -1664 384 180 ]
[ 27 -2048 384 540 ]
[ 27 -1408 512 360 ]
[ 27 -1408 384 270 ]
[ 29 -1920 512 270 ]
[ 28 -1920 384 540 ]
[ 28 -2048 512 450 ]
[ 28 -1792 512 180 ]
[ 28 -1664 512 360 ]
[ 34 -1536 256 0 lmode 3 0 ]
[ 35 -1280 128 0 lmode 3 1 ]
[ 31 -1152 128 0 0 ]
[ 28 -1408 128 180 ]
[ 36 -512 896 360 lmode 4 ]
[ 35 -512 1152 0 lmode 4 1 ]
[ 31 -640 1152 180 0 ]
[ 27 -384 1152 720 ]
[ 28 -640 896 450 ]
[ 28 -384 896 270 ]
[ 27 -640 1024 450 ]
[ 28 -384 1024 630 ]
[ 26 -512 1024 360 ]
[ 27 -640 768 180 ]
[ 27 -384 768 270 ]
[ 28 -512 768 360 ]
[ 27 -512 640 180 ]
[ 26 -384 640 180 ]
[ 37 -256 640 360 lmode 5 ]
[ 46 512 1024 180 0 ]
[ 46 384 1024 90 0 ]
[ 37 768 640 360 lmode 6 ]
[ 37 512 640 360 lmode 7 ]
[ 33 640 640 450 lmode 7 ]
[ 27 384 640 180 ]
[ 26 384 768 270 ]
[ 26 384 896 270 ]
[ 27 640 1024 360 ]
[ 27 640 896 270 ]
[ 27 512 896 450 ]
[ 27 512 768 180 ]
[ 27 640 768 720 ]
[ 37 640 128 990 lmode 8 ]
[ 26 512 256 180 ]
[ 26 512 384 180 ]
[ 26 512 512 180 ]
[ 27 640 512 990 ]
[ 27 384 512 450 ]
[ 27 640 384 720 ]
[ 28 384 384 450 ]
[ 27 384 256 180 ]
[ 28 640 256 990 ]
[ 46 1408 1024 180 0 ]
[ 37 1536 1024 360 lmode 9 ]
[ 37 1792 768 360 lmode 10 ]
[ 33 1536 768 540 lmode 9 ]
[ 30 1536 896 450 1 ]
[ 25 1408 896 450 ]
[ 35 1664 896 810 lmode 9 1 ]
[ 31 1920 1152 720 0 ]
[ 28 1664 768 180 ]
[ 27 1408 768 180 ]
[ 46 2944 1024 90 0 ]
[ 46 3200 1024 90 0 ]
[ 26 2944 896 90 ]
[ 26 3200 768 90 ]
[ 26 3200 640 90 ]
[ 26 2944 768 90 ]
[ 26 2944 640 90 ]
[ 26 2944 512 90 ]
[ 26 2944 384 90 ]
[ 27 2944 256 180 ]
[ 28 3200 896 270 ]
[ 25 2816 768 270 ]
[ 25 3328 768 270 ]
[ 26 2816 896 270 ]
[ 26 2816 1024 270 ]
[ 26 2944 1152 360 ]
[ 26 3200 1152 0 ]
[ 26 3328 896 90 ]
[ 26 3328 1024 90 ]
[ 27 3328 1152 360 ]
[ 27 2816 1152 90 ]
[ 26 3072 256 180 ]
[ 26 3200 256 180 ]
[ 26 3328 256 180 ]
[ 26 3456 256 180 ]
[ 27 3712 256 0 ]
[ 28 3072 1152 0 ]
[ 28 3072 896 90 ]
[ 26 3072 1023 90 ]
[ 26 3072 768 90 ]
[ 26 3072 640 90 ]
[ 26 3328 384 180 ]
[ 26 3584 384 180 ]
[ 26 3584 512 180 ]
[ 28 3456 384 180 ]
[ 27 3072 384 540 ]
[ 27 3712 512 360 ]
[ 27 3712 384 270 ]
[ 29 3200 512 270 ]
[ 28 3200 384 540 ]
[ 28 3072 512 450 ]
[ 28 3328 512 180 ]
[ 28 3456 512 360 ]
[ 34 3584 256 0 lmode 3 0 ]
[ 35 3840 128 0 lmode 3 1 ]
[ 31 3968 128 0 0 ]
[ 28 3712 128 180 ]
[ 36 4608 896 360 lmode 4 ]
[ 35 4608 1152 0 lmode 4 1 ]
[ 31 4480 1152 180 0 ]
[ 27 4736 1152 720 ]
[ 28 4480 896 450 ]
[ 28 4736 896 270 ]
[ 27 4480 1024 450 ]
[ 28 4736 1024 630 ]
[ 26 4608 1024 360 ]
[ 27 4480 768 180 ]
[ 27 4736 768 270 ]
[ 28 4608 768 360 ]
[ 27 4608 640 180 ]
[ 26 4736 640 180 ]
[ 46 -4608 1024 180 0 ]
[ 46 -4736 1024 90 0 ]
[ 33 -4480 640 450 lmode 7 ]
[ 27 -4736 640 180 ]
[ 26 -4736 768 270 ]
[ 26 -4736 896 270 ]
[ 27 -4480 1024 360 ]
[ 27 -4480 896 270 ]
[ 27 -4608 896 450 ]
[ 27 -4608 768 180 ]
[ 27 -4480 768 720 ]
[ 26 -4608 256 180 ]
[ 26 -4608 384 180 ]
[ 26 -4608 512 180 ]
[ 27 -4480 512 990 ]
[ 27 -4736 512 450 ]
[ 27 -4480 384 720 ]
[ 28 -4736 384 450 ]
[ 27 -4736 256 180 ]
[ 28 -4480 256 990 ]
[ 46 -3712 1024 180 0 ]
[ 33 -3584 768 540 lmode 9 ]
[ 30 -3584 896 450 1 ]
[ 25 -3712 896 450 ]
[ 35 -3456 896 810 lmode 9 1 ]
[ 28 -3456 768 180 ]
[ 27 -3712 768 180 ]
[ 25 3328 640 90 ]
[ 25 4864 640 360 ]
[ 25 -3328 768 0 ]
[ 25 -3584 1024 0 ]
[ 25 -4352 640 0 ]
[ 25 -4480 128 270 ]
[ 25 -4608 640 360 ]
[ 34 1792 1152 0 lmode 10 0 ]
[ 27 1664 1152 450 ]
[ 26 1664 1024 90 ]
[ 37 3584 128 180 lmode 0 ]
[ 26 -3456 1024 90 ]
[ 25 -3456 1152 450 ]
PLayer -1534 945