Does_not_exist
Map_basic
[ 1 640 640 180 0 ]
[ 7 640 768 90 0 ]
[ 2 640 896 0 dmode 0 0 ]
[ 7 640 1024 90 0 ]
[ 1 640 1152 180 2 ]
[ 7 640 1280 90 0 ]
[ 7 640 1408 90 0 ]
[ 7 640 1536 90 0 ]
[ 1 640 1664 270 2 ]
[ 7 640 1792 90 0 ]
[ 29 640 1920 0 0 ]
[ 7 640 2048 90 0 ]
[ 1 640 2176 180 5 ]
[ 7 768 640 0 0 ]
[ 7 768 2176 0 0 ]
[ 2 896 640 0 dmode 0 0 ]
[ 28 896 2176 0 barmode 0 ]
[ 7 1024 640 0 0 ]
[ 7 1024 2176 0 0 ]
[ 1 1152 640 0 4 ]
[ 1 1152 1152 270 4 ]
[ 3 1152 1664 0 1 ]
[ 1 1152 2176 0 3 ]
[ 7 1280 640 0 0 ]
[ 7 1280 2176 0 0 ]
[ 3 1408 640 0 1 ]
[ 29 1408 2176 0 0 ]
[ 7 1536 640 0 0 ]
[ 7 1536 2176 0 0 ]
[ 1 1664 640 90 5 ]
[ 1 1664 1152 90 1 ]
[ 1 1664 1664 270 3 ]
[ 1 1664 2176 270 5 ]
[ 7 1792 640 0 0 ]
[ 7 1792 2176 0 0 ]
[ 3 1920 640 0 1 ]
[ 7 1920 2176 0 0 ]
[ 7 2048 640 0 0 ]
[ 7 2048 2176 0 0 ]
[ 1 2176 640 0 3 ]
[ 7 2176 768 90 0 ]
[ 28 2176 896 0 barmode 1 ]
[ 7 2176 1024 90 0 ]
[ 1 2176 1152 90 2 ]
[ 1 2176 1664 0 3 ]
[ 17 2176 1792 90 1 ]
[ 17 2176 1920 90 1 ]
[ 17 2176 2048 90 1 ]
[ 1 2176 2176 90 2 ]
[ 7 2304 640 0 0 ]
[ 7 2304 2176 0 0 ]
[ 3 2432 640 0 1 ]
[ 3 2432 1920 0 1 ]
[ 7 2432 2176 0 0 ]
[ 7 2560 640 0 0 ]
[ 7 2560 2176 0 0 ]
[ 1 2688 640 0 0 ]
[ 7 2688 768 90 0 ]
[ 7 2688 896 90 0 ]
[ 7 2688 1024 90 0 ]
[ 7 2688 1152 90 0 ]
[ 7 2688 1280 90 0 ]
[ 7 2688 1408 90 0 ]
[ 7 2688 1536 90 0 ]
[ 1 2688 1664 270 2 ]
[ 7 2688 1792 90 0 ]
[ 7 2688 1920 90 0 ]
[ 7 2688 2048 90 0 ]
[ 1 2688 2176 0 2 ]
Movables
[ 896 1920 0 ]
Map_floor
[ 6 768 768 0 0 ]
[ 4 768 896 90 0 ]
[ 1 768 1024 0 0 ]
[ 3 768 1152 0 dmode 0 1 ]
[ 1 768 1280 180 0 ]
[ 1 768 1408 0 0 ]
[ 1 768 1536 270 0 ]
[ 39 768 1664 0 barmode 0 1 ]
[ 1 768 1792 90 0 ]
[ 1 768 1920 90 0 ]
[ 1 768 2048 90 0 ]
[ 4 896 768 0 0 ]
[ 5 896 896 270 0 ]
[ 1 896 1024 270 0 ]
[ 3 896 1152 0 dmode 0 1 ]
[ 1 896 1280 0 0 ]
[ 1 896 1408 270 0 ]
[ 1 896 1536 180 0 ]
[ 39 896 1664 0 barmode 0 1 ]
[ 1 896 1792 0 0 ]
[ 1 896 1920 270 0 ]
[ 1 896 2048 180 0 ]
[ 1 1024 768 90 0 ]
[ 1 1024 896 90 0 ]
[ 1 1024 1024 180 0 ]
[ 3 1024 1152 0 dmode 0 1 ]
[ 1 1024 1280 0 0 ]
[ 1 1024 1408 90 0 ]
[ 1 1024 1536 180 0 ]
[ 39 1024 1664 0 barmode 0 1 ]
[ 1 1024 1792 90 0 ]
[ 1 1024 1920 180 0 ]
[ 1 1024 2048 180 0 ]
[ 2 1152 768 90 dmode 0 0 ]
[ 2 1152 896 90 dmode 0 0 ]
[ 2 1152 1024 90 dmode 0 0 ]
[ 1 1152 1280 180 0 ]
[ 1 1152 1408 90 0 ]
[ 1 1152 1536 90 0 ]
[ 3 1152 1792 270 dmode 0 1 ]
[ 3 1152 1920 270 dmode 0 1 ]
[ 3 1152 2048 270 dmode 0 1 ]
[ 21 1280 768 0 0 ]
[ 21 1280 896 0 0 ]
[ 21 1280 1024 0 0 ]
[ 2 1280 1152 0 dmode 0 0 ]
[ 1 1280 1280 180 0 ]
[ 1 1280 1408 180 0 ]
[ 1 1280 1536 0 0 ]
[ 39 1280 1664 0 barmode 0 1 ]
[ 21 1280 1792 0 0 ]
[ 21 1280 1920 0 0 ]
[ 21 1280 2048 0 0 ]
[ 21 1408 768 0 0 ]
[ 21 1408 896 0 0 ]
[ 21 1408 1024 0 0 ]
[ 2 1408 1152 0 dmode 0 0 ]
[ 1 1408 1280 270 0 ]
[ 1 1408 1408 0 0 ]
[ 1 1408 1536 90 0 ]
[ 39 1408 1664 0 barmode 0 1 ]
[ 21 1408 1792 0 0 ]
[ 21 1408 1920 0 0 ]
[ 21 1408 2048 0 0 ]
[ 21 1536 768 0 0 ]
[ 21 1536 896 0 0 ]
[ 21 1536 1024 0 0 ]
[ 2 1536 1152 0 dmode 0 0 ]
[ 1 1536 1280 90 0 ]
[ 1 1536 1408 90 0 ]
[ 1 1536 1536 180 0 ]
[ 39 1536 1664 0 barmode 0 1 ]
[ 21 1536 1792 0 0 ]
[ 21 1536 1920 0 0 ]
[ 21 1536 2048 0 0 ]
[ 39 1664 768 0 barmode 1 1 ]
[ 39 1664 896 0 barmode 1 1 ]
[ 39 1664 1024 0 barmode 1 1 ]
[ 3 1664 1280 90 dmode 1 1 ]
[ 3 1664 1408 90 dmode 1 1 ]
[ 3 1664 1536 90 dmode 1 1 ]
[ 2 1664 1792 90 dmode 0 0 ]
[ 2 1664 1920 90 dmode 0 0 ]
[ 2 1664 2048 90 dmode 0 0 ]
[ 1 1792 768 270 0 ]
[ 1 1792 896 180 0 ]
[ 1 1792 1024 90 0 ]
[ 2 1792 1152 0 dmode 1 0 ]
[ 21 1792 1280 0 0 ]
[ 21 1792 1408 0 0 ]
[ 21 1792 1536 0 0 ]
[ 3 1792 1664 0 dmode 1 1 ]
[ 21 1792 1792 0 0 ]
[ 21 1792 1920 0 0 ]
[ 21 1792 2048 0 0 ]
[ 1 1920 768 0 0 ]
[ 1 1920 896 90 0 ]
[ 1 1920 1024 180 0 ]
[ 2 1920 1152 0 dmode 1 0 ]
[ 21 1920 1280 0 0 ]
[ 21 1920 1408 0 0 ]
[ 21 1920 1536 0 0 ]
[ 3 1920 1664 0 dmode 1 1 ]
[ 21 1920 1792 0 0 ]
[ 17 1920 1920 0 dmode 1 0 ]
[ 21 1920 2048 0 0 ]
[ 1 2048 768 180 0 ]
[ 1 2048 896 0 0 ]
[ 1 2048 1024 0 0 ]
[ 2 2048 1152 0 dmode 1 0 ]
[ 21 2048 1280 0 0 ]
[ 21 2048 1408 0 0 ]
[ 21 2048 1536 0 0 ]
[ 3 2048 1664 0 dmode 1 1 ]
[ 21 2048 1792 0 0 ]
[ 21 2048 1920 0 0 ]
[ 21 2048 2048 0 0 ]
[ 3 2176 1280 90 dmode 1 1 ]
[ 3 2176 1408 90 dmode 1 1 ]
[ 3 2176 1536 90 dmode 1 1 ]
[ 21 2176 1792 0 0 ]
[ 21 2176 1920 0 0 ]
[ 21 2176 2048 0 0 ]
[ 21 2304 768 0 0 ]
[ 21 2304 896 0 0 ]
[ 21 2304 1024 0 0 ]
[ 21 2304 1152 0 0 ]
[ 21 2304 1280 0 0 ]
[ 21 2304 1408 0 0 ]
[ 21 2304 1536 0 0 ]
[ 18 2304 1664 0 0 ]
[ 21 2304 1792 0 0 ]
[ 21 2304 1920 0 0 ]
[ 21 2304 2048 0 0 ]
[ 21 2432 768 0 0 ]
[ 21 2432 896 0 0 ]
[ 21 2432 1024 0 0 ]
[ 21 2432 1152 0 0 ]
[ 21 2432 1280 0 0 ]
[ 21 2432 1408 0 0 ]
[ 21 2432 1536 0 0 ]
[ 18 2432 1664 0 0 ]
[ 21 2432 1792 0 0 ]
[ 1 2432 1920 180 0 ]
[ 21 2432 2048 0 0 ]
[ 21 2560 768 0 0 ]
[ 21 2560 896 0 0 ]
[ 21 2560 1024 0 0 ]
[ 21 2560 1152 0 0 ]
[ 21 2560 1280 0 0 ]
[ 21 2560 1408 0 0 ]
[ 21 2560 1536 0 0 ]
[ 18 2560 1664 0 0 ]
[ 21 2560 1792 0 0 ]
[ 21 2560 1920 0 0 ]
[ 21 2560 2048 0 0 ]
Electric
PLayer 1019.7 955.973