Does_not_exist
Map_basic
[ 1 768 128 270 4 ]
[ 7 768 256 90 0 ]
[ 7 768 384 90 0 ]
[ 7 768 512 90 0 ]
[ 7 768 640 90 0 ]
[ 7 768 768 90 0 ]
[ 7 768 896 90 0 ]
[ 7 768 1024 90 0 ]
[ 1 768 1152 90 3 ]
[ 7 768 1280 90 0 ]
[ 3 768 1408 0 1 ]
[ 7 768 1536 90 0 ]
[ 1 768 1664 180 5 ]
[ 7 768 1792 90 0 ]
[ 3 768 1920 0 1 ]
[ 7 768 2048 90 0 ]
[ 1 768 2176 270 3 ]
[ 7 768 2304 90 0 ]
[ 3 768 2432 0 1 ]
[ 7 768 2560 90 0 ]
[ 1 768 2688 270 5 ]
[ 7 896 128 0 0 ]
[ 7 896 1664 0 0 ]
[ 7 896 2688 0 0 ]
[ 7 1024 128 0 0 ]
[ 7 1024 1664 0 0 ]
[ 3 1024 2688 0 1 ]
[ 7 1152 128 0 0 ]
[ 6 1152 512 0 1 ]
[ 7 1152 1664 0 0 ]
[ 7 1152 2688 0 0 ]
[ 7 1280 128 0 0 ]
[ 1 1280 640 180 0 ]
[ 1 1280 1152 0 3 ]
[ 7 1280 1280 90 0 ]
[ 7 1280 1408 90 0 ]
[ 7 1280 1536 90 0 ]
[ 1 1280 1664 0 3 ]
[ 1 1280 2176 0 5 ]
[ 1 1280 2688 180 0 ]
[ 7 1408 128 0 0 ]
[ 7 1408 2176 0 0 ]
[ 7 1408 2688 0 0 ]
[ 7 1536 128 0 0 ]
[ 7 1536 2176 0 0 ]
[ 7 1536 2688 0 0 ]
[ 7 1664 128 0 0 ]
[ 7 1664 2176 0 0 ]
[ 7 1664 2688 0 0 ]
[ 1 1792 128 90 5 ]
[ 7 1792 256 90 0 ]
[ 7 1792 384 90 0 ]
[ 7 1792 512 90 0 ]
[ 1 1792 640 0 4 ]
[ 7 1792 2176 0 0 ]
[ 7 1792 2688 0 0 ]
[ 7 1920 128 0 0 ]
[ 2 1920 256 0 dmode 0 0 ]
[ 7 1920 640 0 0 ]
[ 7 1920 2176 0 0 ]
[ 7 1920 2688 0 0 ]
[ 7 2048 128 0 0 ]
[ 7 2048 640 0 0 ]
[ 7 2048 2176 0 0 ]
[ 7 2048 2688 0 0 ]
[ 7 2176 128 0 0 ]
[ 7 2176 640 0 0 ]
[ 7 2176 2176 0 0 ]
[ 7 2176 2688 0 0 ]
[ 7 2304 128 0 0 ]
[ 1 2304 640 270 1 ]
[ 1 2304 1152 180 1 ]
[ 1 2304 1664 0 3 ]
[ 1 2304 2176 0 5 ]
[ 1 2304 2688 90 4 ]
[ 7 2432 128 0 0 ]
[ 7 2432 1152 0 0 ]
[ 7 2432 1664 0 0 ]
[ 7 2432 2176 0 0 ]
[ 31 2432 2304 0 0 ]
[ 31 2432 2432 0 0 ]
[ 31 2432 2560 0 0 ]
[ 7 2432 2688 0 0 ]
[ 7 2560 128 0 0 ]
[ 3 2560 896 0 1 ]
[ 7 2560 1152 0 0 ]
[ 3 2560 1408 0 1 ]
[ 7 2560 1664 0 0 ]
[ 7 2560 2176 0 0 ]
[ 31 2560 2304 0 0 ]
[ 31 2560 2432 0 0 ]
[ 31 2560 2560 0 0 ]
[ 7 2560 2688 0 0 ]
[ 7 2688 128 0 0 ]
[ 7 2688 1152 0 0 ]
[ 7 2688 1664 0 0 ]
[ 7 2688 2176 0 0 ]
[ 31 2688 2304 0 0 ]
[ 31 2688 2432 0 0 ]
[ 31 2688 2560 0 0 ]
[ 7 2688 2688 0 0 ]
[ 1 2816 128 180 1 ]
[ 7 2816 256 90 0 ]
[ 7 2816 384 90 0 ]
[ 7 2816 512 90 0 ]
[ 1 2816 640 270 5 ]
[ 7 2816 768 90 0 ]
[ 7 2816 896 90 0 ]
[ 7 2816 1024 90 0 ]
[ 1 2816 1152 180 1 ]
[ 7 2816 1280 90 0 ]
[ 7 2816 1408 90 0 ]
[ 7 2816 1536 90 0 ]
[ 1 2816 1664 90 2 ]
[ 7 2816 1792 90 0 ]
[ 3 2816 1920 0 1 ]
[ 7 2816 2048 90 0 ]
[ 1 2816 2176 270 3 ]
[ 7 2816 2304 90 0 ]
[ 7 2816 2432 90 0 ]
[ 7 2816 2560 90 0 ]
[ 1 2816 2688 90 2 ]
Movables
[ 1024 1920 0 ]
[ 1152 640 2 ]
[ 1280 512 2 ]
[ 2560 1920 0 ]
Map_floor
[ 21 768 768 0 0 ]
[ 21 768 896 0 0 ]
[ 21 768 1024 0 0 ]
[ 1 896 256 90 0 ]
[ 1 896 384 90 0 ]
[ 1 896 512 0 0 ]
[ 1 896 640 180 0 ]
[ 1 896 768 270 0 ]
[ 1 896 896 180 0 ]
[ 1 896 1024 90 0 ]
[ 3 896 1152 0 dmode 0 1 ]
[ 1 896 1280 270 0 ]
[ 1 896 1408 90 0 ]
[ 1 896 1536 180 0 ]
[ 1 896 1792 90 0 ]
[ 1 896 1920 90 0 ]
[ 1 896 2048 270 0 ]
[ 3 896 2176 0 dmode 1 1 ]
[ 21 896 2304 0 0 ]
[ 21 896 2432 0 0 ]
[ 21 896 2560 0 0 ]
[ 1 1024 256 180 0 ]
[ 1 1024 384 180 0 ]
[ 1 1024 512 0 0 ]
[ 1 1024 640 270 0 ]
[ 1 1024 768 90 0 ]
[ 1 1024 896 90 0 ]
[ 1 1024 1024 270 0 ]
[ 3 1024 1152 0 dmode 0 1 ]
[ 1 1024 1280 90 0 ]
[ 1 1024 1408 270 0 ]
[ 1 1024 1536 90 0 ]
[ 1 1024 1792 270 0 ]
[ 1 1024 1920 0 0 ]
[ 1 1024 2048 270 0 ]
[ 3 1024 2176 0 dmode 1 1 ]
[ 21 1024 2304 0 0 ]
[ 21 1024 2432 0 0 ]
[ 21 1024 2560 0 0 ]
[ 1 1152 256 90 0 ]
[ 1 1152 384 90 0 ]
[ 1 1152 512 90 0 ]
[ 1 1152 640 180 0 ]
[ 1 1152 768 270 0 ]
[ 1 1152 896 0 0 ]
[ 1 1152 1024 90 0 ]
[ 3 1152 1152 0 dmode 0 1 ]
[ 1 1152 1280 90 0 ]
[ 1 1152 1408 0 0 ]
[ 1 1152 1536 270 0 ]
[ 1 1152 1792 0 0 ]
[ 1 1152 1920 180 0 ]
[ 1 1152 2048 90 0 ]
[ 3 1152 2176 0 dmode 1 1 ]
[ 21 1152 2304 0 0 ]
[ 21 1152 2432 0 0 ]
[ 21 1152 2560 0 0 ]
[ 1 1280 256 90 0 ]
[ 1 1280 384 90 0 ]
[ 1 1280 512 0 0 ]
[ 3 1280 768 270 dmode 1 1 ]
[ 3 1280 896 90 dmode 1 1 ]
[ 3 1280 1024 90 dmode 1 1 ]
[ 21 1280 1152 0 0 ]
[ 3 1280 1792 90 dmode 2 1 ]
[ 3 1280 1920 90 dmode 2 1 ]
[ 3 1280 2048 90 dmode 2 1 ]
[ 3 1280 2304 90 dmode 0 1 ]
[ 3 1280 2432 90 dmode 0 1 ]
[ 3 1280 2560 90 dmode 0 1 ]
[ 1 1408 256 90 0 ]
[ 1 1408 384 270 0 ]
[ 1 1408 512 0 0 ]
[ 2 1408 640 0 dmode 0 0 ]
[ 21 1408 768 0 0 ]
[ 21 1408 896 0 0 ]
[ 21 1408 1024 0 0 ]
[ 21 1408 1152 0 0 ]
[ 21 1408 1280 0 0 ]
[ 21 1408 1408 0 0 ]
[ 21 1408 1536 0 0 ]
[ 18 1408 1664 0 0 ]
[ 1 1408 1792 90 0 ]
[ 1 1408 1920 270 0 ]
[ 1 1408 2048 180 0 ]
[ 21 1408 2304 0 0 ]
[ 21 1408 2432 0 0 ]
[ 21 1408 2560 0 0 ]
[ 1 1536 256 270 0 ]
[ 1 1536 384 90 0 ]
[ 1 1536 512 180 0 ]
[ 2 1536 640 0 dmode 0 0 ]
[ 21 1536 768 0 0 ]
[ 17 1536 896 0 dmode 0 0 ]
[ 21 1536 1024 0 0 ]
[ 21 1536 1152 0 0 ]
[ 21 1536 1280 0 0 ]
[ 17 1536 1408 0 dmode 1 0 ]
[ 21 1536 1536 0 0 ]
[ 18 1536 1664 0 0 ]
[ 1 1536 1792 270 0 ]
[ 1 1536 1920 180 0 ]
[ 1 1536 2048 90 0 ]
[ 21 1536 2304 0 0 ]
[ 21 1536 2432 0 0 ]
[ 21 1536 2560 0 0 ]
[ 1 1664 256 180 0 ]
[ 1 1664 384 0 0 ]
[ 1 1664 512 90 0 ]
[ 2 1664 640 0 dmode 0 0 ]
[ 21 1664 768 0 0 ]
[ 21 1664 896 0 0 ]
[ 21 1664 1024 0 0 ]
[ 21 1664 1152 0 0 ]
[ 21 1664 1280 0 0 ]
[ 21 1664 1408 0 0 ]
[ 21 1664 1536 0 0 ]
[ 18 1664 1664 0 0 ]
[ 1 1664 1792 0 0 ]
[ 1 1664 1920 270 0 ]
[ 1 1664 2048 270 0 ]
[ 21 1664 2304 0 0 ]
[ 21 1664 2432 0 0 ]
[ 21 1664 2560 0 0 ]
[ 21 1792 768 0 0 ]
[ 21 1792 896 0 0 ]
[ 21 1792 1024 0 0 ]
[ 21 1792 1152 0 0 ]
[ 21 1792 1280 0 0 ]
[ 21 1792 1408 0 0 ]
[ 21 1792 1536 0 0 ]
[ 18 1792 1664 0 0 ]
[ 1 1792 1792 90 0 ]
[ 1 1792 1920 0 0 ]
[ 1 1792 2048 0 0 ]
[ 21 1792 2304 0 0 ]
[ 21 1792 2432 0 0 ]
[ 21 1792 2560 0 0 ]
[ 1 1920 256 0 0 ]
[ 1 1920 384 180 0 ]
[ 1 1920 512 270 0 ]
[ 21 1920 768 0 0 ]
[ 21 1920 896 0 0 ]
[ 21 1920 1024 0 0 ]
[ 21 1920 1152 0 0 ]
[ 21 1920 1280 0 0 ]
[ 21 1920 1408 0 0 ]
[ 21 1920 1536 0 0 ]
[ 18 1920 1664 0 0 ]
[ 1 1920 1792 0 0 ]
[ 1 1920 1920 270 0 ]
[ 1 1920 2048 180 0 ]
[ 21 1920 2304 0 0 ]
[ 21 1920 2432 0 0 ]
[ 21 1920 2560 0 0 ]
[ 1 2048 256 180 0 ]
[ 1 2048 384 180 0 ]
[ 1 2048 512 90 0 ]
[ 21 2048 768 0 0 ]
[ 17 2048 896 0 dmode 2 0 ]
[ 21 2048 1024 0 0 ]
[ 21 2048 1152 0 0 ]
[ 21 2048 1280 0 0 ]
[ 17 2048 1408 0 dmode 3 0 ]
[ 21 2048 1536 0 0 ]
[ 18 2048 1664 0 0 ]
[ 1 2048 1792 90 0 ]
[ 1 2048 1920 270 0 ]
[ 1 2048 2048 90 0 ]
[ 21 2048 2304 0 0 ]
[ 21 2048 2432 0 0 ]
[ 21 2048 2560 0 0 ]
[ 1 2176 256 180 0 ]
[ 1 2176 384 0 0 ]
[ 1 2176 512 180 0 ]
[ 21 2176 768 0 0 ]
[ 21 2176 896 0 0 ]
[ 21 2176 1024 0 0 ]
[ 21 2176 1152 0 0 ]
[ 21 2176 1280 0 0 ]
[ 21 2176 1408 0 0 ]
[ 21 2176 1536 0 0 ]
[ 18 2176 1664 0 0 ]
[ 1 2176 1792 180 0 ]
[ 1 2176 1920 90 0 ]
[ 1 2176 2048 0 0 ]
[ 21 2176 2304 0 0 ]
[ 21 2176 2432 0 0 ]
[ 21 2176 2560 0 0 ]
[ 1 2304 256 270 0 ]
[ 1 2304 384 180 0 ]
[ 1 2304 512 0 0 ]
[ 3 2304 768 90 dmode 1 1 ]
[ 3 2304 896 90 dmode 1 1 ]
[ 3 2304 1024 90 dmode 1 1 ]
[ 2 2304 1280 90 dmode 3 0 ]
[ 2 2304 1408 90 dmode 3 0 ]
[ 2 2304 1536 90 dmode 3 0 ]
[ 3 2304 1792 90 dmode 3 1 ]
[ 3 2304 1920 90 dmode 3 1 ]
[ 3 2304 2048 90 dmode 3 1 ]
[ 3 2304 2304 90 dmode 3 1 ]
[ 3 2304 2432 90 dmode 3 1 ]
[ 3 2304 2560 90 dmode 3 1 ]
[ 1 2432 256 270 0 ]
[ 1 2432 384 180 0 ]
[ 1 2432 512 180 0 ]
[ 3 2432 640 0 dmode 2 1 ]
[ 1 2432 768 90 0 ]
[ 1 2432 896 0 0 ]
[ 1 2432 1024 90 0 ]
[ 1 2432 1280 90 0 ]
[ 1 2432 1408 270 0 ]
[ 1 1408 1792 90 0 ]
[ 3 1280 2304 90 dmode 0 1 ]
[ 1 896 512 0 0 ]
[ 1 896 640 180 0 ]
[ 1 896 768 270 0 ]
[ 1 896 896 180 0 ]
[ 1 896 1024 90 0 ]
[ 3 896 1152 0 dmode 0 1 ]
[ 1 896 1280 270 0 ]
[ 1 896 1408 90 0 ]
[ 1 896 1536 180 0 ]
[ 1 896 1792 90 0 ]
[ 1 896 1920 90 0 ]
[ 1 896 2048 270 0 ]
[ 3 896 2176 0 dmode 1 1 ]
[ 21 896 2304 0 0 ]
[ 21 896 2432 0 0 ]
[ 21 896 2560 0 0 ]
[ 1 1024 256 180 0 ]
[ 1 1024 384 180 0 ]
[ 1 1024 512 0 0 ]
[ 1 1024 640 270 0 ]
[ 1 1024 768 90 0 ]
[ 1 1024 896 90 0 ]
[ 1 1024 1024 270 0 ]
[ 3 1024 1152 0 dmode 0 1 ]
[ 1 1024 1280 90 0 ]
[ 1 1024 1408 270 0 ]
[ 1 1024 1536 90 0 ]
[ 1 1024 1792 270 0 ]
[ 1 1024 1920 0 0 ]
[ 1 1024 2048 270 0 ]
[ 3 1024 2176 0 dmode 1 1 ]
[ 21 1024 2304 0 0 ]
[ 21 1024 2432 0 0 ]
[ 21 1024 2560 0 0 ]
[ 1 1152 256 90 0 ]
[ 1 1152 384 90 0 ]
[ 1 1152 512 90 0 ]
[ 1 1152 640 180 0 ]
[ 1 1152 768 270 0 ]
[ 1 1152 896 0 0 ]
[ 1 1152 1024 90 0 ]
[ 3 1152 1152 0 dmode 0 1 ]
[ 1 1152 1280 90 0 ]
[ 1 1152 1408 0 0 ]
[ 1 1152 1536 270 0 ]
[ 1 1152 1792 0 0 ]
[ 1 1152 1920 180 0 ]
[ 1 1152 2048 90 0 ]
[ 3 1152 2176 0 dmode 1 1 ]
[ 21 1152 2304 0 0 ]
[ 21 1152 2432 0 0 ]
[ 21 1152 2560 0 0 ]
[ 1 1280 256 90 0 ]
[ 1 1280 384 90 0 ]
[ 1 1280 512 0 0 ]
[ 3 1280 768 270 dmode 1 1 ]
[ 3 1280 896 90 dmode 1 1 ]
[ 3 1280 1024 90 dmode 1 1 ]
[ 21 1280 1152 0 0 ]
[ 3 1280 1792 90 dmode 2 1 ]
[ 3 1280 1920 90 dmode 2 1 ]
[ 3 1280 2048 90 dmode 2 1 ]
[ 3 1280 2304 90 dmode 0 1 ]
[ 3 1280 2432 90 dmode 0 1 ]
[ 3 1280 2560 90 dmode 0 1 ]
[ 1 1408 256 90 0 ]
[ 1 1408 384 270 0 ]
[ 1 1408 512 0 0 ]
[ 2 1408 640 0 dmode 0 0 ]
[ 21 1408 768 0 0 ]
[ 21 1408 896 0 0 ]
[ 21 1408 1024 0 0 ]
[ 21 1408 1152 0 0 ]
[ 21 1408 1280 0 0 ]
[ 21 1408 1408 0 0 ]
[ 21 1408 1536 0 0 ]
[ 18 1408 1664 0 0 ]
[ 1 1408 1792 90 0 ]
[ 1 1408 1920 270 0 ]
[ 1 1408 2048 180 0 ]
[ 21 1408 2304 0 0 ]
[ 21 1408 2432 0 0 ]
[ 21 1408 2560 0 0 ]
[ 1 1536 256 270 0 ]
[ 1 1536 384 90 0 ]
[ 1 1536 512 180 0 ]
[ 2 1536 640 0 dmode 0 0 ]
[ 21 1536 768 0 0 ]
[ 17 1536 896 0 dmode 0 0 ]
[ 21 1536 1024 0 0 ]
[ 21 1536 1152 0 0 ]
[ 21 1536 1280 0 0 ]
[ 17 1536 1408 0 dmode 1 0 ]
[ 21 1536 1536 0 0 ]
[ 18 1536 1664 0 0 ]
[ 1 1536 1792 270 0 ]
[ 1 1536 1920 180 0 ]
[ 1 1536 2048 90 0 ]
[ 21 1536 2304 0 0 ]
[ 21 1536 2432 0 0 ]
[ 21 1536 2560 0 0 ]
[ 1 1664 256 180 0 ]
[ 1 1664 384 0 0 ]
[ 1 1664 512 90 0 ]
[ 2 1664 640 0 dmode 0 0 ]
[ 21 1664 768 0 0 ]
[ 21 1664 896 0 0 ]
[ 21 1664 1024 0 0 ]
[ 21 1664 1152 0 0 ]
[ 21 1664 1280 0 0 ]
[ 21 1664 1408 0 0 ]
[ 21 1664 1536 0 0 ]
[ 18 1664 1664 0 0 ]
[ 1 1664 1792 0 0 ]
[ 1 1664 1920 270 0 ]
[ 1 1664 2048 270 0 ]
[ 21 1664 2304 0 0 ]
[ 21 1664 2432 0 0 ]
[ 21 1664 2560 0 0 ]
[ 21 1792 768 0 0 ]
[ 21 1792 896 0 0 ]
[ 21 1792 1024 0 0 ]
[ 21 1792 1152 0 0 ]
[ 21 1792 1280 0 0 ]
[ 21 1792 1408 0 0 ]
[ 21 1792 1536 0 0 ]
[ 18 1792 1664 0 0 ]
[ 1 1792 1792 90 0 ]
[ 1 1792 1920 0 0 ]
[ 1 1792 2048 0 0 ]
[ 21 1792 2304 0 0 ]
[ 21 1792 2432 0 0 ]
[ 21 1792 2560 0 0 ]
[ 1 1920 256 0 0 ]
[ 1 1920 384 180 0 ]
[ 1 1920 512 270 0 ]
[ 21 1920 768 0 0 ]
[ 21 1920 896 0 0 ]
[ 21 1920 1024 0 0 ]
[ 21 1920 1152 0 0 ]
[ 21 1920 1280 0 0 ]
[ 21 1920 1408 0 0 ]
[ 21 1920 1536 0 0 ]
[ 18 1920 1664 0 0 ]
[ 1 1920 1792 0 0 ]
[ 1 1920 1920 270 0 ]
[ 1 1920 2048 180 0 ]
[ 21 1920 2304 0 0 ]
[ 21 1920 2432 0 0 ]
[ 21 1920 2560 0 0 ]
[ 1 2048 256 180 0 ]
[ 1 2048 384 180 0 ]
[ 1 2048 512 90 0 ]
[ 21 2048 768 0 0 ]
[ 17 2048 896 0 dmode 2 0 ]
[ 21 2048 1024 0 0 ]
[ 21 2048 1152 0 0 ]
[ 21 2048 1280 0 0 ]
[ 17 2048 1408 0 dmode 3 0 ]
[ 21 2048 1536 0 0 ]
[ 18 2048 1664 0 0 ]
[ 1 2048 1792 90 0 ]
[ 1 2048 1920 270 0 ]
[ 1 2048 2048 90 0 ]
[ 21 2048 2304 0 0 ]
[ 21 2048 2432 0 0 ]
[ 21 2048 2560 0 0 ]
[ 1 2176 256 180 0 ]
[ 1 2176 384 0 0 ]
[ 1 2176 512 180 0 ]
[ 21 2176 768 0 0 ]
[ 21 2176 896 0 0 ]
[ 21 2176 1024 0 0 ]
[ 21 2176 1152 0 0 ]
[ 21 2176 1280 0 0 ]
[ 21 2176 1408 0 0 ]
[ 21 2176 1536 0 0 ]
[ 18 2176 1664 0 0 ]
[ 1 2176 1792 180 0 ]
[ 1 2176 1920 90 0 ]
[ 1 2176 2048 0 0 ]
[ 21 2176 2304 0 0 ]
[ 21 2176 2432 0 0 ]
[ 21 2176 2560 0 0 ]
[ 1 2304 256 270 0 ]
[ 1 2304 384 180 0 ]
[ 1 2304 512 0 0 ]
[ 3 2304 768 90 dmode 1 1 ]
[ 3 2304 896 90 dmode 1 1 ]
[ 3 2304 1024 90 dmode 1 1 ]
[ 2 2304 1280 90 dmode 3 0 ]
[ 2 2304 1408 90 dmode 3 0 ]
[ 2 2304 1536 90 dmode 3 0 ]
[ 3 2304 1792 90 dmode 3 1 ]
[ 3 2304 1920 90 dmode 3 1 ]
[ 3 2304 2048 90 dmode 3 1 ]
[ 3 2304 2304 90 dmode 3 1 ]
[ 3 2304 2432 90 dmode 3 1 ]
[ 3 2304 2560 90 dmode 3 1 ]
[ 1 2432 256 270 0 ]
[ 1 2432 384 180 0 ]
[ 1 2432 512 180 0 ]
[ 3 2432 640 0 dmode 2 1 ]
[ 1 2432 768 90 0 ]
[ 1 2432 896 0 0 ]
[ 1 2432 1024 90 0 ]
[ 1 2432 1280 90 0 ]
[ 1 2432 1408 270 0 ]
[ 1 2432 1536 0 0 ]
[ 1 2432 1792 180 0 ]
[ 1 2432 1920 270 0 ]
[ 1 2432 2048 270 0 ]
[ 6 2432 2304 0 0 ]
[ 6 2432 2432 0 0 ]
[ 6 2432 2560 0 0 ]
[ 1 2560 256 180 0 ]
[ 1 2560 384 90 0 ]
[ 1 2560 512 270 0 ]
[ 3 2560 640 0 dmode 2 1 ]
[ 1 2560 768 0 0 ]
[ 1 2560 896 0 0 ]
[ 1 2560 1024 180 0 ]
[ 1 2560 1280 90 0 ]
[ 1 2560 1536 180 0 ]
[ 1 2560 1792 90 0 ]
[ 1 2560 1920 180 0 ]
[ 1 2560 2048 270 0 ]
[ 6 2560 2304 0 0 ]
[ 6 2560 2432 0 0 ]
[ 6 2560 2560 0 0 ]
[ 1 2688 256 270 0 ]
[ 1 2688 384 0 0 ]
[ 1 2688 512 90 0 ]
[ 3 2688 640 0 dmode 2 1 ]
[ 1 2688 768 180 0 ]
[ 1 2688 896 90 0 ]
[ 1 2688 1024 0 0 ]
[ 1 2688 1280 90 0 ]
[ 1 2688 1408 90 0 ]
[ 1 2688 1536 90 0 ]
[ 1 2688 1792 90 0 ]
[ 1 2688 1920 270 0 ]
[ 1 2688 2048 0 0 ]
[ 6 2688 2304 0 0 ]
[ 6 2688 2432 0 0 ]
[ 6 2688 2560 0 0 ]
Electric
PLayer 1854.31 1222.95