Does_not_exist
Map_basic
[ 13 512 256 0 0 ]
[ 12 512 384 90 2 ]
[ 12 512 512 90 0 ]
[ 12 512 640 90 0 ]
[ 13 512 768 0 0 ]
[ 12 512 896 90 0 ]
[ 12 512 1024 90 0 ]
[ 12 512 1152 90 1 ]
[ 13 512 1280 0 0 ]
[ 12 640 256 0 2 ]
[ 12 640 768 0 0 ]
[ 18 640 1024 0 3 ]
[ 12 640 1280 0 2 ]
[ 12 768 256 0 0 ]
[ 24 768 768 0 lmode 0 0 ]
[ 12 768 1280 0 1 ]
[ 12 896 256 0 0 ]
[ 12 896 768 0 0 ]
[ 3 896 1280 0 3 ]
[ 12 1024 256 0 0 ]
[ 24 1024 768 0 lmode 1 0 ]
[ 12 1024 1280 0 2 ]
[ 12 1152 256 0 0 ]
[ 12 1152 768 0 0 ]
[ 12 1152 1280 0 0 ]
[ 12 1280 256 0 0 ]
[ 24 1280 768 0 lmode 2 0 ]
[ 12 1280 1280 0 0 ]
[ 12 1408 256 0 1 ]
[ 12 1408 768 0 0 ]
[ 12 1408 1280 0 1 ]
[ 13 1536 256 0 0 ]
[ 13 1536 768 0 0 ]
[ 13 1536 1280 0 0 ]
[ 12 1664 256 0 2 ]
[ 24 1664 1280 0 lmode 4 0 ]
[ 12 1792 256 0 0 ]
[ 12 1792 1280 0 2 ]
[ 12 1920 256 0 0 ]
[ 12 1920 1280 0 0 ]
[ 12 2048 256 0 0 ]
[ 12 2048 1280 0 1 ]
[ 12 2176 256 0 0 ]
[ 24 2176 1280 0 lmode 5 0 ]
[ 12 2304 256 0 1 ]
[ 12 2304 1280 0 2 ]
[ 3 2432 256 0 3 ]
[ 3 2432 640 0 3 ]
[ 12 2432 1280 0 0 ]
[ 12 2560 256 0 2 ]
[ 12 2560 1280 0 0 ]
[ 12 2688 256 0 1 ]
[ 24 2688 384 0 lmode 6 0 ]
[ 12 2688 1280 0 1 ]
[ 13 2816 256 0 0 ]
[ 12 2816 384 90 2 ]
[ 12 2816 512 90 1 ]
[ 3 2816 640 0 3 ]
[ 13 2816 1280 0 0 ]
[ 12 2944 640 0 2 ]
[ 24 2944 1152 0 lmode 9 0 ]
[ 12 2944 1280 0 2 ]
[ 12 3072 640 0 0 ]
[ 12 3072 1280 0 0 ]
[ 12 3200 640 0 0 ]
[ 12 3200 1280 0 0 ]
[ 12 3328 640 0 0 ]
[ 12 3328 1280 0 0 ]
[ 12 3456 640 0 0 ]
[ 12 3456 1280 0 0 ]
[ 12 3584 640 0 1 ]
[ 12 3584 1280 0 1 ]
[ 13 3712 640 0 0 ]
[ 13 3712 1280 0 0 ]
[ 12 3840 640 0 0 ]
[ 12 3840 1280 0 0 ]
[ 3 3968 640 0 3 ]
[ 3 3968 1280 0 3 ]
[ 12 4096 640 0 0 ]
[ 12 4096 1280 0 0 ]
[ 13 4224 640 0 0 ]
[ 12 4224 768 90 0 ]
[ 12 4224 896 90 0 ]
[ 12 4224 1024 90 0 ]
[ 12 4224 1152 90 0 ]
[ 13 4224 1280 0 0 ]
Movables
[ 640 512 0 ]
[ 768 384 0 ]
[ 768 640 0 ]
[ 896 512 0 ]
[ 1024 384 0 ]
[ 1024 640 0 ]
[ 1152 512 0 ]
[ 1280 384 0 ]
[ 1280 640 0 ]
[ 1408 512 0 ]
Map_floor
[ 13 640 384 0 0 ]
[ 13 640 512 0 0 ]
[ 13 640 640 0 0 ]
[ 20 640 768 0 0 ]
[ 42 640 896 0 0 ]
[ 42 640 1152 0 0 ]
[ 13 768 384 0 0 ]
[ 13 768 512 0 0 ]
[ 13 768 640 0 0 ]
[ 20 768 768 0 0 ]
[ 13 896 384 0 0 ]
[ 13 896 512 0 0 ]
[ 13 896 640 0 0 ]
[ 20 896 768 0 0 ]
[ 13 1024 384 0 0 ]
[ 13 1024 512 0 0 ]
[ 13 1024 640 0 0 ]
[ 20 1024 768 0 0 ]
[ 13 1152 384 0 0 ]
[ 13 1152 512 0 0 ]
[ 13 1152 640 0 0 ]
[ 20 1152 768 0 0 ]
[ 13 1280 384 0 0 ]
[ 13 1280 512 0 0 ]
[ 13 1280 640 0 0 ]
[ 20 1280 768 0 0 ]
[ 13 1408 384 0 0 ]
[ 13 1408 512 0 0 ]
[ 13 1408 640 0 0 ]
[ 20 1408 768 0 0 ]
[ 42 1408 1024 0 0 ]
[ 24 1536 384 90 lmode 3 1 ]
[ 24 1536 512 90 lmode 3 1 ]
[ 24 1536 640 90 lmode 3 1 ]
[ 18 1536 896 90 0 ]
[ 18 1536 1024 90 0 ]
[ 18 1536 1152 90 0 ]
[ 42 1664 512 0 0 ]
[ 42 1664 640 0 0 ]
[ 42 1792 1152 0 0 ]
[ 42 1920 1024 0 0 ]
[ 42 1920 1152 0 0 ]
[ 42 2048 1152 0 0 ]
[ 42 2176 384 0 0 ]
[ 42 2176 512 0 0 ]
[ 42 2176 1152 0 0 ]
[ 42 2304 384 0 0 ]
[ 42 2304 512 0 0 ]
[ 42 2304 896 0 0 ]
[ 42 2304 1024 0 0 ]
[ 42 2304 1152 0 0 ]
[ 24 2432 384 90 lmode 6 1 ]
[ 24 2432 512 90 lmode 6 1 ]
[ 42 2560 384 0 0 ]
[ 42 2560 512 0 0 ]
[ 42 1408 1024 0 0 ]
[ 42 1792 1152 0 0 ]
[ 13 896 512 0 0 ]
[ 13 896 640 0 0 ]
[ 20 896 768 0 0 ]
[ 13 1024 384 0 0 ]
[ 13 1024 512 0 0 ]
[ 13 1024 640 0 0 ]
[ 20 1024 768 0 0 ]
[ 13 1152 384 0 0 ]
[ 13 1152 512 0 0 ]
[ 13 1152 640 0 0 ]
[ 20 1152 768 0 0 ]
[ 13 1280 384 0 0 ]
[ 13 1280 512 0 0 ]
[ 13 1280 640 0 0 ]
[ 20 1280 768 0 0 ]
[ 13 1408 384 0 0 ]
[ 13 1408 512 0 0 ]
[ 13 1408 640 0 0 ]
[ 20 1408 768 0 0 ]
[ 42 1408 1024 0 0 ]
[ 24 1536 384 90 lmode 3 1 ]
[ 24 1536 512 90 lmode 3 1 ]
[ 24 1536 640 90 lmode 3 1 ]
[ 18 1536 896 90 0 ]
[ 18 1536 1024 90 0 ]
[ 18 1536 1152 90 0 ]
[ 42 1664 512 0 0 ]
[ 42 1664 640 0 0 ]
[ 42 1792 1152 0 0 ]
[ 42 1920 1024 0 0 ]
[ 42 1920 1152 0 0 ]
[ 42 2048 1152 0 0 ]
[ 42 2176 384 0 0 ]
[ 42 2176 512 0 0 ]
[ 42 2176 1152 0 0 ]
[ 42 2304 384 0 0 ]
[ 42 2304 512 0 0 ]
[ 42 2304 896 0 0 ]
[ 42 2304 1024 0 0 ]
[ 42 2304 1152 0 0 ]
[ 24 2432 384 90 lmode 6 1 ]
[ 24 2432 512 90 lmode 6 1 ]
[ 42 2560 384 0 0 ]
[ 42 2560 512 0 0 ]
[ 24 2560 640 0 lmode 7 1 ]
[ 42 2560 768 90 0 ]
[ 42 2688 512 0 0 ]
[ 24 2688 640 0 lmode 7 1 ]
[ 42 2688 768 0 0 ]
[ 42 2688 1152 0 0 ]
[ 24 2816 768 90 lmode 7 1 ]
[ 24 2816 896 90 lmode 7 1 ]
[ 24 2816 1024 90 lmode 7 1 ]
[ 24 2816 1152 90 lmode 7 1 ]
[ 1 2816 1280 0 0 ]
[ 42 3456 1024 0 0 ]
[ 42 3584 1024 0 0 ]
[ 42 3584 1152 0 0 ]
[ 24 3712 768 90 lmode 10 1 ]
[ 24 3712 896 90 lmode 10 1 ]
[ 24 3712 1024 90 lmode 10 1 ]
[ 24 3712 1152 90 lmode 10 1 ]
[ 20 3840 768 0 0 ]
[ 20 3840 896 0 0 ]
[ 20 3840 1024 0 0 ]
[ 20 3840 1152 0 0 ]
[ 23 3968 768 90 lmode 10 0 ]
[ 23 3968 896 90 lmode 10 0 ]
[ 23 3968 1024 90 lmode 10 0 ]
[ 23 3968 1152 90 lmode 10 0 ]
[ 6 4096 768 0 0 ]
[ 6 4096 896 0 0 ]
[ 6 4096 1024 0 0 ]
[ 6 4096 1152 0 0 ]
Electric
[ 37 512 1024 180 lmode 3 ]
[ 26 640 1024 0 ]
[ 27 768 896 180 ]
[ 33 768 1024 270 lmode 1 ]
[ 31 768 1152 90 0 ]
[ 26 896 896 0 ]
[ 31 896 1024 180 0 ]
[ 27 896 1152 180 ]
[ 35 1024 896 0 lmode 1 1 ]
[ 34 1024 1024 180 lmode 0 0 ]
[ 26 1024 1152 0 ]
[ 26 1152 896 0 ]
[ 32 1152 1024 0 ]
[ 26 1152 1152 0 ]
[ 33 1280 896 180 lmode 2 ]
[ 28 1280 1024 270 ]
[ 33 1280 1152 0 lmode 2 ]
[ 31 1408 896 0 0 ]
[ 30 1408 1152 0 1 ]
[ 31 1664 384 180 0 ]
[ 27 1664 768 180 ]
[ 26 1664 896 90 ]
[ 33 1664 1024 90 lmode 4 ]
[ 26 1664 1152 90 ]
[ 36 1664 1280 90 lmode 4 ]
[ 34 1792 384 180 lmode 8 0 ]
[ 25 1792 512 180 ]
[ 27 1792 640 180 ]
[ 29 1792 768 0 ]
[ 28 1792 896 90 ]
[ 27 1792 1024 0 ]
[ 32 1920 384 0 ]
[ 28 1920 512 180 ]
[ 28 1920 640 0 ]
[ 34 1920 768 0 lmode 5 0 ]
[ 35 1920 896 0 lmode 5 1 ]
[ 27 2048 384 270 ]
[ 28 2048 512 270 ]
[ 28 2048 640 0 ]
[ 26 2048 768 0 ]
[ 27 2048 896 270 ]
[ 27 2048 1024 90 ]
[ 33 2176 640 180 lmode 6 ]
[ 29 2176 768 0 ]
[ 26 2176 896 90 ]
[ 27 2176 1024 0 ]
[ 26 2304 640 0 ]
[ 34 2304 768 0 lmode 8 0 ]
[ 37 2432 640 0 lmode 7 ]
[ 31 2432 768 0 0 ]
[ 37 2432 896 180 lmode 8 ]
[ 27 2432 1024 180 ]
[ 34 2432 1152 270 lmode 6 0 ]
[ 30 2432 1280 90 1 ]
[ 28 2560 896 180 ]
[ 29 2560 1024 0 ]
[ 35 2560 1152 90 lmode 6 1 ]
[ 31 2560 1280 90 0 ]
[ 27 2688 896 270 ]
[ 27 2688 1024 0 ]
[ 31 2944 640 180 0 ]
[ 27 2944 768 180 ]
[ 28 2944 896 90 ]
[ 27 2944 1024 90 ]
[ 30 2944 1152 180 1 ]
[ 26 3072 640 0 ]
[ 28 3072 768 180 ]
[ 29 3072 896 0 ]
[ 28 3072 1024 0 ]
[ 35 3072 1152 0 lmode 9 1 ]
[ 26 3200 640 0 ]
[ 28 3200 768 180 ]
[ 29 3200 896 0 ]
[ 29 3200 1024 0 ]
[ 29 3200 1152 0 ]
[ 36 3200 1280 90 lmode 10 ]
[ 34 3328 640 180 lmode 9 0 ]
[ 27 3328 768 270 ]
[ 28 3328 896 0 ]
[ 25 3328 1024 0 ]
[ 34 3328 1152 0 lmode 9 0 ]
[ 27 3456 640 270 ]
[ 26 3456 768 90 ]
[ 28 3456 896 0 ]
[ 31 3456 1152 0 0 ]
[ 37 3584 640 270 lmode 10 ]
[ 26 3584 768 90 ]
[ 27 3584 896 0 ]
PLayer 989.304 477.759