Does_not_exist
Map_basic
[ 13 640 256 0 0 ]
[ 12 640 384 90 2 ]
[ 12 640 512 90 0 ]
[ 12 640 640 90 0 ]
[ 12 640 768 90 0 ]
[ 13 1152 384 0 0 ]
[ 13 2432 1280 0 0 ]
[ 12 768 2048 0 2 ]
[ 12 640 1408 90 2 ]
[ 3 896 1152 0 3 ]
[ 18 896 1664 0 3 ]
[ 3 896 1920 0 3 ]
[ 12 896 2048 0 0 ]
[ 12 1024 256 0 0 ]
[ 6 1024 1280 0 3 ]
[ 12 1024 2048 0 0 ]
[ 12 1152 256 0 0 ]
[ 13 1152 384 0 0 ]
[ 13 1152 640 0 0 ]
[ 13 1152 896 0 0 ]
[ 13 1152 1152 0 0 ]
[ 6 1152 1920 0 3 ]
[ 12 1152 2048 0 0 ]
[ 12 1280 256 0 0 ]
[ 3 1280 1408 0 3 ]
[ 6 1280 1536 0 3 ]
[ 3 1280 1664 0 3 ]
[ 12 1280 2048 0 0 ]
[ 12 1408 256 0 0 ]
[ 13 1408 384 0 0 ]
[ 13 1408 1152 0 0 ]
[ 3 1408 1536 0 3 ]
[ 12 1408 2048 0 0 ]
[ 12 1536 256 0 1 ]
[ 13 1536 512 0 0 ]
[ 13 1536 768 0 0 ]
[ 3 1536 1024 0 3 ]
[ 6 1536 1280 0 3 ]
[ 12 1536 2048 0 1 ]
[ 13 1664 256 0 0 ]
[ 12 1664 384 90 2 ]
[ 12 1664 512 90 0 ]
[ 12 1664 640 90 0 ]
[ 12 1664 768 90 0 ]
[ 12 1664 896 90 0 ]
[ 12 1664 1024 90 0 ]
[ 12 1664 1152 90 1 ]
[ 13 1664 1280 0 0 ]
[ 6 1664 1408 0 3 ]
[ 3 1664 1664 0 3 ]
[ 13 1664 2048 0 0 ]
[ 12 1792 1280 0 2 ]
[ 3 1792 1536 0 3 ]
[ 6 1792 1792 0 3 ]
[ 12 1792 2048 0 2 ]
[ 13 1920 256 0 0 ]
[ 13 1920 384 0 0 ]
[ 13 1920 512 0 0 ]
[ 13 1920 640 0 0 ]
[ 13 1920 768 0 0 ]
[ 13 1920 896 0 0 ]
[ 12 1920 1280 0 0 ]
[ 3 1920 1920 0 3 ]
[ 12 1920 2048 0 0 ]
[ 13 2048 256 0 0 ]
[ 13 2048 896 0 0 ]
[ 12 2048 1280 0 0 ]
[ 3 2048 1536 0 3 ]
[ 18 2048 1792 0 3 ]
[ 12 2048 2048 0 0 ]
[ 13 2176 256 0 0 ]
[ 13 2176 640 0 0 ]
[ 13 2176 896 0 0 ]
[ 12 2176 1280 0 0 ]
[ 6 2176 1920 0 3 ]
[ 12 2176 2048 0 0 ]
[ 13 2304 256 0 0 ]
[ 13 2304 640 0 0 ]
[ 13 2304 768 0 0 ]
[ 13 2304 896 0 0 ]
[ 12 2304 1280 0 1 ]
[ 3 2304 1536 0 3 ]
[ 12 2304 2048 0 1 ]
[ 6 2304 2560 0 3 ]
[ 13 2432 1280 0 0 ]
[ 13 2432 2048 0 0 ]
[ 13 2560 256 0 0 ]
[ 13 2560 384 0 0 ]
[ 13 2560 512 0 0 ]
[ 13 2560 640 0 0 ]
[ 13 2560 768 0 0 ]
[ 13 2560 896 0 0 ]
[ 12 2560 1280 0 2 ]
[ 12 2560 2048 0 2 ]
[ 13 2688 256 0 0 ]
[ 13 2688 896 0 0 ]
[ 12 2688 1280 0 0 ]
[ 12 2688 2048 0 0 ]
[ 13 2816 256 0 0 ]
[ 13 2816 896 0 0 ]
[ 12 2816 1280 0 0 ]
[ 12 2816 2048 0 0 ]
[ 13 2944 256 0 0 ]
[ 13 2944 384 0 0 ]
[ 13 2944 512 0 0 ]
[ 13 2944 640 0 0 ]
[ 13 2944 768 0 0 ]
[ 13 2944 896 0 0 ]
[ 12 2944 1280 0 0 ]
[ 12 2944 2048 0 0 ]
[ 12 3072 1280 0 1 ]
[ 6 3072 1408 0 3 ]
[ 6 3072 1536 0 3 ]
[ 6 3072 1664 0 3 ]
[ 6 3072 1792 0 3 ]
[ 6 3072 1920 0 3 ]
[ 12 3072 2048 0 1 ]
[ 13 3200 256 0 0 ]
[ 13 3200 384 0 0 ]
[ 13 3200 512 0 0 ]
[ 13 3200 640 0 0 ]
[ 4 3200 896 0 3 ]
[ 13 3200 1280 0 0 ]
[ 12 3200 1408 270 1 ]
[ 12 3200 1536 270 0 ]
[ 12 3200 1664 270 0 ]
[ 12 3200 1792 270 0 ]
[ 12 3200 1920 270 2 ]
[ 13 3200 2048 0 0 ]
Movables
[ 768 1279.25 0 ]
[ 768 1536.75 0 ]
[ 896 1407.25 0 ]
[ 1024 1536.75 0 ]
[ 1024 1792.75 0 ]
[ 1152 1407.25 0 ]
[ 1152 1663.25 0 ]
[ 1280 1792.75 0 ]
[ 1408 1407.25 0 ]
[ 1408 1664.75 0 ]
[ 1408 1920.75 0 ]
[ 1536 1535.25 0 ]
[ 1536 1791.25 0 ]
[ 1664 1920.75 0 ]
[ 1919.25 1408 0 ]
[ 2176.75 1408 0 ]
[ 2176 1663.25 0 ]
[ 2304 1792.75 0 ]
[ 2432 1407.25 0 ]
[ 2432 1664.75 0 ]
[ 2432 1920 0 ]
Map_floor
[ 13 768 384 0 0 ]
[ 18 768 512 0 0 ]
[ 13 768 640 0 0 ]
[ 18 768 768 0 0 ]
[ 13 768 896 0 0 ]
[ 13 768 1152 0 0 ]
[ 13 768 1280 0 0 ]
[ 13 768 1408 0 0 ]
[ 13 768 1536 0 0 ]
[ 13 768 1664 0 0 ]
[ 13 768 1792 0 0 ]
[ 13 768 1920 0 0 ]
[ 18 896 384 0 0 ]
[ 13 896 512 0 0 ]
[ 13 896 768 0 0 ]
[ 13 896 1024 0 0 ]
[ 13 896 1280 0 0 ]
[ 13 896 1408 0 0 ]
[ 13 896 1536 0 0 ]
[ 13 896 1664 0 0 ]
[ 13 896 1792 0 0 ]
[ 13 896 1920 0 0 ]
[ 13 1024 384 0 0 ]
[ 18 1024 512 0 0 ]
[ 13 1024 640 0 0 ]
[ 18 1024 768 0 0 ]
[ 13 1024 896 0 0 ]
[ 18 1024 1024 0 0 ]
[ 13 1024 1152 0 0 ]
[ 13 1024 1280 0 0 ]
[ 13 1024 1408 0 0 ]
[ 13 1024 1536 0 0 ]
[ 13 1024 1664 0 0 ]
[ 13 1024 1792 0 0 ]
[ 13 1024 1920 0 0 ]
[ 13 1152 512 0 0 ]
[ 13 1152 768 0 0 ]
[ 13 1152 1024 0 0 ]
[ 13 1152 1280 0 0 ]
[ 13 1152 1408 0 0 ]
[ 13 1152 1536 0 0 ]
[ 13 1152 1664 0 0 ]
[ 13 1152 1792 0 0 ]
[ 13 1152 1920 0 0 ]
[ 13 1280 384 0 0 ]
[ 18 1280 512 0 0 ]
[ 13 1280 640 0 0 ]
[ 18 1280 768 0 0 ]
[ 13 1280 896 0 0 ]
[ 18 1280 1024 0 0 ]
[ 13 1280 1152 0 0 ]
[ 18 1280 1280 0 0 ]
[ 13 1280 1408 0 0 ]
[ 13 1280 1536 0 0 ]
[ 13 1280 1664 0 0 ]
[ 13 1280 1792 0 0 ]
[ 13 1280 1920 0 0 ]
[ 13 1408 512 0 0 ]
[ 18 1408 640 0 0 ]
[ 13 1408 768 0 0 ]
[ 18 1408 896 0 0 ]
[ 13 1408 1024 0 0 ]
[ 13 1408 1280 0 0 ]
[ 13 1408 1408 0 0 ]
[ 13 1408 1536 0 0 ]
[ 13 1408 1664 0 0 ]
[ 13 1408 1792 0 0 ]
[ 13 1408 1920 0 0 ]
[ 13 1536 384 0 0 ]
[ 13 1536 640 0 0 ]
[ 13 1536 896 0 0 ]
[ 13 1536 1152 0 0 ]
[ 13 1536 1280 0 0 ]
[ 13 1536 1408 0 0 ]
[ 13 1536 1536 0 0 ]
[ 13 1536 1664 0 0 ]
[ 13 1536 1792 0 0 ]
[ 13 1536 1920 0 0 ]
[ 13 1664 1408 0 0 ]
[ 13 1664 1536 0 0 ]
[ 13 1664 1664 0 0 ]
[ 13 1664 1792 0 0 ]
[ 13 1664 1920 0 0 ]
[ 13 1792 1408 0 0 ]
[ 13 1792 1536 0 0 ]
[ 13 1792 1664 0 0 ]
[ 13 1792 1792 0 0 ]
[ 13 1792 1920 0 0 ]
[ 13 1920 1408 0 0 ]
[ 13 1920 1536 0 0 ]
[ 18 1920 1664 0 0 ]
[ 13 1920 1792 0 0 ]
[ 13 1920 1920 0 0 ]
[ 13 2048 1408 0 0 ]
[ 18 2048 1536 0 0 ]
[ 13 2048 1664 0 0 ]
[ 18 2048 1792 0 0 ]
[ 13 2048 1920 0 0 ]
[ 13 2176 1408 0 0 ]
[ 13 2176 1536 0 0 ]
[ 13 2176 1664 0 0 ]
[ 13 2176 1792 0 0 ]
[ 13 2176 1920 0 0 ]
[ 13 2304 1408 0 0 ]
[ 18 2304 1536 90 0 ]
[ 13 2304 1664 0 0 ]
[ 13 2304 1792 0 0 ]
[ 13 2304 1920 0 0 ]
[ 13 2432 1408 0 0 ]
[ 13 2432 1536 0 0 ]
[ 13 2432 1664 0 0 ]
[ 13 2432 1792 0 0 ]
[ 13 2432 1920 0 0 ]
[ 13 2560 1408 0 0 ]
[ 20 2560 1536 0 0 ]
[ 20 2560 1664 0 0 ]
[ 13 2560 1792 0 0 ]
[ 20 2560 1920 0 0 ]
[ 20 2688 1408 0 0 ]
[ 13 2688 1536 0 0 ]
[ 13 2688 1664 0 0 ]
[ 20 2688 1792 0 0 ]
[ 20 2688 1920 0 0 ]
[ 20 2816 1408 0 0 ]
[ 20 2816 1536 0 0 ]
[ 20 2816 1664 0 0 ]
[ 20 2816 1792 0 0 ]
[ 13 2816 1920 0 0 ]
[ 10 2944 1408 0 1 ]
[ 10 2944 1536 0 1 ]
[ 10 2944 1664 0 1 ]
[ 10 2944 1792 0 1 ]
[ 10 2944 1920 0 1 ]
[ 6 3072 1408 0 0 ]
[ 6 3072 1536 0 0 ]
[ 6 3072 1664 0 0 ]
[ 6 3072 1792 0 0 ]
[ 6 3072 1920 0 0 ]
Electric
PLayer 883.859 475.746