Does_not_exist
Map_basic
[ 13 640 128 0 0 ]
[ 12 640 256 90 2 ]
[ 12 640 384 90 0 ]
[ 12 640 512 90 0 ]
[ 12 640 640 90 0 ]
[ 12 640 768 90 0 ]
[ 12 640 896 90 0 ]
[ 12 640 1024 90 0 ]
[ 12 640 1152 90 1 ]
[ 13 640 1280 0 0 ]
[ 12 768 128 0 2 ]
[ 24 768 640 0 lmode 3 0 ]
[ 24 768 896 0 lmode 4 0 ]
[ 24 768 1152 0 lmode 10 0 ]
[ 12 768 1280 0 0 ]
[ 12 896 128 0 0 ]
[ 13 896 1280 0 0 ]
[ 12 896 1408 90 0 ]
[ 12 896 1536 90 0 ]
[ 13 896 1664 0 0 ]
[ 12 1024 128 0 0 ]
[ 24 1024 1536 0 lmode 9 0 ]
[ 12 1024 1664 0 2 ]
[ 12 1152 128 0 0 ]
[ 12 1152 1664 0 0 ]
[ 12 1280 128 0 0 ]
[ 12 1280 1664 0 0 ]
[ 12 1408 128 0 1 ]
[ 12 1408 1664 0 1 ]
[ 3 1536 128 0 3 ]
[ 3 1536 1280 0 3 ]
[ 3 1536 1664 0 3 ]
[ 25 1664 128 0 0 ]
[ 25 1664 1280 0 0 ]
[ 25 1664 1664 0 0 ]
[ 25 1792 128 0 0 ]
[ 25 1792 1280 0 0 ]
[ 25 1792 1664 0 0 ]
[ 3 1920 128 0 3 ]
[ 3 1920 1280 0 3 ]
[ 3 1920 1664 0 3 ]
[ 12 2048 128 0 2 ]
[ 12 2048 1664 0 2 ]
[ 12 2176 128 0 0 ]
[ 12 2176 1664 0 0 ]
[ 12 2304 128 0 0 ]
[ 12 2304 1664 0 0 ]
[ 12 2432 128 0 0 ]
[ 12 2432 1664 0 1 ]
[ 12 2560 128 0 0 ]
[ 13 2560 1280 0 0 ]
[ 13 2560 1664 0 0 ]
[ 12 2688 128 0 1 ]
[ 24 2688 256 0 lmode 0 0 ]
[ 24 2688 512 0 lmode 1 0 ]
[ 24 2688 768 0 lmode 2 0 ]
[ 12 2688 1280 0 0 ]
[ 12 2688 1664 0 0 ]
[ 13 2816 128 0 0 ]
[ 12 2816 256 90 2 ]
[ 12 2816 384 90 0 ]
[ 12 2816 512 90 0 ]
[ 12 2816 640 90 0 ]
[ 12 2816 768 90 0 ]
[ 12 2816 896 90 0 ]
[ 12 2816 1024 90 0 ]
[ 12 2816 1152 90 1 ]
[ 13 2816 1280 0 0 ]
[ 12 2816 1408 90 0 ]
[ 12 2816 1536 90 0 ]
[ 13 2816 1664 0 0 ]
Movables
[ 1536 1407.25 2 ]
[ 1536 1536.75 2 ]
[ 1920 1407.25 2 ]
[ 1920 1536.75 2 ]
Map_floor
[ 42 640 256 0 0 ]
[ 42 640 384 0 0 ]
[ 42 640 512 0 0 ]
[ 42 640 640 0 0 ]
[ 42 640 896 0 0 ]
[ 42 768 256 0 0 ]
[ 42 768 384 0 0 ]
[ 42 768 512 0 0 ]
[ 42 768 768 0 0 ]
[ 42 768 1024 0 0 ]
[ 42 896 256 0 0 ]
[ 42 896 384 0 0 ]
[ 42 896 512 0 0 ]
[ 42 896 768 0 0 ]
[ 42 896 1024 0 0 ]
[ 42 1024 256 0 0 ]
[ 42 1024 384 0 0 ]
[ 42 1024 512 0 0 ]
[ 42 1024 768 0 0 ]
[ 42 1024 1024 0 0 ]
[ 24 1024 1280 0 lmode 5 1 ]
[ 20 1024 1408 0 0 ]
[ 13 1024 1536 0 0 ]
[ 42 1152 256 0 0 ]
[ 42 1152 384 0 0 ]
[ 42 1152 512 0 0 ]
[ 42 1152 768 0 0 ]
[ 42 1152 1024 0 0 ]
[ 24 1152 1280 0 lmode 5 1 ]
[ 20 1152 1408 0 0 ]
[ 13 1152 1536 0 0 ]
[ 42 1280 1024 0 0 ]
[ 24 1280 1280 0 lmode 5 1 ]
[ 13 1280 1408 0 0 ]
[ 20 1280 1536 0 0 ]
[ 42 1408 384 0 0 ]
[ 42 1408 512 0 0 ]
[ 24 1408 1280 0 lmode 5 1 ]
[ 20 1408 1408 0 0 ]
[ 20 1408 1536 0 0 ]
[ 23 1536 256 90 lmode 7 0 ]
[ 23 1536 384 90 lmode 7 0 ]
[ 23 1536 512 90 lmode 7 0 ]
[ 23 1536 640 90 lmode 7 0 ]
[ 23 1536 768 90 lmode 7 0 ]
[ 23 1536 896 90 lmode 7 0 ]
[ 23 1536 1024 90 lmode 7 0 ]
[ 23 1536 1152 90 lmode 7 0 ]
[ 20 1536 1408 0 0 ]
[ 20 1536 1536 0 0 ]
[ 20 1664 256 0 0 ]
[ 13 1664 384 0 0 ]
[ 20 1664 512 0 0 ]
[ 13 1664 640 0 0 ]
[ 20 1664 768 0 0 ]
[ 13 1664 896 0 0 ]
[ 13 1664 1024 0 0 ]
[ 20 1664 1152 0 0 ]
[ 19 1664 1408 180 0 ]
[ 19 1664 1536 180 0 ]
[ 13 1792 256 0 0 ]
[ 20 1792 384 0 0 ]
[ 20 1792 512 0 0 ]
[ 20 1792 640 0 0 ]
[ 13 1792 768 0 0 ]
[ 13 1792 896 0 0 ]
[ 20 1792 1024 0 0 ]
[ 13 1792 1152 0 0 ]
[ 19 1792 1408 0 0 ]
[ 19 1792 1536 0 0 ]
[ 23 1920 256 90 lmode 6 0 ]
[ 23 1920 384 90 lmode 6 0 ]
[ 23 1920 512 90 lmode 6 0 ]
[ 23 1920 640 90 lmode 6 0 ]
[ 23 1920 768 90 lmode 6 0 ]
[ 23 1920 896 90 lmode 6 0 ]
[ 23 1920 1024 90 lmode 6 0 ]
[ 23 1920 1152 90 lmode 6 0 ]
[ 20 1920 1408 0 0 ]
[ 13 1920 1536 0 0 ]
[ 42 2048 384 0 0 ]
[ 42 2048 512 0 0 ]
[ 42 2048 640 0 0 ]
[ 42 2048 768 0 0 ]
[ 42 2048 896 0 0 ]
[ 42 2048 1024 0 0 ]
[ 42 2048 1152 0 0 ]
[ 24 2048 1280 0 lmode 8 1 ]
[ 13 2048 1408 0 0 ]
[ 13 2048 1536 0 0 ]
[ 42 2176 1152 0 0 ]
[ 24 2176 1280 0 lmode 8 1 ]
[ 20 2176 1408 0 0 ]
[ 20 2176 1536 0 0 ]
[ 42 2304 384 0 0 ]
[ 42 2304 640 0 0 ]
[ 42 2304 896 0 0 ]
[ 42 2304 1152 0 0 ]
[ 24 2304 1280 0 lmode 8 1 ]
[ 13 2304 1408 0 0 ]
[ 20 2304 1536 0 0 ]
[ 42 2432 384 0 0 ]
[ 42 2432 640 0 0 ]
[ 42 2432 896 0 0 ]
[ 42 2432 1152 0 0 ]
[ 24 2432 1280 0 lmode 8 1 ]
[ 20 2432 1408 0 0 ]
[ 13 2432 1536 0 0 ]
[ 42 2560 384 0 0 ]
[ 42 2560 640 0 0 ]
[ 42 2560 896 0 0 ]
[ 24 2560 1408 90 lmode 9 1 ]
[ 24 2560 1536 90 lmode 9 1 ]
[ 42 2688 384 0 0 ]
[ 42 2688 640 0 0 ]
[ 42 2688 896 0 0 ]
[ 42 2688 1024 0 0 ]
[ 42 2688 1152 0 0 ]
[ 6 2688 1408 0 0 ]
[ 6 2688 1536 0 0 ]
Electric
[ 30 768 640 180 1 ]
[ 31 768 896 180 0 ]
[ 35 896 640 0 lmode 3 1 ]
[ 35 896 896 180 lmode 4 1 ]
[ 27 896 1152 180 ]
[ 37 896 1280 90 lmode 5 ]
[ 32 1024 640 0 ]
[ 26 1024 896 0 ]
[ 26 1024 1152 0 ]
[ 26 1152 640 0 ]
[ 26 1152 896 0 ]
[ 35 1152 1152 180 lmode 10 1 ]
[ 27 1280 256 180 ]
[ 26 1280 384 90 ]
[ 26 1280 512 90 ]
[ 29 1280 640 0 ]
[ 26 1280 768 90 ]
[ 27 1280 896 0 ]
[ 26 1280 1152 0 ]
[ 27 1408 128 180 ]
[ 27 1408 256 0 ]
[ 27 1408 640 270 ]
[ 26 1408 768 90 ]
[ 26 1408 896 270 ]
[ 26 1408 1024 90 ]
[ 27 1408 1152 0 ]
[ 37 1536 128 0 lmode 7 ]
[ 37 1920 128 180 lmode 6 ]
[ 27 2048 128 270 ]
[ 27 2048 256 90 ]
[ 28 2176 256 180 ]
[ 26 2176 384 90 ]
[ 28 2176 512 90 ]
[ 26 2176 640 90 ]
[ 28 2176 768 90 ]
[ 26 2176 896 90 ]
[ 27 2176 1024 90 ]
[ 26 2304 256 0 ]
[ 26 2304 512 0 ]
[ 26 1280 384 90 ]
[ 37 896 1280 90 lmode 5 ]
[ 32 1024 640 0 ]
[ 26 1024 896 0 ]
[ 26 1024 1152 0 ]
[ 26 1152 640 0 ]
[ 26 1152 896 0 ]
[ 35 1152 1152 180 lmode 10 1 ]
[ 27 1280 256 180 ]
[ 26 1280 384 90 ]
[ 26 1280 512 90 ]
[ 29 1280 640 0 ]
[ 26 1280 768 90 ]
[ 27 1280 896 0 ]
[ 26 1280 1152 0 ]
[ 27 1408 128 180 ]
[ 27 1408 256 0 ]
[ 27 1408 640 270 ]
[ 26 1408 768 90 ]
[ 26 1408 896 270 ]
[ 26 1408 1024 90 ]
[ 27 1408 1152 0 ]
[ 37 1536 128 0 lmode 7 ]
[ 37 1920 128 180 lmode 6 ]
[ 27 2048 128 270 ]
[ 27 2048 256 90 ]
[ 28 2176 256 180 ]
[ 26 2176 384 90 ]
[ 28 2176 512 90 ]
[ 26 2176 640 90 ]
[ 28 2176 768 90 ]
[ 26 2176 896 90 ]
[ 27 2176 1024 90 ]
[ 26 2304 256 0 ]
[ 26 2304 512 0 ]
[ 26 2304 768 0 ]
[ 26 2304 1024 0 ]
[ 32 2432 256 0 ]
[ 26 2432 512 0 ]
[ 26 2432 768 0 ]
[ 32 2432 1024 0 ]
[ 35 2560 256 180 lmode 0 1 ]
[ 35 2560 512 0 lmode 1 1 ]
[ 35 2560 768 180 lmode 2 1 ]
[ 27 2560 1024 270 ]
[ 26 2560 1152 90 ]
[ 37 2560 1280 90 lmode 8 ]
[ 30 2688 256 0 1 ]
[ 31 2688 512 0 0 ]
[ 30 2688 768 0 1 ]
[ 30 2816 640 0 1 ]
PLayer 1797.25 765.095