Does_not_exist
Map_basic
[ 13 384 512 0 0 ]
[ 12 384 640 90 2 ]
[ 12 384 768 90 0 ]
[ 12 384 896 90 0 ]
[ 12 384 1024 90 0 ]
[ 12 384 1152 90 0 ]
[ 12 384 1280 90 1 ]
[ 13 384 1408 0 0 ]
[ 12 512 512 0 2 ]
[ 12 512 1408 0 2 ]
[ 12 640 512 0 0 ]
[ 24 640 1280 0 lmode 0 0 ]
[ 12 640 1408 0 0 ]
[ 12 768 512 0 0 ]
[ 12 768 1408 0 0 ]
[ 12 896 512 0 0 ]
[ 24 896 1280 0 lmode 1 0 ]
[ 12 896 1408 0 0 ]
[ 12 1024 512 0 0 ]
[ 12 1024 1408 0 0 ]
[ 12 1152 512 0 0 ]
[ 24 1152 1280 0 lmode 2 0 ]
[ 12 1152 1408 0 0 ]
[ 12 1280 512 0 0 ]
[ 12 1280 1408 0 0 ]
[ 12 1408 512 0 0 ]
[ 24 1408 1280 0 lmode 3 0 ]
[ 12 1408 1408 0 0 ]
[ 12 1536 512 0 0 ]
[ 12 1536 1408 0 0 ]
[ 12 1664 512 0 0 ]
[ 24 1664 1280 0 lmode 4 0 ]
[ 12 1664 1408 0 0 ]
[ 12 1792 512 0 0 ]
[ 12 1792 1408 0 0 ]
[ 12 1920 512 0 0 ]
[ 24 1920 1280 0 lmode 5 0 ]
[ 12 1920 1408 0 0 ]
[ 12 2048 512 0 0 ]
[ 12 2048 1408 0 0 ]
[ 12 2176 512 0 0 ]
[ 24 2176 1280 0 lmode 6 0 ]
[ 12 2176 1408 0 0 ]
[ 12 2304 512 0 0 ]
[ 12 2304 1408 0 0 ]
[ 12 2432 512 0 0 ]
[ 24 2432 1280 0 lmode 7 0 ]
[ 12 2432 1408 0 0 ]
[ 12 2560 512 0 0 ]
[ 12 2560 1408 0 0 ]
[ 12 2688 512 0 0 ]
[ 24 2688 1280 0 lmode 8 0 ]
[ 12 2688 1408 0 0 ]
[ 12 2816 512 0 0 ]
[ 12 2816 1408 0 0 ]
[ 12 2944 512 0 0 ]
[ 24 2944 1280 0 lmode 9 0 ]
[ 12 2944 1408 0 0 ]
[ 12 3072 512 0 0 ]
[ 12 3072 1408 0 0 ]
[ 12 3200 512 0 0 ]
[ 12 3200 1408 0 0 ]
[ 12 3328 512 0 1 ]
[ 12 3328 1408 0 1 ]
[ 13 3456 512 0 0 ]
[ 12 3456 640 90 2 ]
[ 12 3456 768 90 0 ]
[ 3 3456 896 0 3 ]
[ 3 3456 1408 0 3 ]
[ 25 3584 896 0 0 ]
[ 25 3584 1408 0 0 ]
[ 4 3712 896 0 3 ]
[ 25 3712 1024 90 0 ]
[ 25 3712 1152 90 0 ]
[ 25 3712 1280 90 0 ]
[ 4 3712 1408 0 3 ]
Movables
Map_floor
[ 42 512 640 0 0 ]
[ 42 512 768 0 0 ]
[ 13 512 1152 0 0 ]
[ 13 512 1280 0 0 ]
[ 42 640 640 0 0 ]
[ 42 640 768 0 0 ]
[ 20 640 1152 0 0 ]
[ 42 768 640 0 0 ]
[ 20 768 1152 0 0 ]
[ 20 768 1280 0 0 ]
[ 42 896 640 0 0 ]
[ 20 896 1152 0 0 ]
[ 42 896 1280 0 0 ]
[ 42 1024 640 0 0 ]
[ 13 1024 1152 0 0 ]
[ 20 1024 1280 0 0 ]
[ 13 1152 1152 0 0 ]
[ 42 1152 1280 0 0 ]
[ 42 1280 896 0 0 ]
[ 20 1280 1152 0 0 ]
[ 13 1280 1280 0 0 ]
[ 42 1408 896 0 0 ]
[ 20 1408 1152 0 0 ]
[ 42 1408 1280 0 0 ]
[ 13 1536 1152 0 0 ]
[ 20 1536 1280 0 0 ]
[ 13 1664 1152 0 0 ]
[ 42 1664 1280 0 0 ]
[ 20 1792 1152 0 0 ]
[ 13 1792 1280 0 0 ]
[ 13 1920 1152 0 0 ]
[ 42 1920 1280 0 0 ]
[ 42 2048 768 0 0 ]
[ 13 2048 1152 0 0 ]
[ 20 2048 1280 0 0 ]
[ 42 2304 896 0 0 ]
[ 42 2432 896 0 0 ]
[ 42 2432 1024 0 0 ]
[ 13 2432 1152 0 0 ]
[ 42 2560 896 0 0 ]
[ 42 2560 1024 0 0 ]
[ 20 2560 1152 0 0 ]
[ 20 2560 1280 0 0 ]
[ 42 3200 768 0 0 ]
[ 42 512 768 0 0 ]
[ 13 512 1152 0 0 ]
[ 13 512 1280 0 0 ]
[ 42 640 640 0 0 ]
[ 42 640 768 0 0 ]
[ 20 640 1152 0 0 ]
[ 42 768 640 0 0 ]
[ 20 768 1152 0 0 ]
[ 20 768 1280 0 0 ]
[ 42 896 640 0 0 ]
[ 20 896 1152 0 0 ]
[ 42 896 1280 0 0 ]
[ 42 1024 640 0 0 ]
[ 13 1024 1152 0 0 ]
[ 20 1024 1280 0 0 ]
[ 13 1152 1152 0 0 ]
[ 42 1152 1280 0 0 ]
[ 42 1280 896 0 0 ]
[ 20 1280 1152 0 0 ]
[ 13 1280 1280 0 0 ]
[ 42 1408 896 0 0 ]
[ 20 1408 1152 0 0 ]
[ 42 1408 1280 0 0 ]
[ 13 1536 1152 0 0 ]
[ 20 1536 1280 0 0 ]
[ 13 1664 1152 0 0 ]
[ 42 1664 1280 0 0 ]
[ 20 1792 1152 0 0 ]
[ 13 1792 1280 0 0 ]
[ 13 1920 1152 0 0 ]
[ 42 1920 1280 0 0 ]
[ 42 2048 768 0 0 ]
[ 13 2048 1152 0 0 ]
[ 20 2048 1280 0 0 ]
[ 42 2304 896 0 0 ]
[ 42 2432 896 0 0 ]
[ 42 2432 1024 0 0 ]
[ 13 2432 1152 0 0 ]
[ 42 2560 896 0 0 ]
[ 42 2560 1024 0 0 ]
[ 20 2560 1152 0 0 ]
[ 20 2560 1280 0 0 ]
[ 42 2816 640 0 0 ]
[ 42 2816 768 0 0 ]
[ 13 2816 1280 0 0 ]
[ 13 2944 1152 0 0 ]
[ 42 3072 640 0 0 ]
[ 42 3072 768 0 0 ]
[ 42 3072 896 0 0 ]
[ 13 3072 1152 0 0 ]
[ 20 3072 1280 0 0 ]
[ 42 3200 640 0 0 ]
[ 42 3200 768 0 0 ]
[ 13 3200 1152 0 0 ]
[ 20 3200 1280 0 0 ]
[ 42 3328 640 0 0 ]
[ 42 3328 768 0 0 ]
[ 42 3328 1024 0 0 ]
[ 20 3328 1152 0 0 ]
[ 13 3328 1280 0 0 ]
[ 24 3456 1024 90 lmode 10 1 ]
[ 24 3456 1152 90 lmode 10 1 ]
[ 24 3456 1280 90 lmode 10 1 ]
[ 6 3584 1024 0 0 ]
[ 6 3584 1152 0 0 ]
[ 6 3584 1280 0 0 ]
Electric
[ 31 512 896 180 0 ]
[ 30 512 1024 180 1 ]
[ 33 640 896 180 lmode 0 ]
[ 28 640 1024 0 ]
[ 27 768 768 180 ]
[ 27 768 896 0 ]
[ 26 768 1024 0 ]
[ 35 896 768 180 lmode 1 1 ]
[ 27 896 896 180 ]
[ 33 896 1024 0 lmode 1 ]
[ 28 1024 768 180 ]
[ 27 1024 896 0 ]
[ 26 1024 1024 0 ]
[ 27 1152 640 180 ]
[ 33 1152 768 0 lmode 2 ]
[ 31 1152 896 270 0 ]
[ 33 1152 1024 0 lmode 2 ]
[ 26 1280 640 0 ]
[ 32 1280 768 0 ]
[ 26 1280 1024 0 ]
[ 26 1408 640 0 ]
[ 34 1408 768 0 lmode 3 0 ]
[ 35 1408 1024 180 lmode 3 1 ]
[ 25 1536 640 0 ]
[ 29 1536 768 0 ]
[ 26 1536 896 90 ]
[ 28 1536 1024 0 ]
[ 27 1664 640 180 ]
[ 33 1664 768 270 lmode 4 ]
[ 27 1664 896 90 ]
[ 34 1664 1024 0 lmode 4 0 ]
[ 26 1792 640 0 ]
[ 31 1792 768 270 0 ]
[ 28 1792 896 270 ]
[ 27 1792 1024 0 ]
[ 33 1920 640 180 lmode 5 ]
[ 26 1920 768 90 ]
[ 28 1920 896 90 ]
[ 27 1920 1024 90 ]
[ 26 2048 640 0 ]
[ 26 2048 896 0 ]
[ 26 2048 1024 0 ]
[ 27 2176 640 270 ]
[ 33 2176 768 90 lmode 6 ]
[ 27 2176 896 0 ]
[ 33 2176 1024 180 lmode 6 ]
[ 31 2176 1152 90 0 ]
[ 25 2304 640 180 ]
[ 26 2304 768 0 ]
[ 27 2304 1024 270 ]
[ 26 2304 1152 90 ]
[ 30 2304 1280 90 1 ]
[ 28 2432 640 180 ]
[ 33 2432 768 0 lmode 7 ]
[ 26 2560 640 0 ]
[ 26 2560 768 0 ]
[ 25 2688 640 0 ]
[ 27 2688 768 270 ]
[ 28 2688 896 90 ]
[ 34 2688 1024 90 lmode 8 0 ]
[ 27 2688 1152 90 ]
[ 35 2816 896 0 lmode 8 1 ]
[ 27 2816 1024 180 ]
[ 27 2816 1152 0 ]
[ 31 2944 640 270 0 ]
[ 35 2944 768 270 lmode 9 1 ]
[ 27 2944 896 0 ]
[ 35 2944 1024 0 lmode 9 1 ]
[ 26 3072 1024 0 ]
[ 27 3200 896 180 ]
[ 27 3200 1024 0 ]
[ 26 3328 896 0 ]
[ 37 3456 896 0 lmode 10 ]
PLayer 783.817 1039.56