Does_not_exist
Map_basic
[ 4 384 256 0 3 ]
[ 25 384 384 90 0 ]
[ 25 384 512 90 0 ]
[ 25 384 640 90 0 ]
[ 25 384 768 90 0 ]
[ 25 384 896 90 0 ]
[ 4 384 1024 0 3 ]
[ 25 512 256 0 0 ]
[ 25 512 1024 0 0 ]
[ 25 640 256 0 0 ]
[ 25 640 1024 0 0 ]
[ 25 768 256 0 0 ]
[ 25 768 1024 0 0 ]
[ 25 896 256 0 0 ]
[ 25 896 1024 0 0 ]
[ 25 1024 256 0 0 ]
[ 25 1024 1024 0 0 ]
[ 25 1152 256 0 0 ]
[ 25 1152 1024 0 0 ]
[ 25 1280 256 0 0 ]
[ 25 1280 1024 0 0 ]
[ 25 1408 256 0 0 ]
[ 25 1408 1024 0 0 ]
[ 4 1536 256 0 3 ]
[ 12 1536 384 90 0 ]
[ 12 1536 896 90 0 ]
[ 4 1536 1024 0 3 ]
[ 23 1536 1152 90 0 ]
[ 23 1536 1280 90 0 ]
[ 23 1536 1408 90 0 ]
[ 16 1536 1536 0 1 ]
[ 12 1664 256 0 2 ]
[ 23 1664 1536 0 0 ]
[ 12 1792 256 0 0 ]
[ 23 1792 1536 0 0 ]
[ 12 1920 256 0 0 ]
[ 23 1920 1536 0 0 ]
[ 12 2048 256 0 1 ]
[ 24 2048 384 0 lmode 0 0 ]
[ 23 2048 1536 0 0 ]
[ 13 2176 256 0 0 ]
[ 12 2176 384 90 2 ]
[ 12 2176 512 90 0 ]
[ 12 2176 640 90 0 ]
[ 12 2176 768 90 0 ]
[ 12 2176 896 90 1 ]
[ 16 2176 1024 0 0 ]
[ 23 2176 1536 0 0 ]
[ 23 2304 1024 0 0 ]
[ 23 2304 1536 0 0 ]
[ 23 2432 1024 0 0 ]
[ 23 2432 1536 0 0 ]
[ 16 2560 1024 0 1 ]
[ 3 2560 1536 0 0 ]
[ 11 2560 1664 90 0 ]
[ 11 2560 1792 90 0 ]
[ 11 2560 1920 90 0 ]
[ 10 2560 2048 0 0 ]
[ 11 2560 2176 90 0 ]
[ 15 2560 2304 0 crystal 0 1 ]
[ 11 2560 2432 90 0 ]
[ 10 2560 2560 0 0 ]
[ 10 2560 2688 0 0 ]
[ 11 2560 2816 90 0 ]
[ 11 2560 2944 90 0 ]
[ 10 2560 3072 0 0 ]
[ 9 2688 1024 0 0 ]
[ 9 2688 1536 0 0 ]
[ 11 2688 3072 0 0 ]
[ 9 2816 1024 0 0 ]
[ 9 2816 1536 0 0 ]
[ 11 2816 3072 0 0 ]
[ 9 2944 1024 0 0 ]
[ 9 2944 1536 0 0 ]
[ 11 2944 3072 0 0 ]
[ 9 3072 1024 0 0 ]
[ 9 3072 1536 0 0 ]
[ 10 3072 2048 0 0 ]
[ 10 3072 2560 0 0 ]
[ 10 3072 3072 0 0 ]
[ 9 3200 1024 0 0 ]
[ 9 3200 1536 0 0 ]
[ 11 3200 2048 0 0 ]
[ 11 3200 2560 0 0 ]
[ 11 3200 3072 0 0 ]
[ 9 3328 1024 0 0 ]
[ 9 3328 1536 0 0 ]
[ 11 3328 2048 0 0 ]
[ 11 3328 2560 0 0 ]
[ 11 3328 3072 0 0 ]
[ 9 3456 1024 0 0 ]
[ 9 3456 1536 0 0 ]
[ 11 3456 2048 0 0 ]
[ 11 3456 2560 0 0 ]
[ 11 3456 3072 0 0 ]
[ 9 3584 1024 0 0 ]
[ 9 3584 1536 0 0 ]
[ 11 3584 2048 0 0 ]
[ 11 3584 2560 0 0 ]
[ 11 3584 3072 0 0 ]
[ 8 3712 1024 0 0 ]
[ 16 3712 1536 0 1 ]
[ 9 3712 1664 90 0 ]
[ 9 3712 1792 90 0 ]
[ 9 3712 1920 90 0 ]
[ 30 3712 2048 0 barmode 1 ]
[ 10 3712 2560 0 0 ]
[ 11 3712 2688 90 0 ]
[ 11 3712 2816 90 0 ]
[ 11 3712 2944 90 0 ]
[ 10 3712 3072 0 0 ]
[ 9 3840 1024 0 0 ]
[ 9 3840 2048 0 0 ]
[ 7 3840 3072 0 0 ]
[ 9 3968 1024 0 0 ]
[ 9 3968 2048 0 0 ]
[ 7 3968 3072 0 0 ]
[ 9 4096 1024 0 0 ]
[ 9 4096 2048 0 0 ]
[ 7 4096 3072 0 0 ]
[ 8 4224 1024 0 0 ]
[ 30 4224 1536 0 barmode 0 ]
[ 8 4224 2048 0 0 ]
[ 9 4224 2176 90 0 ]
[ 9 4224 2304 90 0 ]
[ 9 4224 2432 90 0 ]
[ 8 4224 2560 0 0 ]
[ 16 4224 3072 0 1 ]
[ 9 4352 1024 0 0 ]
[ 9 4352 2048 0 0 ]
[ 7 4352 2560 0 0 ]
[ 7 4352 3072 0 0 ]
[ 9 4480 1024 0 0 ]
[ 9 4480 2048 0 0 ]
[ 7 4480 2560 0 0 ]
[ 7 4480 3072 0 0 ]
[ 9 4608 1024 0 0 ]
[ 9 4608 2048 0 0 ]
[ 7 4608 2560 0 0 ]
[ 7 4608 3072 0 0 ]
[ 8 4736 1024 0 0 ]
[ 9 4736 1152 90 0 ]
[ 9 4736 1280 90 0 ]
[ 9 4736 1408 90 0 ]
[ 16 4736 1536 0 1 ]
[ 9 4736 1664 90 0 ]
[ 9 4736 1792 90 0 ]
[ 9 4736 1920 90 0 ]
[ 8 4736 2048 0 0 ]
[ 7 4736 2560 0 0 ]
[ 7 4736 3072 0 0 ]
[ 7 4864 2560 0 0 ]
[ 7 4864 3072 0 0 ]
[ 7 4992 2560 0 0 ]
[ 7 4992 3072 0 0 ]
[ 7 5120 2560 0 0 ]
[ 7 5120 3072 0 0 ]
[ 7 5248 2560 0 0 ]
[ 7 5248 3072 0 0 ]
[ 1 5376 2560 90 2 ]
[ 29 5376 2688 0 0 ]
[ 6 5376 2816 0 1 ]
[ 29 5376 2944 0 0 ]
[ 1 5376 3072 90 1 ]
[ 15 5504 2560 0 crystal 2 1 ]
[ 11 5504 3072 0 0 ]
[ 11 5632 2560 0 0 ]
[ 11 5632 3072 0 0 ]
[ 11 5760 2560 0 0 ]
[ 11 5760 3072 0 0 ]
[ 11 5888 2560 0 0 ]
[ 11 5888 3072 0 0 ]
[ 10 6016 2304 0 0 ]
[ 11 6016 2432 90 0 ]
[ 10 6016 2560 0 0 ]
[ 11 6016 3072 0 0 ]
[ 3 6144 2304 0 2 ]
[ 11 6144 3072 0 0 ]
[ 3 6272 2304 0 2 ]
[ 11 6272 3072 0 0 ]
[ 10 6400 2304 0 0 ]
[ 11 6400 2432 90 0 ]
[ 10 6400 2560 0 0 ]
[ 11 6400 3072 0 0 ]
[ 11 6528 2560 0 0 ]
[ 11 6528 3072 0 0 ]
[ 11 6656 2560 0 0 ]
[ 11 6656 3072 0 0 ]
[ 11 6784 2560 0 0 ]
[ 11 6784 3072 0 0 ]
[ 15 6912 2560 0 crystal 3 1 ]
[ 11 6912 3072 0 0 ]
[ 10 7040 2560 0 0 ]
[ 15 7040 2688 0 crystal 4 1 ]
[ 11 7040 2816 90 0 ]
[ 11 7040 2944 90 0 ]
[ 30 7040 3072 0 barmode 3 ]
Movables
[ 512 512 0 ]
[ 512 768 0 ]
[ 640 640 0 ]
[ 640 896 0 ]
[ 768 384 0 ]
[ 768 512 0 ]
[ 768 768 0 ]
[ 896 384 0 ]
[ 896 768 0 ]
[ 1024 512 0 ]
[ 1024 896 0 ]
[ 1152 512 0 ]
[ 1152 640 0 ]
[ 1152 768 0 ]
[ 1280 384 0 ]
[ 1280 512 0 ]
[ 1280 768 0 ]
[ 1408 512 0 ]
[ 2176 1152 3 ]
[ 2176 1280 3 ]
[ 2176 1408 3 ]
[ 2688 2688 1 ]
[ 2816 2688 1 ]
[ 2944 2688 1 ]
[ 3072 2688 1 ]
[ 3456 2944 1 ]
[ 3584 2816 1 ]
Map_floor
[ 13 512 384 0 0 ]
[ 13 512 512 0 0 ]
[ 13 512 640 0 0 ]
[ 13 512 768 0 0 ]
[ 13 512 896 0 0 ]
[ 13 640 384 0 0 ]
[ 13 640 512 0 0 ]
[ 13 640 640 0 0 ]
[ 13 640 768 0 0 ]
[ 13 640 896 0 0 ]
[ 13 768 384 0 0 ]
[ 13 768 512 0 0 ]
[ 13 768 640 0 0 ]
[ 13 768 768 0 0 ]
[ 13 768 896 0 0 ]
[ 13 896 384 0 0 ]
[ 13 896 512 0 0 ]
[ 13 896 640 0 0 ]
[ 13 896 768 0 0 ]
[ 13 896 896 0 0 ]
[ 13 1024 384 0 0 ]
[ 13 1024 512 0 0 ]
[ 13 1024 640 0 0 ]
[ 13 1024 768 0 0 ]
[ 13 1024 896 0 0 ]
[ 13 1152 384 0 0 ]
[ 13 1152 512 0 0 ]
[ 13 1152 640 0 0 ]
[ 13 1152 768 0 0 ]
[ 13 1152 896 0 0 ]
[ 13 1280 384 0 0 ]
[ 13 1280 512 0 0 ]
[ 13 1280 640 0 0 ]
[ 13 1280 768 0 0 ]
[ 13 1280 896 0 0 ]
[ 13 1408 384 0 0 ]
[ 13 1408 512 0 0 ]
[ 13 1408 640 0 0 ]
[ 13 1408 768 0 0 ]
[ 13 1408 896 0 0 ]
[ 18 1536 384 90 0 ]
[ 18 1536 512 90 0 ]
[ 18 1536 640 90 0 ]
[ 18 1536 768 90 0 ]
[ 18 1536 896 90 0 ]
[ 4 1536 1024 0 0 ]
[ 4 1536 1536 0 0 ]
[ 20 1664 384 0 0 ]
[ 20 1664 512 0 0 ]
[ 20 1664 640 0 0 ]
[ 20 1664 768 0 0 ]
[ 20 1664 896 0 0 ]
[ 24 1664 1024 0 lmode 0 1 ]
[ 22 1664 1152 0 0 ]
[ 22 1664 1280 0 0 ]
[ 22 1664 1408 0 0 ]
[ 20 1792 384 0 0 ]
[ 20 1792 512 0 0 ]
[ 20 1792 640 0 0 ]
[ 20 1792 768 0 0 ]
[ 20 1792 896 0 0 ]
[ 24 1792 1024 0 lmode 0 1 ]
[ 22 1792 1152 0 0 ]
[ 22 1792 1280 0 0 ]
[ 22 1792 1408 0 0 ]
[ 20 1920 384 0 0 ]
[ 20 1920 512 0 0 ]
[ 20 1920 640 0 0 ]
[ 20 1920 768 0 0 ]
[ 20 1920 896 0 0 ]
[ 24 1920 1024 0 lmode 0 1 ]
[ 22 1920 1152 0 0 ]
[ 22 1920 1280 0 0 ]
[ 22 1920 1408 0 0 ]
[ 20 2048 512 0 0 ]
[ 20 2048 640 0 0 ]
[ 20 2048 768 0 0 ]
[ 20 2048 896 0 0 ]
[ 24 2048 1024 0 lmode 0 1 ]
[ 22 2048 1152 0 0 ]
[ 22 2048 1280 0 0 ]
[ 22 2048 1408 0 0 ]
[ 4 2176 1024 0 0 ]
[ 22 2176 1152 0 0 ]
[ 22 2176 1280 0 0 ]
[ 22 2176 1408 0 0 ]
[ 22 2304 1152 0 0 ]
[ 22 2304 1280 0 0 ]
[ 22 2304 1408 0 0 ]
[ 22 2432 1152 0 0 ]
[ 22 2432 1280 0 0 ]
[ 22 2432 1408 0 0 ]
[ 4 2560 1024 0 0 ]
[ 4 2560 1152 0 0 ]
[ 20 1920 896 0 0 ]
[ 11 2816 2432 0 0 ]
[ 19 3328 1792 180 0 ]
[ 11 3456 2304 0 0 ]
[ 30 3712 2048 0 1 ]
[ 30 4224 1536 0 0 ]
[ 22 4608 1920 0 0 ]
[ 10 6528 3072 90 0 ]
[ 13 640 768 0 0 ]
[ 13 1152 640 0 0 ]
[ 13 1152 896 0 0 ]
[ 13 1280 384 0 0 ]
[ 13 1280 512 0 0 ]
[ 13 1280 640 0 0 ]
[ 13 1280 768 0 0 ]
[ 13 1280 896 0 0 ]
[ 13 1408 384 0 0 ]
[ 13 1408 512 0 0 ]
[ 13 1408 640 0 0 ]
[ 13 1408 768 0 0 ]
[ 13 1408 896 0 0 ]
[ 18 1536 384 90 0 ]
[ 18 1536 512 90 0 ]
[ 18 1536 640 90 0 ]
[ 18 1536 768 90 0 ]
[ 18 1536 896 90 0 ]
[ 4 1536 1024 0 0 ]
[ 4 1536 1536 0 0 ]
[ 20 1664 384 0 0 ]
[ 20 1664 512 0 0 ]
[ 20 1664 640 0 0 ]
[ 20 1664 768 0 0 ]
[ 20 1664 896 0 0 ]
[ 24 1664 1024 0 lmode 0 1 ]
[ 22 1664 1152 0 0 ]
[ 22 1664 1280 0 0 ]
[ 22 1664 1408 0 0 ]
[ 20 1792 384 0 0 ]
[ 20 1792 512 0 0 ]
[ 20 1792 640 0 0 ]
[ 20 1792 768 0 0 ]
[ 20 1792 896 0 0 ]
[ 24 1792 1024 0 lmode 0 1 ]
[ 22 1792 1152 0 0 ]
[ 22 1792 1280 0 0 ]
[ 22 1792 1408 0 0 ]
[ 20 1920 384 0 0 ]
[ 20 1920 512 0 0 ]
[ 20 1920 640 0 0 ]
[ 20 1920 768 0 0 ]
[ 20 1920 896 0 0 ]
[ 24 1920 1024 0 lmode 0 1 ]
[ 22 1920 1152 0 0 ]
[ 22 1920 1280 0 0 ]
[ 22 1920 1408 0 0 ]
[ 20 2048 512 0 0 ]
[ 20 2048 640 0 0 ]
[ 20 2048 768 0 0 ]
[ 20 2048 896 0 0 ]
[ 24 2048 1024 0 lmode 0 1 ]
[ 22 2048 1152 0 0 ]
[ 22 2048 1280 0 0 ]
[ 22 2048 1408 0 0 ]
[ 4 2176 1024 0 0 ]
[ 22 2176 1152 0 0 ]
[ 22 2176 1280 0 0 ]
[ 22 2176 1408 0 0 ]
[ 22 2304 1152 0 0 ]
[ 22 2304 1280 0 0 ]
[ 22 2304 1408 0 0 ]
[ 22 2432 1152 0 0 ]
[ 22 2432 1280 0 0 ]
[ 22 2432 1408 0 0 ]
[ 4 2560 1024 0 0 ]
[ 4 2560 1152 0 0 ]
[ 4 2560 1280 0 0 ]
[ 4 2560 1408 0 0 ]
[ 4 2560 1536 0 0 ]
[ 14 2560 1664 0 0 ]
[ 14 2560 1792 0 0 ]
[ 14 2560 1920 0 0 ]
[ 14 2560 2176 0 0 ]
[ 14 2560 2432 0 0 ]
[ 14 2560 2688 0 0 ]
[ 14 2560 2816 0 0 ]
[ 14 2560 2944 0 0 ]
[ 9 2688 1152 0 3 ]
[ 9 2688 1280 180 3 ]
[ 9 2688 1408 180 2 ]
[ 11 2688 1664 0 0 ]
[ 11 2688 1792 0 0 ]
[ 11 2688 1920 0 0 ]
[ 40 2688 2048 0 barmode 1 0 ]
[ 11 2688 2176 0 0 ]
[ 11 2688 2304 0 0 ]
[ 11 2688 2432 0 0 ]
[ 15 2688 2560 0 crystal 0 1 ]
[ 11 2688 2688 0 0 ]
[ 11 2688 2816 0 0 ]
[ 11 2688 2944 0 0 ]
[ 14 2688 3072 0 0 ]
[ 9 2816 1152 180 4 ]
[ 9 2816 1280 270 0 ]
[ 9 2816 1408 270 3 ]
[ 11 2816 1664 0 0 ]
[ 11 2816 1792 0 0 ]
[ 11 2816 1920 0 0 ]
[ 40 2816 2048 0 barmode 1 0 ]
[ 11 2816 2176 0 0 ]
[ 11 2816 2304 0 0 ]
[ 11 2816 2432 0 0 ]
[ 15 2816 2560 0 crystal 0 1 ]
[ 11 2816 2688 0 0 ]
[ 11 2816 2816 0 0 ]
[ 11 2816 2944 0 0 ]
[ 14 2816 3072 0 0 ]
[ 9 2944 1152 0 2 ]
[ 9 2944 1280 90 5 ]
[ 9 2944 1408 0 5 ]
[ 11 2944 1664 0 0 ]
[ 11 2944 1792 0 0 ]
[ 11 2944 1920 0 0 ]
[ 40 2944 2048 0 barmode 1 0 ]
[ 11 2944 2176 0 0 ]
[ 11 2944 2304 0 0 ]
[ 11 2944 2432 0 0 ]
[ 15 2944 2560 0 crystal 0 1 ]
[ 11 2944 2688 0 0 ]
[ 11 2944 2816 0 0 ]
[ 11 2944 2944 0 0 ]
[ 14 2944 3072 0 0 ]
[ 9 3072 1152 270 3 ]
[ 9 3072 1280 90 0 ]
[ 9 3072 1408 0 0 ]
[ 11 3072 1664 0 0 ]
[ 11 3072 1792 0 0 ]
[ 11 3072 1920 0 0 ]
[ 41 3072 2176 0 barmode 1 1 ]
[ 41 3072 2304 0 barmode 1 1 ]
[ 41 3072 2432 0 barmode 1 1 ]
[ 11 3072 2688 0 0 ]
[ 11 3072 2816 0 0 ]
[ 11 3072 2944 0 0 ]
[ 9 3200 1152 0 1 ]
[ 9 3200 1280 90 2 ]
[ 9 3200 1408 90 5 ]
[ 11 3200 1664 0 0 ]
[ 11 3200 1792 0 0 ]
[ 11 3200 1920 0 0 ]
[ 14 3200 2048 0 0 ]
[ 11 3200 2176 0 0 ]
[ 11 3200 2304 0 0 ]
[ 11 3200 2432 0 0 ]
[ 14 3200 2560 0 0 ]
[ 11 3200 2688 0 0 ]
[ 11 3200 2816 0 0 ]
[ 11 3200 2944 0 0 ]
[ 14 3200 3072 0 0 ]
[ 9 3328 1152 0 4 ]
[ 9 3328 1280 90 1 ]
[ 9 3328 1408 180 0 ]
[ 40 3328 1664 0 barmode 0 0 ]
[ 19 3328 1792 180 0 ]
[ 40 3328 1920 0 barmode 1 0 ]
[ 14 3328 2048 0 0 ]
[ 11 3328 2176 0 0 ]
[ 11 3328 2304 0 0 ]
[ 11 3328 2432 0 0 ]
[ 14 3328 2560 0 0 ]
[ 11 3328 2688 0 0 ]
[ 11 3328 2816 0 0 ]
[ 11 3328 2944 0 0 ]
[ 14 3328 3072 0 0 ]
[ 9 3456 1152 90 0 ]
[ 9 3456 1280 180 2 ]
[ 9 3456 1408 180 5 ]
[ 19 3456 1664 270 0 ]
[ 8 3456 1792 0 ]
[ 19 3456 1920 90 0 ]
[ 14 3456 2048 0 0 ]
[ 11 3456 2176 0 0 ]
[ 11 3456 2304 0 0 ]
[ 11 3456 2432 0 0 ]
[ 14 3456 2560 0 0 ]
[ 11 3456 2688 0 0 ]
[ 11 3456 2816 0 0 ]
[ 11 3456 2944 0 0 ]
[ 14 3456 3072 0 0 ]
[ 9 3584 1152 0 2 ]
[ 9 3584 1280 0 5 ]
[ 9 3584 1408 270 5 ]
[ 40 3584 1664 0 barmode 1 0 ]
[ 19 3584 1792 0 0 ]
[ 40 3584 1920 0 barmode 0 0 ]
[ 14 3584 2048 0 0 ]
[ 11 3584 2176 0 0 ]
[ 11 3584 2304 0 0 ]
[ 11 3584 2432 0 0 ]
[ 14 3584 2560 0 0 ]
[ 11 3584 2688 0 0 ]
[ 11 3584 2816 0 0 ]
[ 43 3584 2944 270 0 ]
[ 14 3584 3072 0 0 ]
[ 19 3712 1152 0 0 ]
[ 19 3712 1280 0 0 ]
[ 19 3712 1408 0 0 ]
[ 30 3712 2048 0 1 ]
[ 16 3712 2176 0 crystal 0 0 ]
[ 16 3712 2304 0 crystal 0 0 ]
[ 16 3712 2432 0 crystal 0 0 ]
[ 14 3712 2560 0 0 ]
[ 14 3712 2688 0 0 ]
[ 14 3712 2816 0 0 ]
[ 14 3712 2944 0 0 ]
[ 22 3840 1152 0 0 ]
[ 22 3840 1280 0 0 ]
[ 22 3840 1408 0 0 ]
[ 40 3840 1536 0 barmode 0 0 ]
[ 22 3840 1664 0 0 ]
[ 22 3840 1792 0 0 ]
[ 22 3840 1920 0 0 ]
[ 22 3840 2176 0 0 ]
[ 22 3840 2304 0 0 ]
[ 22 3840 2432 0 0 ]
[ 22 3840 2560 0 0 ]
[ 22 3840 2688 0 0 ]
[ 19 3840 2816 0 0 ]
[ 43 3840 2944 270 0 ]
[ 22 3840 3072 0 0 ]
[ 22 3968 1152 0 0 ]
[ 22 3968 1280 0 0 ]
[ 22 3968 1408 0 0 ]
[ 40 3968 1536 0 barmode 0 0 ]
[ 22 3968 1664 0 0 ]
[ 22 3968 1792 0 0 ]
[ 22 3968 1920 0 0 ]
[ 22 3968 2176 0 0 ]
[ 22 3968 2304 0 0 ]
[ 22 3968 2432 0 0 ]
[ 22 3968 2560 0 0 ]
[ 22 3968 2688 0 0 ]
[ 22 3968 2816 0 0 ]
[ 22 3968 2944 0 0 ]
[ 22 3968 3072 0 0 ]
[ 22 4096 1152 0 0 ]
[ 22 4096 1280 0 0 ]
[ 22 4096 1408 0 0 ]
[ 40 4096 1536 0 barmode 0 0 ]
[ 22 4096 1664 0 0 ]
[ 22 4096 1792 0 0 ]
[ 22 4096 1920 0 0 ]
[ 17 4096 2176 0 dmode 0 0 ]
[ 22 4096 2304 0 0 ]
[ 22 4096 2432 0 0 ]
[ 22 4096 2560 0 0 ]
[ 22 4096 2688 0 0 ]
[ 22 4096 2816 0 0 ]
[ 22 4096 2944 0 0 ]
[ 22 4096 3072 0 0 ]
[ 41 4224 1152 0 barmode 0 1 ]
[ 41 4224 1280 0 barmode 0 1 ]
[ 41 4224 1408 0 barmode 0 1 ]
[ 30 4224 1536 0 0 ]
[ 41 4224 1664 0 barmode 0 1 ]
[ 41 4224 1792 0 barmode 0 1 ]
[ 41 4224 1920 0 barmode 0 1 ]
[ 10 4224 2688 180 0 ]
[ 10 4224 2816 180 0 ]
[ 10 4224 2944 180 0 ]
[ 22 4352 1152 0 0 ]
[ 22 4352 1280 0 0 ]
[ 22 4352 1408 0 0 ]
[ 40 4352 1536 0 barmode 0 0 ]
[ 22 4352 1664 0 0 ]
[ 19 4352 1792 0 0 ]
[ 22 4352 1920 0 0 ]
[ 3 4352 2688 90 dmode 0 1 ]
[ 3 4352 2816 90 dmode 0 1 ]
[ 3 4352 2944 90 dmode 0 1 ]
[ 22 4480 1152 0 0 ]
[ 22 4480 1280 0 0 ]
[ 22 4480 1408 0 0 ]
[ 40 4480 1536 0 barmode 0 0 ]
[ 19 4480 1664 90 0 ]
[ 7 4480 1792 0 ]
[ 19 4480 1920 270 0 ]
[ 21 4480 2688 0 0 ]
[ 21 4480 2816 0 0 ]
[ 21 4480 2944 0 0 ]
[ 22 4608 1152 0 0 ]
[ 22 4608 1280 0 0 ]
[ 22 4608 1408 0 0 ]
[ 40 4608 1536 0 barmode 0 0 ]
[ 22 4608 1664 0 0 ]
[ 19 4608 1792 180 0 ]
[ 22 4608 1920 0 0 ]
[ 21 4608 2688 0 0 ]
[ 21 4608 2816 0 0 ]
[ 21 4608 2944 0 0 ]
[ 21 4736 2688 0 0 ]
[ 21 4736 2816 0 0 ]
[ 21 4736 2944 0 0 ]
[ 21 4864 2688 0 0 ]
[ 21 4864 2816 0 0 ]
[ 21 4864 2944 0 0 ]
[ 21 4992 2688 0 0 ]
[ 21 4992 2816 0 0 ]
[ 21 4992 2944 0 0 ]
[ 21 5120 2688 0 0 ]
[ 21 5120 2816 0 0 ]
[ 21 5120 2944 0 0 ]
[ 21 5248 2688 0 0 ]
[ 21 5248 2816 0 0 ]
[ 21 5248 2944 0 0 ]
[ 21 5376 2688 0 0 ]
[ 21 5376 2816 0 0 ]
[ 21 5376 2944 0 0 ]
[ 16 5504 2688 0 crystal 1 0 ]
[ 16 5504 2816 0 crystal 1 0 ]
[ 43 5504 2944 0 0 ]
[ 10 5504 3072 90 0 ]
[ 10 5632 2560 270 0 ]
[ 15 5632 2688 0 crystal 4 1 ]
[ 15 5632 2816 0 crystal 1 1 ]
[ 15 5632 2944 0 crystal 2 1 ]
[ 10 5632 3072 90 0 ]
[ 10 5760 2560 270 0 ]
[ 15 5760 2688 0 crystal 4 1 ]
[ 15 5760 2816 0 crystal 1 1 ]
[ 15 5760 2944 0 crystal 2 1 ]
[ 10 5760 3072 90 0 ]
[ 10 5888 2560 270 0 ]
[ 15 5888 2688 0 crystal 4 1 ]
[ 15 5888 2816 0 crystal 1 1 ]
[ 15 5888 2944 0 crystal 2 1 ]
[ 10 5888 3072 90 0 ]
[ 10 6016 2432 180 0 ]
[ 15 6016 2688 0 crystal 4 1 ]
[ 15 6016 2816 0 crystal 2 1 ]
[ 15 6016 2944 0 crystal 2 1 ]
[ 10 6016 3072 90 0 ]
[ 6 6144 2432 0 0 ]
[ 41 6144 2560 0 barmode 3 1 ]
[ 15 6144 2688 0 crystal 4 1 ]
[ 15 6144 2816 0 crystal 4 1 ]
[ 15 6144 2944 0 crystal 1 1 ]
[ 10 6144 3072 90 0 ]
[ 6 6272 2432 0 0 ]
[ 41 6272 2560 0 barmode 3 1 ]
[ 15 6272 2688 0 crystal 3 1 ]
[ 15 6272 2816 0 crystal 3 1 ]
[ 15 6272 2944 0 crystal 1 1 ]
[ 10 6272 3072 90 0 ]
[ 10 6400 2432 0 0 ]
[ 15 6400 2688 0 crystal 1 1 ]
[ 15 6400 2816 0 crystal 3 1 ]
[ 15 6400 2944 0 crystal 1 1 ]
[ 10 6400 3072 90 0 ]
[ 10 6528 2560 270 0 ]
[ 15 6528 2688 0 crystal 1 1 ]
[ 15 6528 2816 0 crystal 3 1 ]
[ 15 6528 2944 0 crystal 1 1 ]
[ 10 6528 3072 90 0 ]
[ 10 6656 2560 270 0 ]
[ 16 6656 2688 0 crystal 1 0 ]
[ 16 6656 2816 0 crystal 1 0 ]
[ 16 6656 2944 0 crystal 1 0 ]
[ 10 6656 3072 90 0 ]
[ 10 6784 2560 270 0 ]
[ 16 6784 2688 0 crystal 1 0 ]
[ 16 6784 2816 0 crystal 1 0 ]
[ 16 6784 2944 0 crystal 1 0 ]
[ 10 6784 3072 90 0 ]
[ 16 6912 2688 0 crystal 1 0 ]
[ 16 6912 2816 0 crystal 1 0 ]
[ 43 6912 2944 180 0 ]
[ 10 6912 3072 90 0 ]
[ 10 7040 2816 0 0 ]
[ 10 7040 2944 0 0 ]
[ 30 7040 3072 0 3 ]
Electric
PLayer 707.962 557.185