Does_not_exist
Map_basic
[ 10 1152 768 0 0 ]
[ 11 1152 896 90 0 ]
[ 11 1152 1024 90 0 ]
[ 11 1152 1152 90 0 ]
[ 10 1152 1280 0 0 ]
[ 11 1152 1408 90 0 ]
[ 3 1152 1536 0 2 ]
[ 11 1152 1664 90 0 ]
[ 10 1152 1792 0 0 ]
[ 11 1280 768 0 0 ]
[ 11 1280 1280 0 0 ]
[ 11 1280 1792 0 0 ]
[ 11 1408 768 0 0 ]
[ 15 1408 1280 0 crystal 0 1 ]
[ 11 1408 1792 0 0 ]
[ 11 1536 768 0 0 ]
[ 11 1536 1792 0 0 ]
[ 11 1664 768 0 0 ]
[ 3 1664 1792 0 2 ]
[ 11 1792 768 0 0 ]
[ 15 1792 1280 0 crystal 1 1 ]
[ 11 1792 1792 0 0 ]
[ 11 1920 768 0 0 ]
[ 11 1920 1792 0 0 ]
[ 11 2048 768 0 0 ]
[ 3 2048 1664 0 2 ]
[ 11 2048 1792 0 0 ]
[ 11 2176 768 0 0 ]
[ 15 2176 1280 0 crystal 2 1 ]
[ 11 2176 1792 0 0 ]
[ 11 2304 768 0 0 ]
[ 11 2304 1792 0 0 ]
[ 11 2432 768 0 0 ]
[ 11 2432 1792 0 0 ]
[ 11 2560 768 0 0 ]
[ 15 2560 1280 0 crystal 3 1 ]
[ 11 2560 1792 0 0 ]
[ 11 2688 768 0 0 ]
[ 11 2688 1280 0 0 ]
[ 11 2688 1792 0 0 ]
[ 10 2816 768 0 0 ]
[ 11 2816 896 90 0 ]
[ 11 2816 1024 90 0 ]
[ 11 2816 1152 90 0 ]
[ 10 2816 1280 0 0 ]
[ 3 2816 1408 0 2 ]
[ 11 2816 1536 90 0 ]
[ 11 2816 1664 90 0 ]
[ 10 2816 1792 0 0 ]
[ 11 2944 768 0 0 ]
[ 11 2944 1280 0 0 ]
[ 11 2944 1792 0 0 ]
[ 11 3072 768 0 0 ]
[ 15 3072 1280 0 crystal 4 1 ]
[ 11 3072 1792 0 0 ]
[ 10 3200 768 0 0 ]
[ 11 3200 896 90 0 ]
[ 11 3200 1024 90 0 ]
[ 11 3200 1152 90 0 ]
[ 10 3200 1280 0 0 ]
[ 11 3200 1408 90 0 ]
[ 11 3200 1536 90 0 ]
[ 11 3200 1664 90 0 ]
[ 10 3200 1792 0 0 ]
Movables
Map_floor
[ 14 1152 896 0 0 ]
[ 14 1152 1024 0 0 ]
[ 14 1152 1152 0 0 ]
[ 14 1152 1280 0 0 ]
[ 14 1152 1408 0 0 ]
[ 14 1152 1536 0 0 ]
[ 14 1152 1664 0 0 ]
[ 14 1280 768 0 0 ]
[ 11 1280 896 0 0 ]
[ 11 1280 1024 0 0 ]
[ 11 1280 1152 0 0 ]
[ 14 1280 1280 0 0 ]
[ 15 1280 1408 0 crystal 0 1 ]
[ 15 1280 1536 0 crystal 0 1 ]
[ 16 1280 1664 0 crystal 0 0 ]
[ 14 1280 1792 0 0 ]
[ 14 1408 768 0 0 ]
[ 11 1408 896 0 0 ]
[ 11 1408 1024 0 0 ]
[ 11 1408 1152 0 0 ]
[ 11 1408 1280 0 2 ]
[ 15 1408 1408 0 crystal 0 1 ]
[ 16 1408 1536 0 crystal 0 0 ]
[ 15 1408 1664 0 crystal 0 1 ]
[ 14 1408 1792 0 0 ]
[ 14 1536 768 0 0 ]
[ 11 1536 896 0 0 ]
[ 11 1536 1024 0 0 ]
[ 11 1536 1152 0 0 ]
[ 11 1536 1280 0 0 ]
[ 15 1536 1408 0 crystal 0 1 ]
[ 15 1536 1536 0 crystal 0 1 ]
[ 15 1536 1664 0 crystal 0 1 ]
[ 14 1536 1792 0 0 ]
[ 14 1664 768 0 0 ]
[ 11 1664 896 0 0 ]
[ 11 1664 1024 0 0 ]
[ 11 1664 1152 0 0 ]
[ 11 1664 1280 0 0 ]
[ 16 1664 1408 0 crystal 1 0 ]
[ 16 1664 1536 0 crystal 1 0 ]
[ 16 1664 1664 0 crystal 1 0 ]
[ 14 1664 1792 0 0 ]
[ 14 1792 768 0 0 ]
[ 11 1792 896 0 0 ]
[ 11 1792 1024 0 0 ]
[ 11 1792 1152 0 0 ]
[ 11 1792 1280 0 0 ]
[ 15 1792 1408 0 crystal 1 1 ]
[ 16 1792 1536 0 crystal 1 0 ]
[ 15 1792 1664 0 crystal 1 1 ]
[ 14 1792 1792 0 0 ]
[ 14 1920 768 0 0 ]
[ 11 1920 896 0 0 ]
[ 11 1920 1024 0 0 ]
[ 11 1920 1152 0 0 ]
[ 11 1920 1280 0 0 ]
[ 15 1920 1408 0 crystal 1 1 ]
[ 16 1920 1536 0 crystal 1 0 ]
[ 15 1920 1664 0 crystal 1 1 ]
[ 14 1920 1792 0 0 ]
[ 14 2048 768 0 0 ]
[ 11 2048 896 0 0 ]
[ 11 2048 1024 0 0 ]
[ 11 2048 1152 0 0 ]
[ 11 2048 1280 0 0 ]
[ 16 2048 1408 0 crystal 2 0 ]
[ 16 2048 1536 0 crystal 2 0 ]
[ 14 2048 1792 0 0 ]
[ 14 2176 768 0 0 ]
[ 11 2176 896 0 0 ]
[ 11 2176 1024 0 0 ]
[ 11 2176 1152 0 0 ]
[ 11 2176 1280 0 0 ]
[ 15 2176 1408 0 crystal 2 1 ]
[ 15 2176 1536 0 crystal 2 1 ]
[ 16 2176 1664 0 crystal 2 0 ]
[ 14 2176 1792 0 0 ]
[ 14 2304 768 0 0 ]
[ 11 2304 896 0 0 ]
[ 11 2304 1024 0 0 ]
[ 11 2304 1152 0 0 ]
[ 11 2304 1280 0 0 ]
[ 15 2304 1408 0 crystal 2 1 ]
[ 15 2304 1536 0 crystal 2 1 ]
[ 16 2304 1664 0 crystal 2 0 ]
[ 14 2304 1792 0 0 ]
[ 14 2432 768 0 0 ]
[ 11 2432 896 0 0 ]
[ 11 2432 1024 0 0 ]
[ 11 2432 1152 0 0 ]
[ 11 2432 1280 0 0 ]
[ 15 2432 1408 0 crystal 3 1 ]
[ 15 2432 1536 0 crystal 3 1 ]
[ 15 2432 1664 0 crystal 3 1 ]
[ 14 2432 1792 0 0 ]
[ 14 2560 768 0 0 ]
[ 11 2560 896 0 0 ]
[ 11 2560 1024 0 0 ]
[ 11 2560 1152 0 0 ]
[ 11 2560 1280 0 0 ]
[ 15 2560 1408 0 crystal 3 1 ]
[ 16 2560 1536 0 crystal 3 0 ]
[ 15 2560 1664 0 crystal 3 1 ]
[ 14 2560 1792 0 0 ]
[ 14 1152 1024 0 0 ]
[ 14 1152 1152 0 0 ]
[ 14 1152 1280 0 0 ]
[ 14 1152 1408 0 0 ]
[ 14 1152 1536 0 0 ]
[ 14 1152 1664 0 0 ]
[ 14 1280 768 0 0 ]
[ 11 1280 896 0 0 ]
[ 11 1280 1024 0 0 ]
[ 11 1280 1152 0 0 ]
[ 14 1280 1280 0 0 ]
[ 15 1280 1408 0 crystal 0 1 ]
[ 15 1280 1536 0 crystal 0 1 ]
[ 16 1280 1664 0 crystal 0 0 ]
[ 14 1280 1792 0 0 ]
[ 14 1408 768 0 0 ]
[ 11 1408 896 0 0 ]
[ 11 1408 1024 0 0 ]
[ 11 1408 1152 0 0 ]
[ 11 1408 1280 0 2 ]
[ 15 1408 1408 0 crystal 0 1 ]
[ 16 1408 1536 0 crystal 0 0 ]
[ 15 1408 1664 0 crystal 0 1 ]
[ 14 1408 1792 0 0 ]
[ 14 1536 768 0 0 ]
[ 11 1536 896 0 0 ]
[ 11 1536 1024 0 0 ]
[ 11 1536 1152 0 0 ]
[ 11 1536 1280 0 0 ]
[ 15 1536 1408 0 crystal 0 1 ]
[ 15 1536 1536 0 crystal 0 1 ]
[ 15 1536 1664 0 crystal 0 1 ]
[ 14 1536 1792 0 0 ]
[ 14 1664 768 0 0 ]
[ 11 1664 896 0 0 ]
[ 11 1664 1024 0 0 ]
[ 11 1664 1152 0 0 ]
[ 11 1664 1280 0 0 ]
[ 16 1664 1408 0 crystal 1 0 ]
[ 16 1664 1536 0 crystal 1 0 ]
[ 16 1664 1664 0 crystal 1 0 ]
[ 14 1664 1792 0 0 ]
[ 14 1792 768 0 0 ]
[ 11 1792 896 0 0 ]
[ 11 1792 1024 0 0 ]
[ 11 1792 1152 0 0 ]
[ 11 1792 1280 0 0 ]
[ 15 1792 1408 0 crystal 1 1 ]
[ 16 1792 1536 0 crystal 1 0 ]
[ 15 1792 1664 0 crystal 1 1 ]
[ 14 1792 1792 0 0 ]
[ 14 1920 768 0 0 ]
[ 11 1920 896 0 0 ]
[ 11 1920 1024 0 0 ]
[ 11 1920 1152 0 0 ]
[ 11 1920 1280 0 0 ]
[ 15 1920 1408 0 crystal 1 1 ]
[ 16 1920 1536 0 crystal 1 0 ]
[ 15 1920 1664 0 crystal 1 1 ]
[ 14 1920 1792 0 0 ]
[ 14 2048 768 0 0 ]
[ 11 2048 896 0 0 ]
[ 11 2048 1024 0 0 ]
[ 11 2048 1152 0 0 ]
[ 11 2048 1280 0 0 ]
[ 16 2048 1408 0 crystal 2 0 ]
[ 16 2048 1536 0 crystal 2 0 ]
[ 14 2048 1792 0 0 ]
[ 14 2176 768 0 0 ]
[ 11 2176 896 0 0 ]
[ 11 2176 1024 0 0 ]
[ 11 2176 1152 0 0 ]
[ 11 2176 1280 0 0 ]
[ 15 2176 1408 0 crystal 2 1 ]
[ 15 2176 1536 0 crystal 2 1 ]
[ 16 2176 1664 0 crystal 2 0 ]
[ 14 2176 1792 0 0 ]
[ 14 2304 768 0 0 ]
[ 11 2304 896 0 0 ]
[ 11 2304 1024 0 0 ]
[ 11 2304 1152 0 0 ]
[ 11 2304 1280 0 0 ]
[ 15 2304 1408 0 crystal 2 1 ]
[ 15 2304 1536 0 crystal 2 1 ]
[ 16 2304 1664 0 crystal 2 0 ]
[ 14 2304 1792 0 0 ]
[ 14 2432 768 0 0 ]
[ 11 2432 896 0 0 ]
[ 11 2432 1024 0 0 ]
[ 11 2432 1152 0 0 ]
[ 11 2432 1280 0 0 ]
[ 15 2432 1408 0 crystal 3 1 ]
[ 15 2432 1536 0 crystal 3 1 ]
[ 15 2432 1664 0 crystal 3 1 ]
[ 14 2432 1792 0 0 ]
[ 14 2560 768 0 0 ]
[ 11 2560 896 0 0 ]
[ 11 2560 1024 0 0 ]
[ 11 2560 1152 0 0 ]
[ 11 2560 1280 0 0 ]
[ 15 2560 1408 0 crystal 3 1 ]
[ 16 2560 1536 0 crystal 3 0 ]
[ 15 2560 1664 0 crystal 3 1 ]
[ 14 2560 1792 0 0 ]
[ 14 2688 768 0 0 ]
[ 43 2688 896 180 0 ]
[ 11 2688 1024 0 0 ]
[ 11 2688 1152 0 0 ]
[ 14 2688 1280 0 0 ]
[ 16 2688 1408 0 crystal 3 0 ]
[ 16 2688 1536 0 crystal 3 0 ]
[ 43 2688 1664 180 0 ]
[ 14 2688 1792 0 0 ]
[ 14 2816 768 0 0 ]
[ 14 2816 896 0 0 ]
[ 14 2816 1024 0 0 ]
[ 14 2816 1152 0 0 ]
[ 14 2816 1280 0 0 ]
[ 14 2816 1408 0 0 ]
[ 14 2816 1536 0 0 ]
[ 14 2816 1664 0 0 ]
[ 14 2816 1792 0 0 ]
[ 14 2944 768 0 0 ]
[ 43 2944 896 0 0 ]
[ 6 2944 1024 0 0 ]
[ 6 2944 1152 0 0 ]
[ 14 2944 1280 0 0 ]
[ 15 2944 1408 0 crystal 4 1 ]
[ 15 2944 1536 0 crystal 4 1 ]
[ 43 2944 1664 0 0 ]
[ 14 2944 1792 0 0 ]
[ 14 3072 768 0 0 ]
[ 6 3072 896 0 0 ]
[ 6 3072 1024 0 0 ]
[ 6 3072 1152 0 0 ]
[ 14 3072 1280 0 0 ]
[ 11 3072 1408 0 0 ]
[ 16 3072 1536 0 crystal 4 0 ]
[ 16 3072 1664 0 crystal 4 0 ]
[ 14 3072 1792 0 0 ]
[ 14 3200 768 0 0 ]
[ 14 3200 896 0 0 ]
[ 14 3200 1024 0 0 ]
[ 14 3200 1152 0 0 ]
[ 14 3200 1408 0 0 ]
[ 14 3200 1536 0 0 ]
[ 14 3200 1664 0 0 ]
Electric
PLayer 1444.28 1116.76