Does_not_exist
Map_basic
[ 10 3200 512 0 0 ]
[ 11 3200 640 90 0 ]
[ 11 3200 768 90 0 ]
[ 11 3200 896 90 0 ]
[ 15 3200 1024 0 crystal 0 1 ]
[ 11 3200 1152 90 0 ]
[ 11 3200 1280 90 0 ]
[ 11 3200 1408 90 0 ]
[ 10 3200 1536 0 0 ]
[ 11 3328 512 0 0 ]
[ 11 3328 1536 0 0 ]
[ 3 3456 512 0 2 ]
[ 11 3456 1536 0 0 ]
[ 11 3584 512 0 0 ]
[ 11 3584 1536 0 0 ]
[ 10 3712 512 0 0 ]
[ 11 3712 640 90 0 ]
[ 11 3712 768 90 0 ]
[ 11 3712 896 90 0 ]
[ 10 3712 1024 0 0 ]
[ 10 3712 1536 0 0 ]
[ 11 3840 512 0 0 ]
[ 11 3840 1024 0 0 ]
[ 11 3840 1536 0 0 ]
[ 11 3968 512 0 0 ]
[ 11 3968 1024 0 0 ]
[ 18 3968 1280 0 2 ]
[ 11 3968 1536 0 0 ]
[ 11 4096 512 0 0 ]
[ 11 4096 1024 0 0 ]
[ 11 4096 1536 0 0 ]
[ 10 4224 512 0 0 ]
[ 11 4224 640 90 0 ]
[ 11 4224 768 90 0 ]
[ 11 4224 896 90 0 ]
[ 10 4224 1024 0 0 ]
[ 3 4224 1536 0 2 ]
[ 11 4352 512 0 0 ]
[ 11 4352 1024 0 0 ]
[ 11 4352 1536 0 0 ]
[ 3 4480 512 0 2 ]
[ 11 4480 1024 0 0 ]
[ 11 4480 1536 0 0 ]
[ 11 4608 512 0 0 ]
[ 11 4608 1024 0 0 ]
[ 11 4608 1536 0 0 ]
[ 10 4736 512 0 0 ]
[ 11 4736 640 90 0 ]
[ 11 4736 768 90 0 ]
[ 11 4736 896 90 0 ]
[ 3 4736 1024 0 2 ]
[ 10 4736 1536 0 0 ]
[ 11 4864 1024 0 0 ]
[ 11 4864 1536 0 0 ]
[ 10 4992 1024 0 0 ]
[ 11 4992 1152 90 0 ]
[ 11 4992 1280 90 0 ]
[ 11 4992 1408 90 0 ]
[ 10 4992 1536 0 0 ]
Movables
[ 3456 1280 1 ]
Map_floor
[ 14 3200 640 0 0 ]
[ 14 3200 768 0 0 ]
[ 14 3200 896 0 0 ]
[ 14 3200 1024 0 0 ]
[ 14 3200 1152 0 0 ]
[ 14 3200 1280 0 0 ]
[ 14 3200 1408 0 0 ]
[ 14 3200 1536 0 0 ]
[ 14 3328 512 0 0 ]
[ 11 3328 640 0 0 ]
[ 11 3328 768 0 0 ]
[ 11 3328 896 0 0 ]
[ 2 3328 1024 0 dmode 0 0 ]
[ 11 3328 1152 0 0 ]
[ 15 3328 1280 0 crystal 0 1 ]
[ 43 3328 1408 0 0 ]
[ 14 3328 1536 0 0 ]
[ 14 3456 512 0 0 ]
[ 11 3456 640 0 0 ]
[ 43 3456 768 90 0 ]
[ 11 3456 896 0 0 ]
[ 2 3456 1024 0 dmode 0 0 ]
[ 11 3456 1152 0 0 ]
[ 11 3456 1280 0 0 ]
[ 15 3456 1408 0 crystal 0 1 ]
[ 14 3456 1536 0 0 ]
[ 14 3584 512 0 0 ]
[ 11 3584 640 0 0 ]
[ 11 3584 768 0 0 ]
[ 11 3584 896 0 0 ]
[ 2 3584 1024 0 dmode 0 0 ]
[ 11 3584 1152 0 0 ]
[ 15 3584 1280 0 crystal 0 1 ]
[ 11 3584 1408 0 0 ]
[ 14 3584 1536 0 0 ]
[ 14 3712 512 0 0 ]
[ 14 3712 640 0 0 ]
[ 14 3712 768 0 0 ]
[ 14 3712 896 0 0 ]
[ 14 3712 1024 0 0 ]
[ 16 3712 1152 0 crystal 0 0 ]
[ 16 3712 1280 0 crystal 0 0 ]
[ 16 3712 1408 0 crystal 0 0 ]
[ 14 3712 1536 0 0 ]
[ 14 3840 512 0 0 ]
[ 19 3840 640 0 0 ]
[ 11 3840 768 0 0 ]
[ 19 3840 896 270 0 ]
[ 14 3840 1024 0 0 ]
[ 11 3840 1152 0 0 ]
[ 11 3840 1280 0 0 ]
[ 11 3840 1408 0 0 ]
[ 11 3840 768 0 0 ]
[ 14 3200 896 0 0 ]
[ 14 3200 1024 0 0 ]
[ 14 3200 1152 0 0 ]
[ 14 3200 1280 0 0 ]
[ 14 3200 1408 0 0 ]
[ 14 3200 1536 0 0 ]
[ 14 3328 512 0 0 ]
[ 11 3328 640 0 0 ]
[ 11 3328 768 0 0 ]
[ 11 3328 896 0 0 ]
[ 2 3328 1024 0 dmode 0 0 ]
[ 11 3328 1152 0 0 ]
[ 15 3328 1280 0 crystal 0 1 ]
[ 43 3328 1408 0 0 ]
[ 14 3328 1536 0 0 ]
[ 14 3456 512 0 0 ]
[ 11 3456 640 0 0 ]
[ 43 3456 768 90 0 ]
[ 11 3456 896 0 0 ]
[ 2 3456 1024 0 dmode 0 0 ]
[ 11 3456 1152 0 0 ]
[ 11 3456 1280 0 0 ]
[ 15 3456 1408 0 crystal 0 1 ]
[ 14 3456 1536 0 0 ]
[ 14 3584 512 0 0 ]
[ 11 3584 640 0 0 ]
[ 11 3584 768 0 0 ]
[ 11 3584 896 0 0 ]
[ 2 3584 1024 0 dmode 0 0 ]
[ 11 3584 1152 0 0 ]
[ 15 3584 1280 0 crystal 0 1 ]
[ 11 3584 1408 0 0 ]
[ 14 3584 1536 0 0 ]
[ 14 3712 512 0 0 ]
[ 14 3712 640 0 0 ]
[ 14 3712 768 0 0 ]
[ 14 3712 896 0 0 ]
[ 14 3712 1024 0 0 ]
[ 16 3712 1152 0 crystal 0 0 ]
[ 16 3712 1280 0 crystal 0 0 ]
[ 16 3712 1408 0 crystal 0 0 ]
[ 14 3712 1536 0 0 ]
[ 14 3840 512 0 0 ]
[ 19 3840 640 0 0 ]
[ 11 3840 768 0 0 ]
[ 19 3840 896 270 0 ]
[ 14 3840 1024 0 0 ]
[ 11 3840 1152 0 0 ]
[ 11 3840 1280 0 0 ]
[ 11 3840 1408 0 0 ]
[ 14 3840 1536 0 0 ]
[ 14 3968 512 0 0 ]
[ 43 3968 640 90 0 ]
[ 11 3968 768 0 0 ]
[ 17 3968 896 0 dmode 1 0 ]
[ 14 3968 1024 0 0 ]
[ 11 3968 1152 0 0 ]
[ 11 3968 1280 0 0 ]
[ 11 3968 1408 0 0 ]
[ 14 3968 1536 0 0 ]
[ 14 4096 512 0 0 ]
[ 11 4096 640 0 0 ]
[ 11 4096 768 0 0 ]
[ 11 4096 896 0 0 ]
[ 14 4096 1024 0 0 ]
[ 11 4096 1152 0 0 ]
[ 11 4096 1280 0 0 ]
[ 11 4096 1408 0 0 ]
[ 14 4096 1536 0 0 ]
[ 14 4224 512 0 0 ]
[ 14 4224 640 0 0 ]
[ 14 4224 768 0 0 ]
[ 14 4224 896 0 0 ]
[ 14 4224 1024 0 0 ]
[ 3 4224 1152 90 dmode 1 1 ]
[ 3 4224 1280 90 dmode 1 1 ]
[ 3 4224 1408 90 dmode 1 1 ]
[ 14 4224 1536 0 0 ]
[ 14 4352 512 0 0 ]
[ 19 4352 640 0 0 ]
[ 43 4352 768 270 0 ]
[ 19 4352 896 270 0 ]
[ 14 4352 1024 0 0 ]
[ 11 4352 1152 0 0 ]
[ 11 4352 1280 0 0 ]
[ 11 4352 1408 0 0 ]
[ 14 4352 1536 0 0 ]
[ 14 4480 512 0 0 ]
[ 11 4480 640 0 0 ]
[ 11 4480 768 0 0 ]
[ 11 4480 896 0 0 ]
[ 14 4480 1024 0 0 ]
[ 11 4480 1152 0 0 ]
[ 11 4480 1280 0 0 ]
[ 11 4480 1408 0 0 ]
[ 14 4480 1536 0 0 ]
[ 14 4608 512 0 0 ]
[ 19 4608 640 90 0 ]
[ 43 4608 768 90 0 ]
[ 19 4608 896 180 0 ]
[ 14 4608 1024 0 0 ]
[ 17 4608 1152 0 dmode 0 0 ]
[ 11 4608 1280 0 0 ]
[ 43 4608 1408 270 0 ]
[ 14 4608 1536 0 0 ]
[ 14 4736 512 0 0 ]
[ 14 4736 640 0 0 ]
[ 14 4736 768 0 0 ]
[ 14 4736 896 0 0 ]
[ 14 4736 1024 0 0 ]
[ 3 4736 1152 90 dmode 0 1 ]
[ 3 4736 1280 90 dmode 0 1 ]
[ 3 4736 1408 90 dmode 0 1 ]
[ 14 4736 1536 0 0 ]
[ 14 4864 1024 0 0 ]
[ 6 4864 1152 0 0 ]
[ 6 4864 1280 0 0 ]
[ 6 4864 1408 0 0 ]
[ 14 4864 1536 0 0 ]
[ 14 4992 1024 0 0 ]
[ 14 4992 1152 0 0 ]
[ 14 4992 1280 0 0 ]
[ 14 4992 1408 0 0 ]
[ 14 4992 1536 0 0 ]
Electric
PLayer 3413.95 981.317