Does_not_exist
Map_basic
[ 10 1408 640 0 0 ]
[ 11 1408 768 90 0 ]
[ 11 1408 896 90 0 ]
[ 11 1408 1024 90 0 ]
[ 10 1408 1152 0 0 ]
[ 11 1408 1280 90 0 ]
[ 11 1408 1408 90 0 ]
[ 11 1408 1536 90 0 ]
[ 10 1408 1664 0 0 ]
[ 11 1408 1792 90 0 ]
[ 11 1408 1920 90 0 ]
[ 11 1408 2048 90 0 ]
[ 10 1408 2176 0 0 ]
[ 11 1536 640 0 0 ]
[ 3 1536 768 0 2 ]
[ 11 1536 2176 0 0 ]
[ 11 1664 640 0 0 ]
[ 15 1664 896 0 crystal 0 1 ]
[ 3 1664 1408 0 2 ]
[ 15 1664 1920 0 crystal 2 1 ]
[ 11 1664 2176 0 0 ]
[ 11 1792 640 0 0 ]
[ 11 1792 2176 0 0 ]
[ 10 1920 640 0 0 ]
[ 30 1920 1152 0 barmode 0 ]
[ 11 1920 1280 90 0 ]
[ 11 1920 1408 90 0 ]
[ 11 1920 1536 90 0 ]
[ 30 1920 1664 0 barmode 0 ]
[ 10 1920 2176 0 0 ]
[ 11 2048 640 0 0 ]
[ 11 2048 1664 0 0 ]
[ 11 2048 2176 0 0 ]
[ 11 2176 640 0 0 ]
[ 15 2176 1408 0 crystal 1 1 ]
[ 11 2176 1664 0 0 ]
[ 3 2176 1920 0 2 ]
[ 11 2176 2176 0 0 ]
[ 11 2304 640 0 0 ]
[ 11 2304 1664 0 0 ]
[ 11 2304 2176 0 0 ]
[ 10 2432 640 0 0 ]
[ 11 2432 768 90 0 ]
[ 11 2432 896 90 0 ]
[ 11 2432 1024 90 0 ]
[ 30 2432 1152 0 barmode 0 ]
[ 2 2432 1664 0 dmode 1 0 ]
[ 10 2432 2176 0 0 ]
[ 11 2560 640 0 0 ]
[ 11 2560 2176 0 0 ]
[ 11 2688 640 0 0 ]
[ 3 2688 1408 0 2 ]
[ 11 2688 2176 0 0 ]
[ 11 2816 640 0 0 ]
[ 11 2816 2176 0 0 ]
[ 10 2944 640 0 0 ]
[ 11 2944 768 90 0 ]
[ 11 2944 896 90 0 ]
[ 11 2944 1024 90 0 ]
[ 10 2944 1152 0 0 ]
[ 11 2944 1280 90 1 ]
[ 11 2944 1408 90 1 ]
[ 11 2944 1536 90 0 ]
[ 3 2944 1664 0 2 ]
[ 11 2944 1792 90 0 ]
[ 11 2944 1920 90 0 ]
[ 11 2944 2048 90 0 ]
[ 10 2944 2176 0 0 ]
[ 11 3072 1152 0 0 ]
[ 11 3072 1664 0 0 ]
[ 10 3200 1152 0 0 ]
[ 11 3200 1280 90 0 ]
[ 3 3200 1408 0 2 ]
[ 11 3200 1536 90 0 ]
[ 10 3200 1664 0 0 ]
Movables
Map_floor
[ 2 1408 768 90 dmode 0 0 ]
[ 2 1408 896 90 dmode 0 0 ]
[ 2 1408 1024 90 dmode 0 0 ]
[ 2 1408 1280 90 dmode 0 0 ]
[ 2 1408 1408 90 dmode 0 0 ]
[ 2 1408 1536 90 dmode 0 0 ]
[ 2 1408 1792 90 dmode 0 0 ]
[ 2 1408 1920 90 dmode 0 0 ]
[ 2 1408 2048 90 dmode 0 0 ]
[ 2 1536 640 0 dmode 0 0 ]
[ 2 1536 768 0 dmode 0 0 ]
[ 11 1536 896 0 0 ]
[ 11 1536 1024 0 0 ]
[ 16 1536 1152 0 crystal 0 0 ]
[ 11 1536 1280 0 0 ]
[ 11 1536 1408 0 0 ]
[ 11 1536 1536 0 0 ]
[ 16 1536 1664 0 crystal 2 0 ]
[ 11 1536 1792 0 0 ]
[ 11 1536 1920 0 0 ]
[ 43 1536 2048 0 0 ]
[ 2 1536 2176 0 dmode 0 0 ]
[ 2 1664 640 0 dmode 0 0 ]
[ 11 1664 768 0 0 ]
[ 11 1664 1024 0 0 ]
[ 16 1664 1152 0 crystal 0 0 ]
[ 11 1664 1280 0 0 ]
[ 11 1664 1408 0 0 ]
[ 11 1664 1536 0 0 ]
[ 16 1664 1664 0 crystal 2 0 ]
[ 11 1664 1792 0 0 ]
[ 11 1664 1920 0 0 ]
[ 11 1664 2048 0 0 ]
[ 2 1664 2176 0 dmode 0 0 ]
[ 2 1792 640 0 dmode 0 0 ]
[ 11 1792 768 0 0 ]
[ 11 1792 896 0 0 ]
[ 11 1792 1024 0 0 ]
[ 16 1792 1152 0 crystal 0 0 ]
[ 11 1792 1280 0 0 ]
[ 11 1792 1408 0 0 ]
[ 11 1792 1536 0 0 ]
[ 16 1792 1664 0 crystal 2 0 ]
[ 11 1792 1792 0 0 ]
[ 11 1792 1920 0 0 ]
[ 11 1792 2048 0 0 ]
[ 2 1792 2176 0 dmode 0 0 ]
[ 41 1920 768 0 barmode 0 1 ]
[ 41 1920 896 0 barmode 0 1 ]
[ 41 1920 1024 0 barmode 0 1 ]
[ 30 1920 1152 0 0 ]
[ 2 1920 1280 90 dmode 0 0 ]
[ 2 1920 1408 90 dmode 0 0 ]
[ 2 1920 1536 90 dmode 0 0 ]
[ 30 1920 1664 0 0 ]
[ 41 1920 1792 0 barmode 0 1 ]
[ 41 1920 1920 0 barmode 0 1 ]
[ 41 1920 2048 0 barmode 0 1 ]
[ 2 2048 640 0 dmode 0 0 ]
[ 11 2048 768 0 0 ]
[ 11 2048 896 0 0 ]
[ 11 2048 1024 0 0 ]
[ 11 1536 1408 0 0 ]
[ 2 1408 896 90 dmode 0 0 ]
[ 2 1408 1024 90 dmode 0 0 ]
[ 2 1408 1280 90 dmode 0 0 ]
[ 2 1408 1408 90 dmode 0 0 ]
[ 2 1408 1536 90 dmode 0 0 ]
[ 2 1408 1792 90 dmode 0 0 ]
[ 2 1408 1920 90 dmode 0 0 ]
[ 2 1408 2048 90 dmode 0 0 ]
[ 2 1536 640 0 dmode 0 0 ]
[ 2 1536 768 0 dmode 0 0 ]
[ 11 1536 896 0 0 ]
[ 11 1536 1024 0 0 ]
[ 16 1536 1152 0 crystal 0 0 ]
[ 11 1536 1280 0 0 ]
[ 11 1536 1408 0 0 ]
[ 11 1536 1536 0 0 ]
[ 16 1536 1664 0 crystal 2 0 ]
[ 11 1536 1792 0 0 ]
[ 11 1536 1920 0 0 ]
[ 43 1536 2048 0 0 ]
[ 2 1536 2176 0 dmode 0 0 ]
[ 2 1664 640 0 dmode 0 0 ]
[ 11 1664 768 0 0 ]
[ 11 1664 1024 0 0 ]
[ 16 1664 1152 0 crystal 0 0 ]
[ 11 1664 1280 0 0 ]
[ 11 1664 1408 0 0 ]
[ 11 1664 1536 0 0 ]
[ 16 1664 1664 0 crystal 2 0 ]
[ 11 1664 1792 0 0 ]
[ 11 1664 1920 0 0 ]
[ 11 1664 2048 0 0 ]
[ 2 1664 2176 0 dmode 0 0 ]
[ 2 1792 640 0 dmode 0 0 ]
[ 11 1792 768 0 0 ]
[ 11 1792 896 0 0 ]
[ 11 1792 1024 0 0 ]
[ 16 1792 1152 0 crystal 0 0 ]
[ 11 1792 1280 0 0 ]
[ 11 1792 1408 0 0 ]
[ 11 1792 1536 0 0 ]
[ 16 1792 1664 0 crystal 2 0 ]
[ 11 1792 1792 0 0 ]
[ 11 1792 1920 0 0 ]
[ 11 1792 2048 0 0 ]
[ 2 1792 2176 0 dmode 0 0 ]
[ 41 1920 768 0 barmode 0 1 ]
[ 41 1920 896 0 barmode 0 1 ]
[ 41 1920 1024 0 barmode 0 1 ]
[ 30 1920 1152 0 0 ]
[ 2 1920 1280 90 dmode 0 0 ]
[ 2 1920 1408 90 dmode 0 0 ]
[ 2 1920 1536 90 dmode 0 0 ]
[ 30 1920 1664 0 0 ]
[ 41 1920 1792 0 barmode 0 1 ]
[ 41 1920 1920 0 barmode 0 1 ]
[ 41 1920 2048 0 barmode 0 1 ]
[ 2 2048 640 0 dmode 0 0 ]
[ 11 2048 768 0 0 ]
[ 11 2048 896 0 0 ]
[ 11 2048 1024 0 0 ]
[ 15 2048 1152 0 crystal 0 1 ]
[ 11 2048 1280 0 0 ]
[ 11 2048 1408 0 0 ]
[ 11 2048 1536 0 0 ]
[ 2 2048 1664 0 dmode 0 0 ]
[ 11 2048 1792 0 0 ]
[ 11 2048 1920 0 0 ]
[ 11 2048 2048 0 0 ]
[ 2 2048 2176 0 dmode 0 0 ]
[ 2 2176 640 0 dmode 0 0 ]
[ 11 2176 768 0 0 ]
[ 11 2176 896 0 0 ]
[ 11 2176 1024 0 0 ]
[ 15 2176 1152 0 crystal 0 1 ]
[ 11 2176 1280 0 0 ]
[ 11 2176 1536 0 0 ]
[ 2 2176 1664 0 dmode 0 0 ]
[ 11 2176 1792 0 0 ]
[ 11 2176 1920 0 0 ]
[ 11 2176 2048 0 0 ]
[ 2 2176 2176 0 dmode 0 0 ]
[ 2 2304 640 0 dmode 0 0 ]
[ 43 2304 768 0 0 ]
[ 11 2304 896 0 0 ]
[ 11 2304 1024 0 0 ]
[ 15 2304 1152 0 crystal 0 1 ]
[ 11 2304 1280 0 0 ]
[ 11 2304 1408 0 0 ]
[ 11 2304 1536 0 0 ]
[ 2 2304 1664 0 dmode 0 0 ]
[ 11 2304 1792 0 0 ]
[ 11 2304 1920 0 0 ]
[ 11 2304 2048 0 0 ]
[ 2 2304 2176 0 dmode 0 0 ]
[ 2 2432 768 90 dmode 0 0 ]
[ 2 2432 896 90 dmode 0 0 ]
[ 2 2432 1024 90 dmode 0 0 ]
[ 30 2432 1152 0 0 ]
[ 40 2432 1280 0 barmode 0 0 ]
[ 40 2432 1408 0 barmode 0 0 ]
[ 40 2432 1536 0 barmode 0 0 ]
[ 15 2432 1792 0 crystal 2 1 ]
[ 15 2432 1920 0 crystal 2 1 ]
[ 15 2432 2048 0 crystal 2 1 ]
[ 2 2560 640 0 dmode 0 0 ]
[ 11 2560 768 0 0 ]
[ 11 2560 896 0 0 ]
[ 11 2560 1024 0 0 ]
[ 15 2560 1152 0 crystal 1 1 ]
[ 11 2560 1280 0 0 ]
[ 11 2560 1408 0 0 ]
[ 11 2560 1536 0 0 ]
[ 16 2560 1664 0 crystal 1 0 ]
[ 11 2560 1792 0 0 ]
[ 11 2560 1920 0 0 ]
[ 11 2560 2048 0 0 ]
[ 2 2560 2176 0 dmode 0 0 ]
[ 2 2688 640 0 dmode 0 0 ]
[ 11 2688 768 0 0 ]
[ 11 2688 896 0 0 ]
[ 11 2688 1024 0 0 ]
[ 15 2688 1152 0 crystal 1 1 ]
[ 11 2688 1280 0 0 ]
[ 11 2688 1408 0 0 ]
[ 11 2688 1536 0 0 ]
[ 16 2688 1664 0 crystal 1 0 ]
[ 11 2688 1792 0 0 ]
[ 11 2688 1920 0 0 ]
[ 11 2688 2048 0 0 ]
[ 2 2688 2176 0 dmode 0 0 ]
[ 2 2816 640 0 dmode 0 0 ]
[ 43 2816 768 0 0 ]
[ 11 2816 896 0 0 ]
[ 11 2816 1024 0 0 ]
[ 15 2816 1152 0 crystal 1 1 ]
[ 11 2816 1280 0 0 ]
[ 11 2816 1408 0 0 ]
[ 11 2816 1536 0 0 ]
[ 16 2816 1664 0 crystal 1 0 ]
[ 11 2816 1792 0 0 ]
[ 11 2816 1920 0 0 ]
[ 43 2816 2048 0 0 ]
[ 2 2816 2176 0 dmode 0 0 ]
[ 2 2944 768 90 dmode 0 0 ]
[ 2 2944 896 90 dmode 0 0 ]
[ 2 2944 1024 90 dmode 0 0 ]
[ 2 2944 1280 90 dmode 1 0 ]
[ 2 2944 1408 90 dmode 1 0 ]
[ 2 2944 1536 90 dmode 1 0 ]
[ 2 2944 1792 90 dmode 0 0 ]
[ 2 2944 1920 90 dmode 0 0 ]
[ 2 2944 2048 90 dmode 0 0 ]
[ 4 3072 1152 90 0 ]
[ 6 3072 1280 0 0 ]
[ 6 3072 1408 0 0 ]
[ 6 3072 1536 0 0 ]
[ 4 3072 1664 90 0 ]
[ 4 3200 1280 0 0 ]
[ 4 3200 1536 0 0 ]
Electric
PLayer 2220.97 1000.1