Does_not_exist
Map_basic
[ 10 640 640 0 0 ]
[ 11 640 768 90 0 ]
[ 11 640 896 90 0 ]
[ 11 640 1024 90 0 ]
[ 11 640 1152 90 0 ]
[ 11 640 1280 90 0 ]
[ 11 640 1408 90 0 ]
[ 11 640 1536 90 0 ]
[ 10 640 1664 0 0 ]
[ 11 768 640 0 0 ]
[ 11 768 1664 0 0 ]
[ 11 896 640 0 0 ]
[ 3 896 1664 0 2 ]
[ 11 1024 640 0 0 ]
[ 11 1024 1664 0 0 ]
[ 11 1152 640 0 0 ]
[ 3 1152 1280 0 2 ]
[ 11 1152 1664 0 0 ]
[ 11 1280 640 0 0 ]
[ 11 1280 1664 0 0 ]
[ 11 1408 640 0 0 ]
[ 3 1408 1024 0 2 ]
[ 11 1408 1664 0 0 ]
[ 11 1536 640 0 0 ]
[ 11 1536 1664 0 0 ]
[ 10 1664 640 0 0 ]
[ 11 1664 768 90 0 ]
[ 15 1664 896 0 crystal 0 1 ]
[ 11 1664 1024 90 0 ]
[ 15 1664 1152 0 crystal 1 1 ]
[ 11 1664 1280 90 0 ]
[ 15 1664 1408 0 crystal 2 1 ]
[ 11 1664 1536 90 0 ]
[ 10 1664 1664 0 0 ]
[ 11 1792 640 0 0 ]
[ 11 1792 1664 0 0 ]
[ 11 1920 640 0 0 ]
[ 11 1920 1664 0 0 ]
[ 11 2048 640 0 0 ]
[ 10 2048 1408 0 0 ]
[ 11 2048 1664 0 0 ]
[ 11 2176 640 0 0 ]
[ 3 2176 1024 0 2 ]
[ 11 2176 1664 0 0 ]
[ 11 2304 640 0 0 ]
[ 11 2304 1664 0 0 ]
[ 11 2432 640 0 0 ]
[ 11 2432 1664 0 0 ]
[ 11 2560 640 0 0 ]
[ 11 2560 1664 0 0 ]
[ 10 2688 640 0 0 ]
[ 11 2688 768 90 0 ]
[ 3 2688 896 0 2 ]
[ 11 2688 1024 90 0 ]
[ 3 2688 1152 0 2 ]
[ 11 2688 1280 90 0 ]
[ 11 2688 1408 90 0 ]
[ 11 2688 1536 90 0 ]
[ 10 2688 1664 0 0 ]
Movables
[ 768 896 1 ]
[ 896 1024 1 ]
[ 896 1280 1 ]
[ 1024 896 1 ]
[ 1024 1408 1 ]
[ 1152 768 1 ]
[ 1280 1152 1 ]
[ 1280 1408 1 ]
[ 1408 1280 1 ]
[ 1408 1536 1 ]
[ 1792 1152 1 ]
[ 1920 1024 1 ]
[ 1920 1280 1 ]
[ 2048 896 1 ]
[ 2176 1536 1 ]
[ 2304 896 1 ]
[ 2304 1152 1 ]
[ 2304 1408 1 ]
[ 2432 1280 1 ]
[ 2560 896 1 ]
Map_floor
[ 21 640 640 0 0 ]
[ 21 640 768 0 0 ]
[ 21 640 896 0 0 ]
[ 21 640 1024 0 0 ]
[ 21 640 1152 0 0 ]
[ 21 640 1280 0 0 ]
[ 21 640 1408 0 0 ]
[ 21 640 1536 0 0 ]
[ 21 640 1664 0 0 ]
[ 21 768 640 0 0 ]
[ 43 768 768 0 0 ]
[ 14 768 896 0 0 ]
[ 16 768 1024 0 crystal 0 0 ]
[ 14 768 1152 0 0 ]
[ 16 768 1280 0 crystal 0 0 ]
[ 14 768 1408 0 0 ]
[ 43 768 1536 0 0 ]
[ 21 768 1664 0 0 ]
[ 21 896 640 0 0 ]
[ 14 896 768 0 0 ]
[ 15 896 896 0 crystal 2 1 ]
[ 14 896 1024 0 0 ]
[ 15 896 1152 0 crystal 1 1 ]
[ 14 896 1280 0 0 ]
[ 16 896 1408 0 crystal 0 0 ]
[ 14 896 1536 0 0 ]
[ 21 896 1664 0 0 ]
[ 21 1024 640 0 0 ]
[ 15 1024 768 0 crystal 2 1 ]
[ 14 1024 896 0 0 ]
[ 15 1024 1024 0 crystal 0 1 ]
[ 14 1024 1152 0 0 ]
[ 15 1024 1280 0 crystal 0 1 ]
[ 14 1024 1408 0 0 ]
[ 16 1024 1536 0 crystal 0 0 ]
[ 21 1024 1664 0 0 ]
[ 21 1152 640 0 0 ]
[ 14 1152 768 0 0 ]
[ 16 1152 896 0 crystal 0 0 ]
[ 14 1152 1024 0 0 ]
[ 16 1152 1152 0 crystal 1 0 ]
[ 14 1152 1280 0 0 ]
[ 16 1152 1408 0 crystal 0 0 ]
[ 14 1152 1536 0 0 ]
[ 21 1152 1664 0 0 ]
[ 21 1280 640 0 0 ]
[ 16 1280 768 0 crystal 0 0 ]
[ 14 1280 896 0 0 ]
[ 16 1280 1024 0 crystal 0 0 ]
[ 14 1280 1152 0 0 ]
[ 16 1280 1280 0 crystal 0 0 ]
[ 14 1280 1408 0 0 ]
[ 15 1280 1536 0 crystal 2 1 ]
[ 21 1280 1664 0 0 ]
[ 21 1408 640 0 0 ]
[ 14 1408 768 0 0 ]
[ 16 1408 896 0 crystal 0 0 ]
[ 14 1408 1024 0 0 ]
[ 15 1408 1152 0 crystal 1 1 ]
[ 14 1408 1280 0 0 ]
[ 16 1408 1408 0 crystal 0 0 ]
[ 14 1408 1536 0 0 ]
[ 21 1408 1664 0 0 ]
[ 21 1536 640 0 0 ]
[ 43 1536 768 180 0 ]
[ 14 1536 896 0 0 ]
[ 16 1536 1024 0 crystal 0 0 ]
[ 14 1536 1152 0 0 ]
[ 16 1536 1280 0 crystal 0 0 ]
[ 14 1536 1408 0 0 ]
[ 43 1536 1536 180 0 ]
[ 21 1536 1664 0 0 ]
[ 21 1664 640 0 0 ]
[ 21 1664 768 0 0 ]
[ 21 1664 896 0 0 ]
[ 21 1664 1024 0 0 ]
[ 21 1664 1152 0 0 ]
[ 21 1664 1280 0 0 ]
[ 21 1664 1408 0 0 ]
[ 21 1664 1536 0 0 ]
[ 21 1664 1664 0 0 ]
[ 21 1792 640 0 0 ]
[ 43 1792 768 0 0 ]
[ 14 1792 896 0 0 ]
[ 16 1792 1024 0 crystal 0 0 ]
[ 14 1792 1152 0 0 ]
[ 16 1792 1280 0 crystal 1 0 ]
[ 14 1792 1408 0 0 ]
[ 43 1792 1536 0 0 ]
[ 21 1792 1664 0 0 ]
[ 21 1920 640 0 0 ]
[ 14 1920 768 0 0 ]
[ 16 1920 896 0 crystal 0 0 ]
[ 14 1920 1024 0 0 ]
[ 16 1920 1152 0 crystal 1 0 ]
[ 14 1920 1280 0 0 ]
[ 15 1920 1408 0 crystal 1 1 ]
[ 14 1920 1536 0 0 ]
[ 21 1920 1664 0 0 ]
[ 21 2048 640 0 0 ]
[ 15 2048 768 0 crystal 0 1 ]
[ 14 2048 896 0 0 ]
[ 15 2048 1024 0 crystal 0 1 ]
[ 14 2048 1152 0 0 ]
[ 15 2048 1280 0 crystal 1 1 ]
[ 14 2048 1408 0 0 ]
[ 16 2048 1536 0 crystal 2 0 ]
[ 21 2048 1664 0 0 ]
[ 21 2176 640 0 0 ]
[ 14 2176 768 0 0 ]
[ 16 2176 896 0 crystal 0 0 ]
[ 14 2176 1024 0 0 ]
[ 16 2176 1152 0 crystal 1 0 ]
[ 14 2176 1280 0 0 ]
[ 16 2176 1408 0 crystal 0 0 ]
[ 14 2176 1536 0 0 ]
[ 21 2176 1664 0 0 ]
[ 21 2304 640 0 0 ]
[ 15 2304 768 0 crystal 0 1 ]
[ 14 2304 896 0 0 ]
[ 16 2304 1024 0 crystal 0 0 ]
[ 14 2304 1152 0 0 ]
[ 16 2304 1280 0 crystal 0 0 ]
[ 14 2304 1408 0 0 ]
[ 16 2304 1536 0 crystal 2 0 ]
[ 21 2304 1664 0 0 ]
[ 21 2432 640 0 0 ]
[ 6 2432 768 0 0 ]
[ 15 2432 896 0 crystal 0 1 ]
[ 14 2432 1024 0 0 ]
[ 15 2432 1152 0 crystal 1 1 ]
[ 14 2432 1280 0 0 ]
[ 15 2432 1408 0 crystal 0 1 ]
[ 14 2432 1536 0 0 ]
[ 21 2432 1664 0 0 ]
[ 21 2560 640 0 0 ]
[ 43 2560 768 180 0 ]
[ 6 2560 896 0 0 ]
[ 15 2560 1024 0 crystal 0 1 ]
[ 14 2560 1152 0 0 ]
[ 16 2560 1280 0 crystal 0 0 ]
[ 14 2560 1408 0 0 ]
[ 43 2560 1536 180 0 ]
[ 21 2560 1664 0 0 ]
[ 21 2688 640 0 0 ]
[ 21 2688 768 0 0 ]
[ 21 2688 896 0 0 ]
[ 21 2688 1024 0 0 ]
[ 21 2688 1152 0 0 ]
[ 21 2688 1280 0 0 ]
[ 21 2688 1408 0 0 ]
[ 21 2688 1536 0 0 ]
[ 21 2688 1664 0 0 ]
Electric
PLayer 1153.78 1220.06