Does_not_exist
Map_basic
[ 10 1024 256 0 0 ]
[ 11 1024 384 90 0 ]
[ 11 1024 512 90 0 ]
[ 11 1024 640 90 0 ]
[ 11 1024 768 90 0 ]
[ 11 1024 896 90 0 ]
[ 11 1024 1024 90 0 ]
[ 11 1024 1152 90 0 ]
[ 11 1024 1280 90 0 ]
[ 10 1024 1408 0 0 ]
[ 11 1152 256 0 0 ]
[ 11 1152 1408 0 0 ]
[ 15 1280 256 0 crystal 0 1 ]
[ 3 1280 1408 0 2 ]
[ 11 1408 256 0 0 ]
[ 11 1408 1408 0 0 ]
[ 11 1536 256 0 0 ]
[ 11 1536 1408 0 0 ]
[ 15 1664 256 0 crystal 1 1 ]
[ 3 1664 1408 0 2 ]
[ 11 1792 256 0 0 ]
[ 11 1792 1408 0 0 ]
[ 11 1920 256 0 0 ]
[ 11 1920 1408 0 0 ]
[ 15 2048 256 0 crystal 2 1 ]
[ 11 2048 1408 0 0 ]
[ 11 2176 256 0 0 ]
[ 3 2176 1408 0 2 ]
[ 11 2304 256 0 0 ]
[ 11 2304 1408 0 0 ]
[ 15 2432 256 0 crystal 3 1 ]
[ 11 2432 1408 0 0 ]
[ 11 2560 256 0 0 ]
[ 3 2560 1024 0 2 ]
[ 3 2560 1408 0 2 ]
[ 11 2688 256 0 0 ]
[ 11 2688 1408 0 0 ]
[ 15 2816 256 0 crystal 4 1 ]
[ 11 2816 1408 0 0 ]
[ 11 2944 256 0 0 ]
[ 11 2944 1408 0 0 ]
[ 10 3072 256 0 0 ]
[ 11 3072 384 90 0 ]
[ 11 3072 512 90 0 ]
[ 11 3072 640 90 0 ]
[ 11 3072 768 90 0 ]
[ 11 3072 896 90 0 ]
[ 11 3072 1024 90 0 ]
[ 3 3072 1152 0 2 ]
[ 11 3072 1280 90 0 ]
[ 10 3072 1408 0 0 ]
Movables
Map_floor
[ 14 1024 384 0 0 ]
[ 14 1024 512 0 0 ]
[ 14 1024 640 0 0 ]
[ 14 1024 768 0 0 ]
[ 14 1024 896 0 0 ]
[ 14 1024 1024 0 0 ]
[ 14 1024 1152 0 0 ]
[ 14 1024 1280 0 0 ]
[ 14 1024 1408 0 0 ]
[ 14 1152 256 0 0 ]
[ 21 1152 384 0 0 ]
[ 21 1152 512 0 0 ]
[ 21 1152 640 0 0 ]
[ 15 1152 768 0 crystal 0 1 ]
[ 15 1152 896 0 crystal 0 1 ]
[ 15 1152 1024 0 crystal 0 1 ]
[ 15 1152 1152 0 crystal 0 1 ]
[ 15 1152 1280 0 crystal 0 1 ]
[ 14 1152 1408 0 0 ]
[ 14 1280 256 0 0 ]
[ 21 1280 384 0 0 ]
[ 21 1280 512 0 0 ]
[ 21 1280 640 0 0 ]
[ 16 1280 768 0 crystal 0 0 ]
[ 16 1280 896 0 crystal 0 0 ]
[ 16 1280 1024 0 crystal 0 0 ]
[ 16 1280 1152 0 crystal 0 0 ]
[ 15 1280 1280 0 crystal 0 1 ]
[ 14 1280 1408 0 0 ]
[ 14 1408 256 0 0 ]
[ 21 1408 384 0 0 ]
[ 21 1408 512 0 0 ]
[ 21 1408 640 0 0 ]
[ 16 1408 768 0 crystal 0 0 ]
[ 15 1408 896 0 crystal 0 1 ]
[ 15 1408 1024 0 crystal 0 1 ]
[ 16 1408 1152 0 crystal 0 0 ]
[ 15 1408 1280 0 crystal 0 1 ]
[ 14 1408 1408 0 0 ]
[ 14 1536 256 0 0 ]
[ 21 1536 384 0 0 ]
[ 21 1536 512 0 0 ]
[ 21 1536 640 0 0 ]
[ 16 1536 768 0 crystal 1 0 ]
[ 15 1536 896 0 crystal 1 1 ]
[ 15 1536 1024 0 crystal 1 1 ]
[ 16 1536 1152 0 crystal 1 0 ]
[ 15 1536 1280 0 crystal 1 1 ]
[ 14 1536 1408 0 0 ]
[ 14 1664 256 0 0 ]
[ 21 1664 384 0 0 ]
[ 21 1664 512 0 0 ]
[ 21 1664 640 0 0 ]
[ 16 1664 768 0 crystal 1 0 ]
[ 15 1664 896 0 crystal 1 1 ]
[ 15 1664 1024 0 crystal 1 1 ]
[ 16 1664 1152 0 crystal 1 0 ]
[ 15 1664 1280 0 crystal 1 1 ]
[ 14 1664 1408 0 0 ]
[ 14 1792 256 0 0 ]
[ 21 1792 384 0 0 ]
[ 21 1792 512 0 0 ]
[ 21 1792 640 0 0 ]
[ 15 1792 768 0 crystal 1 1 ]
[ 15 1792 896 0 crystal 1 1 ]
[ 15 1792 1024 0 crystal 1 1 ]
[ 15 1792 1152 0 crystal 1 1 ]
[ 15 1792 1280 0 crystal 1 1 ]
[ 14 1792 1408 0 0 ]
[ 14 1920 256 0 0 ]
[ 21 1920 384 0 0 ]
[ 21 1920 512 0 0 ]
[ 21 1920 640 0 0 ]
[ 15 1920 768 0 crystal 2 1 ]
[ 16 1920 896 0 crystal 2 0 ]
[ 15 1920 1024 0 crystal 2 1 ]
[ 15 1920 1152 0 crystal 2 1 ]
[ 15 1920 1280 0 crystal 2 1 ]
[ 14 1920 1408 0 0 ]
[ 14 2048 256 0 0 ]
[ 21 2048 384 0 0 ]
[ 21 2048 512 0 0 ]
[ 21 2048 640 0 0 ]
[ 15 2048 768 0 crystal 2 1 ]
[ 16 2048 896 0 crystal 2 0 ]
[ 16 2048 1024 0 crystal 2 0 ]
[ 16 2048 1152 0 crystal 2 0 ]
[ 15 2048 1280 0 crystal 2 1 ]
[ 14 2048 1408 0 0 ]
[ 14 2176 256 0 0 ]
[ 21 2176 384 0 0 ]
[ 21 2176 512 0 0 ]
[ 21 2176 640 0 0 ]
[ 15 2176 768 0 crystal 2 1 ]
[ 15 2176 896 0 crystal 2 1 ]
[ 16 2176 1024 0 crystal 2 0 ]
[ 15 2176 1152 0 crystal 2 1 ]
[ 15 2176 1280 0 crystal 2 1 ]
[ 14 2176 1408 0 0 ]
[ 14 2304 256 0 0 ]
[ 21 2304 384 0 0 ]
[ 21 2304 512 0 0 ]
[ 21 2304 640 0 0 ]
[ 15 2304 768 0 crystal 3 1 ]
[ 15 2304 896 0 crystal 3 1 ]
[ 16 2304 1024 0 crystal 3 0 ]
[ 15 2304 1152 0 crystal 3 1 ]
[ 15 2304 1280 0 crystal 3 1 ]
[ 14 2304 1408 0 0 ]
[ 14 2432 256 0 0 ]
[ 21 2432 384 0 0 ]
[ 21 2432 512 0 0 ]
[ 21 2432 640 0 0 ]
[ 16 2432 768 0 crystal 3 0 ]
[ 16 2432 896 0 crystal 3 0 ]
[ 15 2432 1024 0 crystal 3 1 ]
[ 16 2432 1152 0 crystal 3 0 ]
[ 15 2432 1280 0 crystal 3 1 ]
[ 14 2432 1408 0 0 ]
[ 14 2560 256 0 0 ]
[ 21 2560 384 0 0 ]
[ 21 2560 512 0 0 ]
[ 21 2560 640 0 0 ]
[ 15 2560 768 0 crystal 3 1 ]
[ 15 2560 896 0 crystal 3 1 ]
[ 16 2560 1152 0 crystal 3 0 ]
[ 15 2560 1280 0 crystal 3 1 ]
[ 14 2560 1408 0 0 ]
[ 14 2688 256 0 0 ]
[ 21 2688 384 0 0 ]
[ 21 2688 512 0 0 ]
[ 21 2688 640 0 0 ]
[ 15 2688 768 0 crystal 4 1 ]
[ 16 2688 896 0 crystal 4 0 ]
[ 16 2688 1024 0 crystal 4 0 ]
[ 16 2688 1152 0 crystal 4 0 ]
[ 15 2688 1280 0 crystal 4 1 ]
[ 14 2688 1408 0 0 ]
[ 14 2816 256 0 0 ]
[ 21 2816 384 0 0 ]
[ 21 2816 512 0 0 ]
[ 21 2816 640 0 0 ]
[ 15 2816 768 0 crystal 4 1 ]
[ 15 2816 896 0 crystal 4 1 ]
[ 16 2816 1024 0 crystal 4 0 ]
[ 16 2816 1152 0 crystal 4 0 ]
Electric
PLayer 1293.48 559.707