Does_not_exist
Map_basic
[ 10 1024 384 0 0 ]
[ 11 1024 512 90 0 ]
[ 3 1024 640 0 2 ]
[ 11 1024 768 90 0 ]
[ 15 1024 896 0 crystal 0 1 ]
[ 11 1024 1024 90 0 ]
[ 3 1024 1152 0 2 ]
[ 11 1024 1280 90 0 ]
[ 10 1024 1408 0 0 ]
[ 11 1152 384 0 0 ]
[ 11 1152 1408 0 0 ]
[ 3 1280 384 0 2 ]
[ 30 1280 640 0 barmode 0 ]
[ 3 1280 1408 0 2 ]
[ 11 1408 384 0 0 ]
[ 6 1408 1280 0 2 ]
[ 11 1408 1408 0 0 ]
[ 15 1536 384 0 crystal 1 1 ]
[ 15 1536 1408 0 crystal 2 1 ]
[ 11 1664 384 0 0 ]
[ 11 1664 1408 0 0 ]
[ 3 1792 384 0 2 ]
[ 3 1792 1408 0 2 ]
[ 11 1920 384 0 0 ]
[ 11 1920 1408 0 0 ]
[ 10 2048 384 0 0 ]
[ 11 2048 512 270 0 ]
[ 3 2048 640 0 2 ]
[ 11 2048 768 270 0 ]
[ 15 2048 896 0 crystal 1 1 ]
[ 11 2048 1024 270 0 ]
[ 3 2048 1152 0 2 ]
[ 11 2048 1280 270 0 ]
[ 10 2048 1408 0 0 ]
Movables
[ 1152 1024.75 1 ]
[ 1280 895.25 1 ]
[ 1280 1152.75 1 ]
[ 1408 767.25 1 ]
[ 1536 639.25 1 ]
[ 1536 1152.75 1 ]
[ 1664 511.25 1 ]
[ 1664.75 1024.75 1 ]
[ 1664 1280.75 1 ]
[ 1792 639.25 1 ]
[ 1792 895.25 1 ]
[ 1792 1152.75 1 ]
[ 1920 767.25 1 ]
[ 1920 1024.75 1 ]
Map_floor
[ 14 1024 384 0 0 ]
[ 14 1024 512 0 0 ]
[ 14 1024 640 0 0 ]
[ 14 1024 768 0 0 ]
[ 14 1024 896 0 0 ]
[ 14 1024 1024 0 0 ]
[ 14 1024 1152 0 0 ]
[ 14 1024 1280 0 0 ]
[ 14 1024 1408 0 0 ]
[ 14 1152 384 0 0 ]
[ 43 1152 512 0 0 ]
[ 21 1152 640 0 0 ]
[ 21 1152 768 0 0 ]
[ 15 1152 896 0 crystal 1 1 ]
[ 21 1152 1024 0 0 ]
[ 21 1152 1152 0 0 ]
[ 21 1152 1280 0 0 ]
[ 14 1152 1408 0 0 ]
[ 14 1280 384 0 0 ]
[ 21 1280 512 0 0 ]
[ 30 1280 640 0 0 ]
[ 21 1280 640 0 0 ]
[ 15 1280 768 0 crystal 0 1 ]
[ 21 1280 896 0 0 ]
[ 15 1280 1024 0 crystal 1 1 ]
[ 21 1280 1152 0 0 ]
[ 21 1280 1280 0 0 ]
[ 14 1280 1408 0 0 ]
[ 14 1408 384 0 0 ]
[ 21 1408 512 0 0 ]
[ 16 1408 640 0 crystal 0 0 ]
[ 21 1408 768 0 0 ]
[ 21 1408 896 0 0 ]
[ 21 1408 1024 0 0 ]
[ 16 1408 1152 0 crystal 1 0 ]
[ 21 1408 1280 0 0 ]
[ 14 1408 1408 0 0 ]
[ 14 1536 384 0 0 ]
[ 15 1536 512 0 crystal 0 1 ]
[ 21 1536 640 0 0 ]
[ 21 1536 768 0 0 ]
[ 21 1536 896 0 0 ]
[ 21 1536 1024 0 0 ]
[ 21 1536 1152 0 0 ]
[ 16 1536 1280 0 crystal 1 0 ]
[ 14 1536 1408 0 0 ]
[ 14 1664 384 0 0 ]
[ 21 1664 512 0 0 ]
[ 15 1664 640 0 crystal 0 1 ]
[ 21 1664 768 0 0 ]
[ 21 1664 896 0 0 ]
[ 21 1664 1024 0 0 ]
[ 15 1664 1152 0 crystal 2 1 ]
[ 21 1664 1280 0 0 ]
[ 14 1664 1408 0 0 ]
[ 14 1792 384 0 0 ]
[ 41 1792 512 0 barmode 0 1 ]
[ 21 1792 640 0 0 ]
[ 15 1792 768 0 crystal 2 1 ]
[ 21 1792 896 0 0 ]
[ 15 1792 1024 0 crystal 2 1 ]
[ 21 1792 1152 0 0 ]
[ 40 1792 1280 0 barmode 0 0 ]
[ 14 1792 1408 0 0 ]
[ 14 1920 384 0 0 ]
[ 6 1920 512 0 0 ]
[ 41 1920 640 0 barmode 0 1 ]
[ 21 1920 768 0 0 ]
[ 15 1920 896 0 crystal 2 1 ]
[ 21 1920 1024 0 0 ]
[ 40 1920 1152 0 barmode 0 0 ]
[ 43 1920 1280 180 0 ]
[ 14 1920 1408 0 0 ]
[ 14 2048 384 0 0 ]
[ 14 2048 512 0 0 ]
[ 14 2048 640 0 0 ]
[ 14 2048 768 0 0 ]
[ 14 2048 896 0 0 ]
[ 14 2048 1024 0 0 ]
[ 14 2048 1152 0 0 ]
[ 14 2048 1280 0 0 ]
[ 14 2048 1408 0 0 ]
Electric
PLayer 1574.23 983.7