Does_not_exist
Map_basic
[ 10 0 0 0 0 ]
[ 11 0 128 90 0 ]
[ 15 0 256 0 crystal 0 1 ]
[ 11 0 384 90 0 ]
[ 10 0 512 0 0 ]
[ 11 0 640 90 0 ]
[ 11 0 768 90 0 ]
[ 11 0 896 90 0 ]
[ 10 0 1024 0 0 ]
[ 1 0 2560 270 3 ]
[ 29 0 2688 0 0 ]
[ 29 0 2816 0 0 ]
[ 29 0 2944 0 0 ]
[ 1 0 3072 0 0 ]
[ 11 128 0 0 0 ]
[ 11 128 1024 0 0 ]
[ 7 128 2560 0 0 ]
[ 7 128 3072 0 0 ]
[ 15 256 0 0 crystal 1 1 ]
[ 11 256 1024 0 0 ]
[ 7 256 2560 0 0 ]
[ 7 256 3072 0 0 ]
[ 11 384 0 0 0 ]
[ 11 384 1024 0 0 ]
[ 7 384 2560 0 0 ]
[ 7 384 3072 0 0 ]
[ 10 512 0 0 0 ]
[ 10 512 512 0 0 ]
[ 10 512 1024 0 0 ]
[ 7 512 1152 90 0 ]
[ 7 512 1280 90 0 ]
[ 7 512 1408 90 0 ]
[ 1 512 1536 90 0 ]
[ 7 512 1664 90 0 ]
[ 7 512 1792 90 0 ]
[ 7 512 1920 90 0 ]
[ 1 512 2048 0 5 ]
[ 7 512 2560 0 0 ]
[ 11 384 0 0 0 ]
[ 11 1536 256 90 0 ]
[ 24 2688 384 0 lmode 0 0 ]
[ 23 4096 3328 90 0 ]
[ 9 6144 2176 0 0 ]
Movables
[ 256 768 1 ]
Map_floor
[ 14 0 0 0 0 ]
[ 21 896 1152 0 0 ]
[ 1 1920 2432 0 0 ]
[ 9 3840 2432 270 1 ]
[ 9 6144 1920 0 3 ]
[ 19 7296 1920 180 0 ]
[ 3 768 1024 0 dmode 0 1 ]
[ 3 896 1024 0 dmode 0 1 ]
[ 14 0 128 0 0 ]
[ 15 128 512 0 crystal 0 1 ]
[ 11 256 640 0 0 ]
[ 14 256 1024 0 0 ]
[ 21 256 2688 0 0 ]
[ 21 256 2816 0 0 ]
[ 21 256 2944 0 0 ]
[ 14 384 0 0 0 ]
[ 11 384 128 0 0 ]
[ 11 384 256 0 0 ]
[ 11 384 384 0 0 ]
[ 15 384 512 0 crystal 0 1 ]
[ 11 384 640 0 0 ]
[ 11 384 768 0 0 ]
[ 11 384 896 0 0 ]
[ 14 384 1024 0 0 ]
[ 21 384 2688 0 0 ]
[ 21 384 2816 0 0 ]
[ 21 384 2944 0 0 ]
[ 14 512 0 0 0 ]
[ 16 512 128 0 crystal 1 0 ]
[ 16 512 256 0 crystal 1 0 ]
[ 16 512 384 0 crystal 1 0 ]
[ 16 512 640 0 crystal 0 0 ]
[ 16 512 768 0 crystal 0 0 ]
[ 16 512 896 0 crystal 0 0 ]
[ 14 512 1024 0 0 ]
[ 21 512 2688 0 0 ]
[ 21 512 2816 0 0 ]
[ 21 512 2944 0 0 ]
[ 14 640 0 0 0 ]
[ 11 640 128 0 0 ]
[ 11 640 256 0 0 ]
[ 11 640 384 0 0 ]
[ 15 640 512 0 crystal 1 1 ]
[ 11 640 640 0 0 ]
[ 11 640 768 0 0 ]
[ 11 640 896 0 0 ]
[ 3 640 1024 0 dmode 0 1 ]
[ 21 640 1152 0 0 ]
[ 21 640 1280 0 0 ]
[ 21 640 1408 0 0 ]
[ 21 640 1536 0 0 ]
[ 21 640 1664 0 0 ]
[ 21 640 1792 0 0 ]
[ 21 640 1920 0 0 ]
[ 21 640 2688 0 0 ]
[ 21 640 2816 0 0 ]
[ 21 640 2944 0 0 ]
[ 14 768 0 0 0 ]
[ 11 768 128 0 0 ]
[ 11 768 256 0 0 ]
[ 11 768 384 0 0 ]
[ 15 768 512 0 crystal 1 1 ]
[ 11 768 640 0 0 ]
[ 11 768 768 0 0 ]
[ 11 768 896 0 0 ]
[ 3 768 1024 0 dmode 0 1 ]
[ 21 768 1152 0 0 ]
[ 21 768 1280 0 0 ]
[ 21 768 1408 0 0 ]
[ 21 768 1536 0 0 ]
[ 21 768 1664 0 0 ]
[ 21 768 1792 0 0 ]
[ 21 768 1920 0 0 ]
[ 21 768 2688 0 0 ]
[ 21 768 2816 0 0 ]
[ 21 768 2944 0 0 ]
[ 14 896 0 0 0 ]
[ 11 896 128 0 0 ]
[ 11 896 256 0 0 ]
[ 11 896 384 0 0 ]
[ 15 896 512 0 crystal 1 1 ]
[ 43 896 640 90 0 ]
[ 11 896 768 0 0 ]
[ 11 896 896 0 0 ]
[ 3 896 1024 0 dmode 0 1 ]
[ 21 896 1152 0 0 ]
[ 21 896 1280 0 0 ]
[ 21 896 1408 0 0 ]
[ 21 896 1536 0 0 ]
[ 21 896 1664 0 0 ]
[ 21 896 1792 0 0 ]
[ 21 896 1920 0 0 ]
[ 21 896 2688 0 0 ]
[ 21 896 2816 0 0 ]
[ 21 896 2944 0 0 ]
[ 14 1024 0 0 0 ]
[ 16 1024 128 0 crystal 1 0 ]
[ 16 1024 256 0 crystal 1 0 ]
[ 16 1024 384 0 crystal 1 0 ]
[ 14 1024 512 0 0 ]
[ 14 1024 640 0 0 ]
[ 14 1024 768 0 0 ]
[ 14 1024 896 0 0 ]
[ 14 1024 1024 0 0 ]
[ 38 1024 1664 90 barmode 0 0 ]
[ 38 1024 1792 270 barmode 0 0 ]
[ 38 1024 1920 90 barmode 0 0 ]
[ 2 1024 2688 90 dmode 1 0 ]
[ 2 1024 2816 90 dmode 1 0 ]
[ 2 1024 2944 90 dmode 1 0 ]
[ 30 1024 3584 0 2 ]
[ 14 1152 0 0 0 ]
[ 11 1152 128 0 0 ]
[ 11 1152 256 0 0 ]
[ 11 1152 384 0 0 ]
[ 14 1152 512 0 0 ]
[ 11 1152 640 0 0 ]
[ 11 1152 768 0 0 ]
[ 43 1152 896 0 0 ]
[ 14 1152 1024 0 0 ]
[ 21 1152 1664 0 0 ]
[ 21 1152 1792 0 0 ]
[ 21 1152 1920 0 0 ]
[ 39 1152 2048 0 barmode 1 1 ]
[ 1 1152 2176 0 0 ]
[ 1 1152 2304 180 0 ]
[ 1 1152 2432 270 0 ]
[ 1 1152 2560 0 0 ]
[ 1 1152 2688 90 0 ]
[ 1 1152 2816 180 0 ]
[ 1 1152 2944 270 0 ]
[ 1 1152 3072 180 0 ]
[ 39 1152 3200 0 barmode 2 1 ]
[ 21 1152 3328 0 0 ]
[ 14 1280 0 0 0 ]
[ 11 1280 128 0 0 ]
[ 11 1280 256 0 0 ]
[ 11 1280 384 0 0 ]
[ 14 1280 512 0 0 ]
[ 11 1280 640 0 0 ]
[ 11 1280 768 0 0 ]
[ 11 1280 896 0 0 ]
[ 14 1280 1024 0 0 ]
[ 21 1280 1664 0 0 ]
[ 21 1280 1792 0 0 ]
[ 21 1280 1920 0 0 ]
[ 39 1280 2048 0 barmode 1 1 ]
[ 1 1280 2176 270 0 ]
[ 1 1280 2304 180 0 ]
[ 1 1280 2432 270 0 ]
[ 1 1280 2560 90 0 ]
[ 1 1280 2688 90 0 ]
[ 1 1280 2816 90 0 ]
[ 1 1280 2944 180 0 ]
[ 1 1280 3072 90 0 ]
[ 1 1280 3200 0 0 ]
[ 39 1280 3328 0 barmode 2 1 ]
[ 21 1280 3456 0 0 ]
[ 14 1408 0 0 0 ]
[ 43 1408 128 180 0 ]
[ 11 1408 256 0 0 ]
[ 11 1408 384 0 0 ]
[ 14 1408 512 0 0 ]
[ 11 1408 640 0 0 ]
[ 11 1408 768 0 0 ]
[ 17 1408 896 0 dmode 0 0 ]
[ 14 1408 1024 0 0 ]
[ 21 1408 1664 0 0 ]
[ 21 1408 1792 0 0 ]
[ 21 1408 1920 0 0 ]
[ 39 1408 2048 0 barmode 1 1 ]
[ 1 1408 2176 90 0 ]
[ 1 1408 2304 0 0 ]
[ 1 1408 2432 270 0 ]
[ 1 1408 2560 90 0 ]
[ 1 1408 2688 0 0 ]
[ 1 1408 2816 90 0 ]
[ 1 1408 2944 180 0 ]
[ 1 1408 3072 0 0 ]
[ 1 1408 3200 180 0 ]
[ 1 1408 3328 90 0 ]
[ 39 1408 3456 0 barmode 2 1 ]
[ 14 1536 0 0 0 ]
[ 14 1536 128 0 0 ]
[ 14 1536 256 0 0 ]
[ 14 1536 384 0 0 ]
[ 14 1536 512 0 0 ]
[ 14 1536 640 0 0 ]
[ 14 1536 768 0 0 ]
[ 14 1536 896 0 0 ]
[ 14 1536 1024 0 0 ]
[ 1 1536 2176 0 0 ]
[ 1 1536 2304 180 0 ]
[ 1 1536 2432 180 0 ]
[ 1 1536 2560 270 0 ]
[ 1 1536 2688 90 0 ]
[ 1 1536 2816 180 0 ]
[ 1 1536 2944 0 0 ]
[ 1 1536 3072 0 0 ]
[ 1 1536 3200 0 0 ]
[ 1 1536 3328 180 0 ]
[ 1 1536 3456 180 0 ]
[ 1 1664 2176 90 0 ]
[ 1 1664 2304 0 0 ]
[ 1 1664 2432 90 0 ]
[ 1 1664 2560 180 0 ]
[ 1 1664 2688 180 0 ]
[ 1 1664 2816 0 0 ]
[ 1 1664 2944 0 0 ]
[ 1 1664 3072 270 0 ]
[ 1 1664 3200 90 0 ]
[ 1 1664 3328 0 0 ]
[ 1 1664 3456 0 0 ]
[ 1 1792 2176 90 0 ]
[ 1 1792 2304 180 0 ]
[ 1 1792 2432 180 0 ]
[ 1 1792 2560 270 0 ]
[ 1 1792 2688 270 0 ]
[ 1 1792 2816 180 0 ]
[ 1 1792 2944 270 0 ]
[ 1 1792 3072 180 0 ]
[ 1 1792 3200 270 0 ]
[ 1 1792 3328 0 0 ]
[ 1 1792 3456 0 0 ]
[ 1 1920 2176 90 0 ]
[ 1 1920 2304 270 0 ]
[ 1 1920 2432 0 0 ]
[ 1 1920 2560 90 0 ]
[ 1 1920 2688 90 0 ]
[ 1 1920 2816 270 0 ]
[ 1 1920 2944 90 0 ]
[ 1 1920 3072 0 0 ]
[ 1 1920 3200 270 0 ]
[ 1 1920 3328 0 0 ]
[ 1 1920 3456 180 0 ]
[ 1 2048 2176 270 0 ]
[ 1 2048 2304 270 0 ]
[ 1 2048 2432 180 0 ]
[ 1 2048 3200 90 0 ]
[ 1 2048 3328 180 0 ]
[ 1 2048 3456 270 0 ]
[ 1 2176 2176 0 0 ]
[ 1 2176 2304 180 0 ]
[ 1 2176 2432 0 0 ]
[ 12 2176 2688 90 3 ]
[ 9 2176 2816 0 0 ]
[ 12 2176 2944 90 5 ]
[ 3 2176 3072 0 dmode 1 1 ]
[ 1 2176 3200 270 0 ]
[ 1 2176 3328 180 0 ]
[ 1 2176 3456 90 0 ]
[ 42 2304 512 0 0 ]
[ 42 2304 640 0 0 ]
[ 42 2304 768 0 0 ]
[ 1 2304 2176 0 0 ]
[ 1 2304 2304 90 0 ]
[ 1 2304 2432 270 0 ]
[ 9 2304 2688 270 0 ]
[ 7 2304 2816 0 ]
[ 9 2304 2944 0 0 ]
[ 3 2304 3072 0 dmode 1 1 ]
[ 1 2304 3200 0 0 ]
[ 1 2304 3328 90 0 ]
[ 1 2304 3456 90 0 ]
[ 42 2432 512 0 0 ]
[ 8 2432 640 1 ]
[ 42 2432 768 0 0 ]
[ 12 2432 2688 90 5 ]
[ 9 2432 2816 0 0 ]
[ 12 2432 2944 90 3 ]
[ 3 2432 3072 0 dmode 1 1 ]
[ 1 2432 3200 0 0 ]
[ 1 2432 3328 180 0 ]
[ 1 2432 3456 180 0 ]
[ 42 2560 512 0 0 ]
[ 42 2560 640 0 0 ]
[ 42 2560 768 0 0 ]
[ 2 2560 3200 90 dmode 1 0 ]
[ 2 2560 3328 90 dmode 1 0 ]
[ 2 2560 3456 90 dmode 1 0 ]
[ 9 2688 2688 270 0 ]
[ 9 2688 2816 0 3 ]
[ 9 2688 2944 270 2 ]
[ 3 2688 3072 0 dmode 1 1 ]
[ 21 2688 3200 0 0 ]
[ 21 2688 3328 0 0 ]
[ 21 2688 3456 0 0 ]
[ 42 2816 896 0 0 ]
[ 9 2816 2688 270 4 ]
[ 8 2816 2816 0 ]
[ 9 2816 2944 180 1 ]
[ 3 2816 3072 0 dmode 1 1 ]
[ 21 2816 3200 0 0 ]
[ 21 2816 3456 0 0 ]
[ 42 2944 1024 0 0 ]
[ 9 2944 2688 90 0 ]
[ 9 2944 2816 180 1 ]
[ 9 2944 2944 0 2 ]
[ 3 2944 3072 0 dmode 1 1 ]
[ 21 2944 3200 0 0 ]
[ 21 2944 3328 0 0 ]
[ 21 2944 3456 0 0 ]
[ 42 3072 1024 0 0 ]
[ 9 3072 2688 270 2 ]
[ 9 3072 2816 180 1 ]
[ 9 3072 2944 0 0 ]
[ 42 3200 768 0 0 ]
[ 42 3200 1024 0 0 ]
[ 9 3200 2176 180 2 ]
[ 9 3200 2304 0 0 ]
[ 9 3200 2432 90 0 ]
[ 12 3200 2688 90 4 ]
[ 9 3200 2816 90 4 ]
[ 12 3200 2944 180 2 ]
[ 2 3200 3072 0 dmode 1 0 ]
[ 22 3200 3200 0 0 ]
[ 22 3200 3328 0 0 ]
[ 22 3200 3456 0 0 ]
[ 9 3328 2176 270 4 ]
[ 7 3328 2304 1 ]
[ 9 3328 2432 270 0 ]
[ 9 3328 2688 0 5 ]
[ 12 3328 2816 270 0 ]
[ 9 3328 2944 0 2 ]
[ 2 3328 3072 0 dmode 1 0 ]
[ 22 3328 3200 0 0 ]
[ 7 3328 3328 2 ]
[ 22 3328 3456 0 0 ]
[ 9 3456 2176 0 3 ]
[ 9 3456 2304 270 2 ]
[ 9 3456 2432 0 2 ]
[ 12 3456 2688 180 0 ]
[ 9 3456 2816 180 0 ]
[ 12 3456 2944 0 1 ]
[ 2 3456 3072 0 dmode 1 0 ]
[ 22 3456 3200 0 0 ]
[ 22 3456 3328 0 0 ]
[ 22 3456 3456 0 0 ]
[ 42 3584 512 0 0 ]
[ 42 3584 640 0 0 ]
[ 23 3584 2176 90 lmode 0 0 ]
[ 23 3584 2304 90 lmode 0 0 ]
[ 23 3584 2432 90 lmode 0 0 ]
[ 9 3584 2688 90 3 ]
[ 12 3584 2816 90 5 ]
[ 9 3584 2944 270 0 ]
[ 22 3584 3200 0 0 ]
[ 22 3584 3328 0 0 ]
[ 22 3584 3456 0 0 ]
[ 42 3712 512 0 0 ]
[ 42 3712 640 0 0 ]
[ 42 3712 1024 0 0 ]
[ 12 3712 2176 90 4 ]
[ 9 3712 2304 0 2 ]
[ 12 3712 2432 180 3 ]
[ 9 3712 2560 90 4 ]
[ 12 3712 2688 0 5 ]
[ 9 3712 2816 270 5 ]
[ 12 3712 2944 0 0 ]
[ 2 3712 3072 0 dmode 1 0 ]
[ 22 3712 3200 0 0 ]
[ 22 3712 3328 0 0 ]
[ 22 3712 3456 0 0 ]
[ 42 3840 512 0 0 ]
[ 42 3840 640 0 0 ]
[ 42 3840 1024 0 0 ]
[ 9 3840 2176 180 1 ]
[ 12 3840 2304 270 4 ]
[ 9 3840 2432 270 1 ]
[ 12 3840 2560 180 0 ]
[ 9 3840 2688 90 2 ]
[ 12 3840 2816 90 2 ]
[ 9 3840 2944 90 5 ]
[ 2 3840 3072 0 dmode 1 0 ]
[ 22 3840 3200 0 0 ]
[ 8 3840 3328 2 ]
[ 22 3840 3456 0 0 ]
[ 42 3968 512 0 0 ]
[ 42 3968 640 0 0 ]
[ 42 3968 1024 0 0 ]
[ 12 3968 2176 180 1 ]
[ 9 3968 2304 90 1 ]
[ 12 3968 2432 90 1 ]
[ 9 3968 2560 0 1 ]
[ 12 3968 2688 90 2 ]
[ 9 3968 2816 180 3 ]
[ 12 3968 2944 90 2 ]
[ 2 3968 3072 0 dmode 1 0 ]
[ 22 3968 3200 0 0 ]
[ 22 3968 3328 0 0 ]
[ 22 3968 3456 0 0 ]
[ 24 4096 640 90 lmode 5 1 ]
[ 24 4096 768 90 lmode 5 1 ]
[ 24 4096 896 90 lmode 5 1 ]
[ 23 4224 640 90 lmode 6 0 ]
[ 23 4224 768 90 lmode 6 0 ]
[ 23 4224 896 90 lmode 6 0 ]
[ 22 4352 640 0 0 ]
[ 22 4352 768 0 0 ]
[ 22 4352 896 0 0 ]
[ 22 4480 640 0 0 ]
[ 22 4480 768 0 0 ]
[ 22 4480 896 0 0 ]
[ 22 4608 640 0 0 ]
[ 22 4608 768 0 0 ]
[ 22 4608 896 0 0 ]
[ 22 4736 640 0 0 ]
[ 22 4736 768 0 0 ]
[ 22 4736 896 0 0 ]
[ 22 4864 640 0 0 ]
[ 22 4864 768 0 0 ]
[ 22 4864 896 0 0 ]
[ 22 4992 640 0 0 ]
[ 22 4992 768 0 0 ]
[ 22 4992 896 0 0 ]
[ 22 5120 640 0 0 ]
[ 22 5120 768 0 0 ]
[ 22 5120 896 0 0 ]
[ 22 5120 1024 0 0 ]
[ 22 5120 1152 0 0 ]
[ 22 5120 1280 0 0 ]
[ 22 5120 1408 0 0 ]
[ 22 5120 1536 0 0 ]
[ 22 5120 1664 0 0 ]
[ 22 5248 640 0 0 ]
[ 22 5248 768 0 0 ]
[ 22 5248 896 0 0 ]
[ 22 5248 1024 0 0 ]
[ 22 5248 1152 0 0 ]
[ 22 5248 1280 0 0 ]
[ 22 5248 1408 0 0 ]
[ 22 5248 1536 0 0 ]
[ 22 5248 1664 0 0 ]
[ 22 5376 640 0 0 ]
[ 22 5376 768 0 0 ]
[ 22 5376 896 0 0 ]
[ 22 5376 1024 0 0 ]
[ 22 5376 1152 0 0 ]
[ 22 5376 1280 0 0 ]
[ 22 5376 1408 0 0 ]
[ 22 5376 1536 0 0 ]
[ 22 5376 1664 0 0 ]
[ 22 5504 640 0 0 ]
[ 22 5504 768 0 0 ]
[ 22 5504 896 0 0 ]
[ 22 5504 1024 0 0 ]
[ 22 5504 1152 0 0 ]
[ 22 5504 1280 0 0 ]
[ 22 5504 1408 90 0 ]
[ 22 5504 1536 0 0 ]
[ 22 5504 1664 0 0 ]
[ 22 5632 640 0 0 ]
[ 22 5632 768 0 0 ]
[ 22 5632 896 0 0 ]
[ 22 5632 1024 0 0 ]
[ 22 5632 1152 0 0 ]
[ 22 5632 1280 0 0 ]
[ 22 5632 1408 0 0 ]
[ 22 5632 1536 0 0 ]
[ 22 5632 1664 0 0 ]
[ 18 5632 1792 0 0 ]
[ 9 5632 1920 270 1 ]
[ 9 5632 2048 0 5 ]
[ 22 5760 640 0 0 ]
[ 22 5760 768 0 0 ]
[ 22 5760 896 0 0 ]
[ 22 5760 1024 0 0 ]
[ 22 5760 1152 0 0 ]
[ 22 5760 1280 0 0 ]
[ 22 5760 1408 0 0 ]
[ 22 5760 1536 0 0 ]
[ 22 5760 1664 0 0 ]
[ 18 5760 1792 0 0 ]
[ 9 5760 1920 90 5 ]
[ 9 5760 2048 0 0 ]
[ 12 5888 1920 180 3 ]
[ 12 5888 2048 90 5 ]
[ 9 6016 1792 0 0 ]
[ 9 6016 1920 180 0 ]
[ 9 6016 2048 270 4 ]
[ 9 6144 1920 0 3 ]
[ 9 6144 2048 180 2 ]
[ 9 6272 1920 0 1 ]
[ 12 6272 2048 270 5 ]
[ 12 6400 1920 90 3 ]
[ 9 6400 2048 180 3 ]
[ 9 6528 1920 270 2 ]
[ 9 6528 2048 90 3 ]
[ 9 6656 1920 0 5 ]
[ 12 6656 2048 270 4 ]
[ 9 6784 1920 90 0 ]
[ 9 6784 2048 0 5 ]
[ 9 6912 1920 270 2 ]
[ 9 6912 2048 90 2 ]
[ 19 7040 1920 90 0 ]
[ 19 7040 2048 270 0 ]
[ 19 7168 1920 90 0 ]
[ 19 7168 2048 0 0 ]
[ 19 7296 1920 180 0 ]
[ 19 7296 2048 270 0 ]
[ 6 7424 1920 0 0 ]
[ 6 7424 2048 0 0 ]
Electric
[ 37 2688 512 270 lmode 5 ]
[ 27 2688 640 90 ]
[ 30 2688 768 180 1 ]
[ 30 2816 512 180 1 ]
[ 32 2816 640 0 ]
[ 32 2816 768 0 ]
[ 34 2944 512 0 lmode 0 0 ]
[ 27 2944 640 270 ]
[ 33 2944 768 270 lmode 1 ]
[ 27 2944 896 90 ]
[ 28 3072 512 180 ]
[ 33 3072 640 90 lmode 1 ]
[ 26 3072 768 90 ]
[ 33 3072 896 0 lmode 0 ]
[ 26 3200 512 0 ]
[ 26 3200 640 0 ]
[ 26 3200 896 0 ]
[ 26 3328 512 0 ]
[ 33 3328 640 180 lmode 2 ]
[ 26 3328 768 90 ]
[ 33 3328 896 270 lmode 3 ]
[ 27 3328 1024 90 ]
[ 31 3456 512 0 0 ]
[ 30 3456 640 0 1 ]
[ 27 3456 768 180 ]
[ 27 3456 896 90 ]
[ 32 3456 1024 0 ]
[ 28 3584 768 180 ]
[ 29 3584 896 0 ]
[ 27 3584 1024 0 ]
[ 35 3712 768 0 lmode 2 1 ]
[ 34 3712 896 0 lmode 1 0 ]
[ 26 3840 768 0 ]
[ 26 3840 896 0 ]
[ 31 3968 768 0 0 ]
[ 37 3968 896 0 lmode 6 ]
PLayer 320.486 314.358