Does_not_exist
Map_basic
[ 16 768 384 0 1 ]
[ 9 768 512 90 0 ]
[ 9 768 640 90 0 ]
[ 9 768 768 90 0 ]
[ 8 768 896 0 0 ]
[ 9 768 1024 90 0 ]
[ 9 768 1152 90 0 ]
[ 9 768 1280 90 0 ]
[ 16 768 1408 0 0 ]
[ 9 768 1536 90 0 ]
[ 9 768 1664 90 0 ]
[ 9 768 1792 90 0 ]
[ 8 768 1920 0 0 ]
[ 9 896 384 0 0 ]
[ 18 896 512 0 0 ]
[ 9 896 1920 0 0 ]
[ 9 1024 384 0 0 ]
[ 9 1024 1920 0 0 ]
[ 9 1152 384 0 0 ]
[ 9 1152 1920 0 0 ]
[ 16 1280 384 0 0 ]
[ 16 1280 896 0 1 ]
[ 3 1280 1152 0 0 ]
[ 16 1280 1408 0 0 ]
[ 16 1280 1920 0 1 ]
[ 9 1408 384 0 0 ]
[ 9 1408 1920 0 0 ]
[ 9 1536 384 0 0 ]
[ 3 1536 896 0 0 ]
[ 3 1536 1408 0 0 ]
[ 9 1536 1920 0 0 ]
[ 9 1664 384 0 0 ]
[ 9 1664 1920 0 0 ]
[ 16 1792 384 0 1 ]
[ 16 1792 896 0 0 ]
[ 3 1792 1152 0 0 ]
[ 16 1792 1408 0 1 ]
[ 16 1792 1920 0 0 ]
[ 9 1920 384 0 0 ]
[ 9 1920 1920 0 0 ]
[ 9 2048 384 0 0 ]
[ 9 2048 1920 0 0 ]
[ 9 2176 384 0 0 ]
[ 9 2176 1920 0 0 ]
[ 16 2304 384 0 0 ]
[ 9 2304 512 90 0 ]
[ 9 2304 640 90 0 ]
[ 9 2304 768 90 0 ]
[ 16 2304 896 180 1 ]
[ 9 2304 1024 90 0 ]
[ 15 2304 1152 0 crystal 0 1 ]
[ 9 2304 1280 90 0 ]
[ 16 2304 1408 0 0 ]
[ 9 2304 1536 90 0 ]
[ 9 2304 1664 90 0 ]
[ 9 2304 1792 90 0 ]
[ 16 2304 1920 0 0 ]
Movables
Map_floor
[ 16 768 1408 0 crystal 0 0 ]
[ 19 896 512 90 0 ]
[ 19 896 640 90 0 ]
[ 19 896 768 90 0 ]
[ 19 896 896 90 0 ]
[ 19 896 1024 90 0 ]
[ 19 896 1152 90 0 ]
[ 19 896 1280 90 0 ]
[ 19 896 1408 90 0 ]
[ 19 896 1536 90 0 ]
[ 19 896 1664 90 0 ]
[ 19 896 1792 0 0 ]
[ 9 1024 512 180 4 ]
[ 9 1024 640 180 1 ]
[ 9 1024 768 90 4 ]
[ 22 1024 896 0 0 ]
[ 9 1024 1024 270 5 ]
[ 9 1024 1152 180 1 ]
[ 9 1024 1280 270 4 ]
[ 22 1024 1408 0 0 ]
[ 9 1024 1536 0 2 ]
[ 7 1024 1664 2 ]
[ 9 1024 1792 180 3 ]
[ 9 1152 512 180 3 ]
[ 9 1152 640 0 1 ]
[ 9 1152 768 180 2 ]
[ 22 1152 896 0 0 ]
[ 9 1152 1024 90 2 ]
[ 9 1152 1152 90 2 ]
[ 9 1152 1280 270 5 ]
[ 22 1152 1408 0 0 ]
[ 9 1152 1536 90 1 ]
[ 9 1152 1664 270 5 ]
[ 9 1152 1792 270 5 ]
[ 22 1280 512 0 0 ]
[ 22 1280 640 0 0 ]
[ 22 1280 768 0 0 ]
[ 16 1280 896 0 crystal 0 0 ]
[ 22 1280 1024 0 0 ]
[ 22 1280 1152 0 0 ]
[ 22 1280 1280 0 0 ]
[ 16 1280 1408 0 crystal 0 0 ]
[ 22 1280 1536 0 0 ]
[ 22 1280 1664 0 0 ]
[ 22 1280 1792 0 0 ]
[ 9 1408 512 180 5 ]
[ 9 1408 640 180 2 ]
[ 9 1408 768 270 0 ]
[ 22 1408 896 0 0 ]
[ 9 1408 1024 0 4 ]
[ 9 1408 1152 270 0 ]
[ 9 1408 1280 180 3 ]
[ 22 1408 1408 0 0 ]
[ 9 1408 1536 270 1 ]
[ 9 1408 1664 0 4 ]
[ 9 1408 1792 270 3 ]
[ 9 1536 512 90 5 ]
[ 9 1536 640 90 2 ]
[ 9 1536 768 0 4 ]
[ 22 1536 896 0 0 ]
[ 9 1536 1024 270 0 ]
[ 8 1536 1152 0 ]
[ 9 1536 1280 180 4 ]
[ 22 1536 1408 0 0 ]
[ 9 1536 1536 90 1 ]
[ 7 1536 1664 0 ]
[ 9 1536 1792 180 5 ]
[ 9 1664 512 0 4 ]
[ 9 1664 640 90 5 ]
[ 9 1664 768 180 5 ]
[ 22 1664 896 0 0 ]
[ 9 1664 1024 270 3 ]
[ 9 1664 1152 180 1 ]
[ 9 1664 1280 90 5 ]
[ 22 1664 1408 0 0 ]
[ 9 1664 1536 0 3 ]
[ 9 1664 1664 270 0 ]
[ 9 1664 1792 180 4 ]
[ 22 1792 512 0 0 ]
[ 22 1792 640 0 0 ]
[ 22 1792 768 0 0 ]
[ 16 1792 896 0 crystal 0 0 ]
[ 22 1792 1024 0 0 ]
[ 22 1792 1152 0 0 ]
[ 22 1792 1280 0 0 ]
[ 16 1792 1408 0 crystal 0 0 ]
[ 22 1792 1536 0 0 ]
[ 22 1792 1664 0 0 ]
[ 22 1792 1792 0 0 ]
[ 9 1920 512 270 0 ]
[ 9 1920 640 0 1 ]
[ 9 1920 768 270 3 ]
[ 22 1920 896 0 0 ]
[ 9 1920 1024 0 3 ]
[ 9 1920 1152 90 1 ]
[ 9 1920 1280 270 5 ]
[ 22 1920 1408 0 0 ]
[ 9 1920 1536 90 3 ]
[ 9 1920 1664 0 4 ]
[ 9 1920 1792 90 4 ]
[ 9 2048 512 270 3 ]
[ 9 2048 640 180 4 ]
[ 9 2048 768 180 3 ]
[ 22 2048 896 0 0 ]
[ 9 2048 1024 90 3 ]
[ 8 2048 1152 2 ]
[ 9 2048 1280 90 5 ]
[ 22 2048 1408 0 0 ]
[ 9 2048 1536 0 5 ]
[ 5 2048 1664 90 0 ]
[ 4 2048 1792 0 0 ]
[ 9 2176 512 0 3 ]
[ 9 2176 640 0 1 ]
[ 9 2176 768 0 0 ]
[ 22 2176 896 0 0 ]
[ 9 2176 1024 90 1 ]
[ 9 2176 1152 0 4 ]
[ 9 2176 1280 0 0 ]
[ 22 2176 1408 0 0 ]
[ 9 2176 1536 90 2 ]
[ 4 2176 1664 90 0 ]
[ 6 2176 1792 90 0 ]
[ 16 2304 896 0 crystal 0 0 ]
[ 16 2304 1408 0 crystal 0 0 ]
Electric
PLayer 1606.32 694.202