Does_not_exist
Map_basic
[ 8 1280 2176 0 0 ]
[ 9 1280 2304 90 0 ]
[ 9 1280 2432 90 0 ]
[ 9 1280 2560 90 0 ]
[ 8 1280 2688 0 0 ]
[ 9 1408 2176 0 0 ]
[ 9 1408 2688 0 0 ]
[ 9 1536 2176 0 0 ]
[ 9 1536 2688 0 0 ]
[ 9 1664 2176 0 0 ]
[ 9 1664 2688 0 0 ]
[ 9 1792 2176 0 0 ]
[ 9 1792 2688 0 0 ]
[ 9 1920 2176 0 0 ]
[ 9 1920 2688 0 0 ]
[ 9 2048 2176 0 0 ]
[ 9 2048 2688 0 0 ]
[ 8 2176 1920 0 0 ]
[ 9 2176 2048 90 0 ]
[ 8 2176 2176 0 0 ]
[ 8 2176 2688 0 0 ]
[ 9 2176 2816 90 0 ]
[ 9 2176 2944 90 0 ]
[ 8 2176 3072 0 0 ]
[ 9 2304 1920 0 0 ]
[ 6 2304 2048 0 0 ]
[ 18 2304 2944 0 0 ]
[ 9 2304 3072 0 0 ]
[ 9 2432 1920 0 0 ]
[ 6 2432 2048 0 0 ]
[ 17 2432 2688 0 0 ]
[ 9 2432 3072 0 0 ]
[ 8 2560 1920 0 0 ]
[ 9 2560 2048 90 0 ]
[ 8 2560 2176 0 0 ]
[ 17 2560 2688 0 1 ]
[ 9 2560 3072 0 0 ]
[ 9 2688 2176 0 0 ]
[ 14 2688 2560 0 0 ]
[ 17 2688 2688 0 1 ]
[ 14 2688 2816 0 2 ]
[ 9 2688 3072 0 0 ]
[ 8 2816 2176 0 0 ]
[ 9 2816 2304 90 0 ]
[ 9 2816 2432 90 0 ]
[ 9 2816 2560 90 0 ]
[ 8 2816 2688 0 0 ]
[ 8 2816 3072 0 0 ]
[ 9 2944 2176 0 0 ]
[ 6 2944 2304 0 0 ]
[ 6 2944 2432 0 0 ]
[ 6 2944 2560 0 0 ]
[ 6 2944 2688 0 0 ]
[ 9 2944 2816 0 0 ]
[ 9 2944 3072 0 0 ]
[ 9 3072 2176 0 0 ]
[ 6 3072 2304 0 0 ]
[ 6 3072 2432 0 0 ]
[ 6 3072 2560 0 0 ]
[ 6 3072 2688 0 0 ]
[ 16 3072 2816 0 0 ]
[ 16 3072 3072 0 0 ]
[ 9 3200 2176 0 0 ]
[ 6 3200 2304 0 0 ]
[ 6 3200 2432 0 0 ]
[ 6 3200 2560 0 0 ]
[ 6 3200 2688 0 0 ]
[ 9 3200 2816 0 0 ]
[ 9 3200 3072 0 0 ]
[ 9 3328 2176 0 0 ]
[ 6 3328 2304 0 0 ]
[ 6 3328 2432 0 0 ]
[ 6 3328 2560 0 0 ]
[ 6 3328 2688 0 0 ]
[ 9 3328 2816 0 0 ]
[ 9 3328 3072 0 0 ]
[ 9 3456 2176 0 0 ]
[ 6 3456 2304 0 0 ]
[ 6 3456 2432 0 0 ]
[ 6 3456 2560 0 0 ]
[ 6 3456 2688 0 0 ]
[ 9 3456 2816 0 0 ]
[ 9 3456 3072 0 0 ]
[ 9 3584 2176 0 0 ]
[ 6 3584 2304 0 0 ]
[ 6 3584 2432 0 0 ]
[ 6 3584 2560 0 0 ]
[ 6 3584 2688 0 0 ]
[ 9 3584 2816 0 0 ]
[ 9 3584 3072 0 0 ]
[ 9 3712 2176 0 0 ]
[ 6 3712 2304 0 0 ]
[ 6 3712 2432 0 0 ]
[ 6 3712 2560 0 0 ]
[ 6 3712 2688 0 0 ]
[ 9 3712 2816 0 0 ]
[ 9 3712 3072 0 0 ]
[ 9 3840 2176 0 0 ]
[ 6 3840 2304 0 0 ]
[ 6 3840 2432 0 0 ]
[ 6 3840 2560 0 0 ]
[ 6 3840 2688 0 0 ]
[ 16 3840 2816 0 1 ]
[ 16 3840 3072 0 1 ]
[ 9 3968 2176 0 0 ]
[ 6 3968 2304 0 0 ]
[ 6 3968 2432 0 0 ]
[ 6 3968 2560 0 0 ]
[ 6 3968 2688 0 0 ]
[ 9 3968 2816 0 0 ]
[ 9 3968 3072 0 0 ]
[ 9 4096 2176 0 0 ]
[ 6 4096 2304 0 0 ]
[ 6 4096 2432 0 0 ]
[ 6 4096 2560 0 0 ]
[ 6 4096 2688 0 0 ]
[ 16 4096 2816 0 1 ]
[ 16 4096 3072 90 1 ]
[ 9 4224 2176 0 0 ]
[ 6 4224 2304 0 0 ]
[ 6 4224 2432 0 0 ]
[ 6 4224 2560 0 0 ]
[ 6 4224 2688 0 0 ]
[ 9 4224 2816 0 0 ]
[ 9 4224 3072 0 0 ]
[ 9 4352 2176 0 0 ]
[ 6 4352 2304 0 0 ]
[ 6 4352 2432 0 0 ]
[ 6 4352 2560 0 0 ]
[ 6 4352 2688 0 0 ]
[ 9 4352 2816 0 0 ]
[ 9 4352 3072 0 0 ]
[ 9 4480 2176 0 0 ]
[ 6 4480 2304 0 0 ]
[ 6 4480 2432 0 0 ]
[ 6 4480 2560 0 0 ]
[ 6 4480 2688 0 0 ]
[ 16 4480 2816 0 1 ]
[ 16 4480 3072 180 1 ]
[ 9 4608 2176 0 0 ]
[ 6 4608 2304 0 0 ]
[ 6 4608 2432 0 0 ]
[ 6 4608 2560 0 0 ]
[ 6 4608 2688 0 0 ]
[ 9 4608 2816 0 0 ]
[ 9 4608 3072 0 0 ]
[ 9 4736 2176 0 0 ]
[ 6 4736 2304 0 0 ]
[ 6 4736 2432 0 0 ]
[ 6 4736 2560 0 0 ]
[ 6 4736 2688 0 0 ]
[ 9 4736 2816 0 0 ]
[ 9 4736 3072 0 0 ]
[ 8 4864 2176 0 0 ]
[ 9 4864 2304 90 0 ]
[ 9 4864 2432 90 0 ]
[ 9 4864 2560 90 0 ]
[ 9 4864 2688 90 0 ]
[ 16 4864 2816 90 0 ]
[ 9 4864 2944 90 0 ]
[ 16 4864 3072 0 0 ]
Movables
[ 1416.6 2303.25 3 ]
[ 1416.6 2432.75 3 ]
[ 1415.85 2560 3 ]
[ 2824.6 2816 3 ]
Map_floor
[ 19 1408 2304 0 0 ]
[ 19 1408 2432 0 0 ]
[ 19 1408 2560 0 0 ]
[ 19 1536 2304 0 0 ]
[ 19 1536 2432 0 0 ]
[ 19 1536 2560 0 0 ]
[ 19 1664 2304 0 0 ]
[ 19 1664 2432 0 0 ]
[ 19 1664 2560 0 0 ]
[ 19 1792 2304 0 0 ]
[ 19 1792 2432 0 0 ]
[ 19 1792 2560 0 0 ]
[ 19 1920 2304 0 0 ]
[ 19 1920 2432 0 0 ]
[ 19 1920 2560 0 0 ]
[ 19 2048 2304 0 0 ]
[ 19 2048 2432 0 0 ]
[ 19 2048 2560 0 0 ]
[ 19 2176 2304 0 0 ]
[ 19 2176 2432 0 0 ]
[ 19 2176 2560 0 0 ]
[ 9 2304 2176 180 4 ]
[ 19 2304 2304 0 0 ]
[ 19 2304 2432 0 0 ]
[ 19 2304 2560 0 0 ]
[ 9 2304 2688 90 0 ]
[ 9 2304 2816 180 4 ]
[ 19 2304 2944 0 0 ]
[ 9 2432 2176 180 0 ]
[ 19 2432 2304 0 0 ]
[ 19 2432 2432 0 0 ]
[ 19 2432 2560 0 0 ]
[ 9 2432 2688 90 5 ]
[ 9 2432 2816 270 5 ]
[ 19 2432 2944 0 0 ]
[ 9 2560 2304 90 5 ]
[ 9 2560 2432 0 4 ]
[ 9 2560 2560 180 4 ]
[ 9 2560 2688 90 4 ]
[ 9 2560 2816 0 5 ]
[ 19 2560 2944 0 0 ]
[ 9 2688 2304 270 2 ]
[ 9 2688 2432 270 5 ]
[ 9 2688 2560 180 2 ]
[ 9 2688 2688 270 1 ]
[ 9 2688 2816 270 2 ]
[ 19 2688 2944 0 0 ]
[ 12 2816 2816 180 1 ]
[ 19 2816 2944 0 0 ]
[ 19 2944 2944 0 0 ]
[ 19 3072 2944 0 0 ]
[ 19 3200 2944 0 0 ]
[ 19 3328 2944 0 0 ]
[ 19 3456 2944 0 0 ]
[ 19 3584 2944 0 0 ]
[ 19 3712 2944 0 0 ]
[ 19 3840 2944 0 0 ]
[ 19 3968 2944 0 0 ]
[ 19 4096 2944 0 0 ]
[ 19 4224 2944 0 0 ]
[ 9 4352 2944 90 2 ]
[ 4 4480 2944 0 0 ]
[ 6 4608 2944 0 0 ]
[ 6 4736 2944 0 0 ]
[ 9 4864 2944 270 3 ]
Electric
PLayer 1809.38 2520.78