Does_not_exist
Map_basic
[ 22 1664 1536 0 0 ]
[ 23 1664 1664 90 0 ]
[ 23 1664 1792 90 0 ]
[ 23 1664 1920 90 0 ]
[ 23 1664 2048 90 0 ]
[ 23 1664 2176 90 0 ]
[ 23 1664 2304 90 0 ]
[ 22 1664 2432 0 0 ]
[ 23 1792 1536 0 0 ]
[ 1 1792 1664 180 0 ]
[ 2 2176 1920 0 dmode 0 0 ]
[ 23 4864 1920 90 0 ]
[ 23 1664 2304 90 0 ]
[ 23 2432 2432 0 0 ]
[ 22 2560 1536 0 0 ]
[ 22 2560 2432 0 0 ]
[ 25 2688 1536 0 0 ]
[ 13 2688 1664 0 0 ]
[ 12 2688 1792 90 2 ]
[ 12 2688 1920 90 0 ]
[ 12 2688 2048 90 1 ]
[ 13 2688 2304 0 0 ]
[ 25 2688 2432 0 0 ]
[ 25 2816 1536 0 0 ]
[ 25 2816 2432 0 0 ]
[ 25 2944 1536 0 0 ]
[ 13 2944 2048 0 0 ]
[ 25 2944 2432 0 0 ]
[ 25 3072 1536 0 0 ]
[ 25 3072 2432 0 0 ]
[ 25 3200 1536 0 0 ]
[ 13 3200 1792 0 0 ]
[ 13 3200 2048 0 0 ]
[ 24 3200 2176 0 lmode 0 0 ]
[ 13 3200 2304 0 0 ]
[ 25 3200 2432 0 0 ]
[ 25 3328 1536 0 0 ]
[ 25 3328 2432 0 0 ]
[ 22 3456 1536 0 0 ]
[ 3 3456 1664 0 3 ]
[ 4 3456 1920 0 3 ]
[ 4 3456 2048 0 3 ]
[ 4 3456 2176 0 3 ]
[ 4 3456 2304 0 3 ]
[ 22 3456 2432 0 0 ]
[ 23 3584 1536 0 0 ]
[ 23 3584 2432 0 0 ]
[ 23 3712 1536 0 0 ]
[ 15 3712 2304 0 crystal 1 1 ]
[ 23 3712 2432 0 0 ]
[ 23 3840 1536 0 0 ]
[ 23 3840 2432 0 0 ]
[ 23 3968 1536 0 0 ]
[ 23 3968 2432 0 0 ]
[ 23 4096 1536 0 0 ]
[ 15 4096 1664 0 crystal 0 1 ]
[ 23 4096 2432 0 0 ]
[ 3 4224 1536 0 0 ]
[ 3 4224 2432 0 0 ]
[ 23 4352 1536 0 0 ]
[ 16 4352 1664 0 1 ]
[ 16 4352 2304 0 1 ]
[ 23 4352 2432 0 0 ]
[ 23 4480 1536 0 0 ]
[ 23 4480 2432 0 0 ]
[ 23 4608 1536 0 0 ]
[ 23 4608 2432 0 0 ]
[ 23 4736 1536 0 0 ]
[ 16 4736 1664 0 1 ]
[ 16 4736 2304 0 1 ]
[ 23 4736 2432 0 0 ]
[ 22 4864 1536 0 0 ]
[ 23 4864 1664 90 0 ]
[ 23 4864 1792 90 0 ]
[ 23 4864 1920 90 0 ]
[ 23 4864 2048 90 0 ]
[ 23 4864 2176 90 0 ]
[ 23 4864 2304 90 0 ]
[ 22 4864 2432 0 0 ]
Movables
[ 2688 2176.75 0 ]
[ 2816 1791.25 0 ]
[ 2944 1919.25 0 ]
[ 3072 2176.75 0 ]
[ 3199.25 1920 0 ]
[ 3712.75 1664 1 ]
[ 3712 1791.25 1 ]
[ 3712 1920.75 1 ]
[ 3712 2048.75 1 ]
[ 3840 1663.25 1 ]
[ 3840 2304.75 1 ]
[ 3968 1663.25 1 ]
[ 3968 1919.25 1 ]
[ 3968 2048.75 1 ]
[ 3968 2304.75 1 ]
[ 4096 1919.25 1 ]
[ 4096 2047.25 1 ]
[ 4096 2176.75 1 ]
[ 4096 2304.75 1 ]
[ 4352 1791.25 3 ]
[ 4352 1919.25 3 ]
[ 4352 2048.75 3 ]
[ 4352 2176.75 3 ]
[ 4480 1919.25 3 ]
[ 4480 2048.75 3 ]
[ 4608 1919.25 3 ]
[ 4608 2048.75 3 ]
[ 4736 1791.25 3 ]
[ 4736 1919.25 3 ]
[ 4736 2048.75 3 ]
[ 4736 2176 3 ]
Map_floor
[ 21 1792 2048 0 0 ]
[ 21 1792 2176 0 0 ]
[ 21 1920 1664 0 0 ]
[ 21 1920 1792 0 0 ]
[ 21 1920 1920 0 0 ]
[ 21 1920 2048 0 0 ]
[ 21 1920 2176 0 0 ]
[ 21 1920 2304 0 0 ]
[ 21 2048 1664 0 0 ]
[ 21 2048 1792 0 0 ]
[ 21 2048 1920 0 0 ]
[ 21 2048 2048 0 0 ]
[ 21 2048 2176 0 0 ]
[ 21 2048 2304 0 0 ]
[ 21 2176 1664 0 0 ]
[ 21 2176 1792 0 0 ]
[ 21 2176 2048 0 0 ]
[ 21 2176 2176 0 0 ]
[ 21 2176 2304 0 0 ]
[ 21 2304 1664 0 0 ]
[ 21 2304 1792 0 0 ]
[ 21 2304 1920 0 0 ]
[ 21 2304 2048 0 0 ]
[ 21 2304 2176 0 0 ]
[ 21 2304 2304 0 0 ]
[ 3 2432 1664 0 dmode 0 1 ]
[ 21 2432 1792 0 0 ]
[ 3 2432 1920 90 dmode 0 1 ]
[ 3 2432 2048 90 dmode 0 1 ]
[ 3 2432 2176 90 dmode 0 1 ]
[ 3 2432 2304 90 dmode 0 1 ]
[ 22 2560 1664 0 0 ]
[ 22 2560 1792 0 0 ]
[ 22 2560 1920 0 0 ]
[ 22 2560 2048 0 0 ]
[ 22 2560 2176 0 0 ]
[ 22 2560 2304 0 0 ]
[ 42 2688 1664 0 0 ]
[ 42 2688 1792 0 0 ]
[ 42 2688 2048 0 0 ]
[ 42 2688 2176 0 0 ]
[ 42 2688 2304 0 0 ]
[ 13 2816 1664 0 0 ]
[ 13 2816 1792 0 0 ]
[ 13 2816 1920 0 0 ]
[ 13 2816 2048 0 0 ]
[ 13 2816 2176 0 0 ]
[ 13 2816 2304 0 0 ]
[ 13 2944 1664 0 0 ]
[ 13 2944 1792 0 0 ]
[ 13 2944 1920 0 0 ]
[ 13 2944 2048 0 0 ]
[ 13 2944 2176 0 0 ]
[ 13 2944 2304 0 0 ]
[ 13 3072 1664 0 0 ]
[ 13 3072 1792 0 0 ]
[ 13 3072 1920 0 0 ]
[ 13 3072 2048 0 0 ]
[ 13 3072 2176 0 0 ]
[ 13 3072 2304 0 0 ]
[ 24 3200 1664 90 lmode 0 1 ]
[ 42 3200 1792 0 0 ]
[ 42 3200 1920 0 0 ]
[ 42 3200 2048 0 0 ]
[ 42 3200 2176 0 0 ]
[ 42 3200 2304 0 0 ]
[ 22 3328 1664 0 0 ]
[ 22 3328 1792 0 0 ]
[ 22 3328 1920 0 0 ]
[ 22 3328 2048 0 0 ]
[ 22 3328 2176 0 0 ]
[ 22 3328 2304 0 0 ]
[ 23 3456 1792 90 lmode 0 0 ]
[ 10 3584 1664 0 1 ]
[ 10 3584 1792 0 1 ]
[ 10 3584 1920 0 1 ]
[ 10 3584 2048 0 1 ]
[ 10 3584 2176 0 1 ]
[ 10 3584 2304 0 1 ]
[ 21 3712 1664 0 0 ]
[ 21 3712 1792 0 0 ]
[ 21 3712 1920 0 0 ]
[ 21 3712 2048 0 0 ]
[ 15 3712 2176 0 crystal 1 1 ]
[ 21 3712 2304 0 0 ]
[ 21 3840 1664 0 0 ]
[ 15 3840 1792 0 crystal 1 1 ]
[ 18 3840 1920 0 0 ]
[ 18 3840 2048 0 0 ]
[ 15 3840 2176 0 crystal 1 1 ]
[ 21 3840 2304 0 0 ]
[ 21 3968 1664 0 0 ]
[ 15 3968 1792 0 crystal 1 1 ]
[ 21 3968 1920 0 0 ]
[ 21 3968 2048 0 0 ]
[ 15 3968 2176 0 crystal 1 1 ]
[ 21 3968 2304 0 0 ]
[ 21 4096 1664 90 0 ]
[ 15 4096 1792 0 crystal 1 1 ]
[ 21 4096 1920 0 0 ]
[ 21 4096 2048 0 0 ]
[ 21 4096 2176 0 0 ]
[ 21 4096 2304 0 0 ]
[ 10 4224 1664 180 0 ]
[ 10 4224 1792 180 0 ]
[ 10 4224 1920 180 0 ]
[ 10 4224 2048 180 0 ]
[ 10 4224 2176 180 0 ]
[ 10 4224 2304 180 0 ]
[ 16 4352 1664 0 crystal 0 0 ]
[ 6 4352 1792 0 0 ]
[ 6 4352 1920 0 0 ]
[ 6 4352 2048 0 0 ]
[ 6 4352 2176 0 0 ]
[ 16 4352 2304 0 crystal 0 0 ]
[ 6 4480 1664 0 0 ]
[ 6 4480 1792 0 0 ]
[ 6 4480 1920 0 0 ]
[ 6 4480 2048 0 0 ]
[ 6 4480 2176 0 0 ]
[ 6 4480 2304 0 0 ]
[ 6 4608 1664 0 0 ]
[ 6 4608 1792 0 0 ]
[ 6 4608 1920 0 0 ]
[ 6 4608 2048 0 0 ]
[ 6 4608 2176 0 0 ]
[ 6 4608 2304 0 0 ]
[ 16 4736 1664 0 crystal 0 0 ]
[ 6 4736 1792 0 0 ]
[ 6 4736 1920 0 0 ]
[ 6 4736 2048 0 0 ]
[ 6 4736 2176 0 0 ]
[ 16 4736 2304 0 crystal 0 0 ]
Electric
PLayer 2094.65 2207.69