Does_not_exist
Map_basic
[ 14 128 1280 0 0 ]
[ 14 384 3584 0 2 ]
[ 14 512 1920 0 2 ]
[ 14 896 2816 0 0 ]
[ 14 1536 1152 0 0 ]
[ 1 1792 1664 90 5 ]
[ 1 1792 1792 180 0 ]
[ 1 1792 1920 90 4 ]
[ 1 1792 2048 270 1 ]
[ 1 1792 2176 90 1 ]
[ 1 1792 2304 0 2 ]
[ 1 1792 2432 90 2 ]
[ 1 1920 1664 90 2 ]
[ 1 1920 2048 90 3 ]
[ 1 1920 2432 90 0 ]
[ 1 2048 1664 270 5 ]
[ 1 2048 2048 0 3 ]
[ 1 2048 2432 90 0 ]
[ 1 2176 1792 0 4 ]
[ 1 2176 1920 90 3 ]
[ 1 2176 2176 90 2 ]
[ 1 2176 2304 270 0 ]
[ 14 2432 640 0 1 ]
[ 1 2560 1664 180 4 ]
[ 1 2560 1792 0 5 ]
[ 1 2560 1920 270 5 ]
[ 1 2560 2432 0 1 ]
[ 14 2560 3328 0 1 ]
[ 1 2688 1920 270 0 ]
[ 1 2688 2304 0 2 ]
[ 1 2816 1664 90 1 ]
[ 1 2816 1792 270 3 ]
[ 1 2816 1920 270 2 ]
[ 1 2816 2048 90 3 ]
[ 1 2816 2176 90 2 ]
[ 1 3328 1664 0 1 ]
[ 1 3456 1664 270 2 ]
[ 1 3584 1664 0 2 ]
[ 1 3584 1792 180 3 ]
[ 1 3584 1920 0 4 ]
[ 1 3584 2048 90 5 ]
[ 1 3584 2176 90 1 ]
[ 1 3584 2304 270 1 ]
[ 1 3584 2432 90 2 ]
[ 1 3712 1664 0 0 ]
[ 1 3840 1664 90 1 ]
[ 1 3840 2816 90 4 ]
[ 1 3840 3200 180 0 ]
[ 1 3840 3328 90 0 ]
[ 1 3840 3456 180 4 ]
[ 1 3840 3584 90 5 ]
[ 1 3968 2816 0 3 ]
[ 1 3968 3200 0 3 ]
[ 1 3968 3584 270 1 ]
[ 1 4096 1920 90 2 ]
[ 1 4096 2048 180 2 ]
[ 1 4096 2176 180 1 ]
[ 1 4096 2304 90 3 ]
[ 1 4096 2432 90 5 ]
[ 1 4096 2816 0 0 ]
[ 1 4096 3200 270 1 ]
[ 1 4096 3584 180 4 ]
[ 1 4224 1664 0 0 ]
[ 1 4224 1792 180 3 ]
[ 1 4224 2176 270 3 ]
[ 1 4224 2816 0 0 ]
[ 1 4224 2944 180 1 ]
[ 1 4224 3072 0 3 ]
[ 1 4224 3200 180 5 ]
[ 1 4224 3584 90 0 ]
[ 1 4352 1664 90 3 ]
[ 1 4352 2176 90 2 ]
[ 1 4480 1664 270 0 ]
[ 1 4480 1792 270 4 ]
[ 1 4480 2176 270 5 ]
[ 1 4480 2816 180 1 ]
[ 1 4480 3200 180 4 ]
[ 1 4480 3328 0 1 ]
[ 1 4480 3456 270 3 ]
[ 1 4480 3584 180 4 ]
[ 1 4608 1920 270 0 ]
[ 1 4608 2048 180 2 ]
[ 1 4608 2176 0 5 ]
[ 1 4608 2304 90 1 ]
[ 1 4608 2432 180 4 ]
[ 1 4608 2816 180 3 ]
[ 1 4608 3200 270 2 ]
[ 1 4608 3584 0 0 ]
[ 1 4736 2816 0 5 ]
[ 1 4736 3200 0 3 ]
[ 1 4736 3584 0 1 ]
[ 1 4864 1664 0 3 ]
[ 1 4864 1792 180 2 ]
[ 1 4864 1920 180 4 ]
[ 1 4864 2048 270 0 ]
[ 1 4864 2176 0 5 ]
[ 1 4864 2304 0 1 ]
[ 1 4864 2432 0 0 ]
[ 1 4864 2816 180 1 ]
[ 1 4864 2944 90 1 ]
[ 1 4864 3072 90 3 ]
[ 1 4864 3200 180 5 ]
[ 1 4864 3584 270 2 ]
[ 1 4992 1792 270 0 ]
[ 1 4992 1920 90 1 ]
[ 1 5120 2048 180 3 ]
[ 1 5120 2176 180 0 ]
[ 1 5120 2816 270 1 ]
[ 1 5120 2944 0 2 ]
[ 1 5120 3072 90 2 ]
[ 1 5120 3200 0 1 ]
[ 1 5120 3328 270 1 ]
[ 1 5120 3456 270 2 ]
[ 1 5120 3584 270 4 ]
[ 1 5248 2304 90 5 ]
[ 1 5248 2816 0 2 ]
[ 1 5248 3200 180 5 ]
[ 1 5248 3584 180 2 ]
[ 1 5376 1664 0 1 ]
[ 1 5376 1792 270 2 ]
[ 1 5376 1920 270 2 ]
[ 1 5376 2048 180 5 ]
[ 1 5376 2176 270 5 ]
[ 1 5376 2304 180 0 ]
[ 1 5376 2432 0 3 ]
[ 1 5376 2816 0 3 ]
[ 1 5376 3200 0 4 ]
[ 1 5376 3584 270 0 ]
[ 1 5504 2816 180 4 ]
[ 1 5504 2944 0 0 ]
[ 1 5504 3072 0 0 ]
[ 1 2048 2048 0 3 ]
[ 14 384 3584 0 2 ]
[ 14 896 2816 0 0 ]
[ 1 2176 1920 90 3 ]
[ 1 2816 2176 90 2 ]
[ 1 3840 1664 90 1 ]
[ 1 4096 2816 0 0 ]
[ 1 4480 2816 180 1 ]
[ 1 4736 3584 0 1 ]
[ 1 5120 2176 180 0 ]
[ 1 5376 2176 270 5 ]
[ 1 5632 1920 180 1 ]
[ 14 7552 768 0 0 ]
Movables
[ 91.25 121.25 2 ]
[ 53.75 256.75 2 ]
[ 128 384.75 2 ]
[ 128 512.75 2 ]
[ 128 640.75 2 ]
[ 256.75 128 2 ]
[ 256 384.75 2 ]
[ 256 640.75 2 ]
[ 384.75 128 2 ]
[ 384 384.75 2 ]
[ 384 640.75 2 ]
[ 640.75 128 2 ]
[ 640.75 256 2 ]
[ 640.75 384 2 ]
[ 640.75 512 2 ]
[ 640 640.75 2 ]
[ 768.75 128 2 ]
[ 896.75 128 2 ]
[ 896.75 256 2 ]
[ 896.75 384 2 ]
[ 896.75 512 2 ]
[ 896.75 640 2 ]
[ 1152.75 384 2 ]
[ 1152.75 512 2 ]
[ 1152.75 640 2 ]
[ 1280.75 384 2 ]
[ 1280.75 640.75 2 ]
[ 1408.75 128 2 ]
[ 1408.75 256 2 ]
[ 1408.75 384 2 ]
[ 1409.5 512 2 ]
[ 1408.75 640.75 2 ]
[ 2816.75 128 2 ]
[ 2944.75 128 2 ]
[ 2944.75 256 2 ]
[ 2944.75 384 2 ]
[ 2944.75 512 2 ]
[ 3072.75 128 2 ]
[ 3328.75 128 2 ]
[ 3328.75 256 2 ]
[ 3328.75 384 2 ]
[ 3328.75 512 2 ]
[ 3456.75 384 2 ]
[ 3456.75 896 2 ]
[ 3456.75 1024 2 ]
[ 3456.75 1152 2 ]
[ 3456.75 1280 2 ]
[ 3584.75 384 2 ]
[ 3584.75 512 2 ]
[ 3584.75 896 2 ]
[ 3584.75 1152 2 ]
[ 3712.75 896 2 ]
[ 3712.75 1024 2 ]
[ 3712.75 1152 2 ]
[ 3840.75 256 2 ]
[ 3840.75 384 2 ]
[ 3840.75 512 2 ]
[ 3968.75 128 2 ]
[ 3968.75 384 2 ]
[ 3968.75 896 2 ]
[ 3968.75 1024 2 ]
[ 3968.75 1152 2 ]
[ 3968.75 1280 2 ]
[ 4096.75 256 2 ]
[ 4096.75 384 2 ]
[ 4096.75 512 2 ]
[ 4224.75 1024 2 ]
[ 4224.75 1152 2 ]
[ 4224.75 1280 2 ]
[ 4352.75 128 2 ]
[ 4352.75 256 2 ]
[ 4352.75 384 2 ]
[ 4352.75 512 2 ]
[ 4352.75 896 2 ]
[ 4352.75 1152 2 ]
[ 4480.75 128 2 ]
[ 4480.75 1024 2 ]
[ 4480.75 1152 2 ]
[ 4480.75 1280 2 ]
[ 4608.75 128 2 ]
[ 4608.75 256 2 ]
[ 4608.75 384 2 ]
[ 4608.75 512 2 ]
[ 4736.75 896 2 ]
[ 4864.75 128 2 ]
[ 4864.75 256 2 ]
[ 4864.75 384 2 ]
[ 4864.75 512 2 ]
[ 4864.75 1024 2 ]
[ 4864.75 1152 2 ]
[ 4864.75 1280 2 ]
[ 4992.75 256 2 ]
[ 4992.75 384 2 ]
[ 4992.75 896 2 ]
[ 5120.75 128 2 ]
[ 5120.75 512 2 ]
[ 5248.75 896 2 ]
[ 5248.75 1152 2 ]
[ 5248.75 1280 2 ]
[ 5376.75 128 2 ]
[ 5376.75 256 2 ]
[ 5376.75 384 2 ]
[ 5376.75 640 2 ]
[ 5504.75 128 2 ]
[ 5504.75 384 2 ]
[ 5504.75 640 2 ]
[ 5504.75 896 2 ]
[ 5504.75 1024 2 ]
[ 5504.75 1152 2 ]
[ 5504.75 1280 2 ]
[ 5632.75 128 2 ]
[ 5632.75 384 2 ]
[ 5632.75 512 2 ]
[ 5632.75 640 2 ]
[ 5632.75 896 2 ]
[ 5760.75 896 2 ]
[ 5760.75 1024 2 ]
[ 5760.75 1152 2 ]
[ 5760.75 1280 2 ]
[ 6016.75 128 2 ]
[ 6016.75 256 2 ]
[ 6016.75 384 2 ]
[ 6016.75 512 2 ]
[ 6016.75 640 2 ]
[ 6016.75 896 2 ]
[ 6016.75 1024 2 ]
[ 6016.75 1152 2 ]
[ 6016.75 1280 2 ]
[ 6144.75 128 2 ]
[ 6144.75 384 2 ]
[ 6144.75 896 2 ]
[ 6144.75 1280 2 ]
[ 6272.75 128 2 ]
[ 6272.75 384 2 ]
[ 6272.75 896 2 ]
[ 6272.75 1152 2 ]
[ 6272.75 1280 2 ]
[ 6528.75 128 2 ]
[ 6528.75 256 2 ]
[ 6528.75 384 2 ]
[ 6528.75 512 2 ]
[ 6528.75 640 2 ]
[ 6656.75 128 2 ]
[ 6656.75 640 2 ]
[ 6784.75 128 2 ]
[ 6784.75 640 2 ]
[ 6912.75 128 2 ]
[ 6912.75 256 2 ]
[ 6912.75 384 2 ]
[ 6912.75 512 2 ]
[ 6912.75 640 2 ]
[ 7168.75 128 2 ]
[ 7168.75 256 2 ]
[ 7168.75 384 2 ]
[ 7168.75 512 2 ]
[ 7168.75 640 2 ]
[ 7296.75 128 2 ]
[ 7424.75 128 2 ]
Map_floor
Electric
PLayer 1336.95 562.816