Does_not_exist
Map_basic
[ 14 128 1280 0 0 ]
[ 14 384 3584 0 2 ]
[ 14 512 1920 0 2 ]
[ 14 896 2816 0 0 ]
[ 14 1536 1152 0 0 ]
[ 1 1792 1664 90 5 ]
[ 1 1792 1792 180 0 ]
[ 1 1792 1920 90 4 ]
[ 1 1792 2048 270 1 ]
[ 1 1792 2176 90 1 ]
[ 1 1792 2304 0 2 ]
[ 14 384 3584 0 2 ]
[ 1 2560 2432 0 1 ]
[ 1 4096 1920 90 2 ]
[ 1 4608 2176 0 5 ]
[ 1 5120 3200 0 1 ]
[ 1 5632 2048 0 0 ]
Movables
[ 27.5 121.25 2 ]
[ 117.5 256.75 2 ]
[ 128 384.75 2 ]
[ 128 512.75 2 ]
[ 128 640.75 2 ]
[ 256.75 128 2 ]
[ 256 384.75 2 ]
[ 256 640.75 2 ]
[ 384.75 128 2 ]
[ 384 384.75 2 ]
[ 384 640.75 2 ]
[ 640.75 128 2 ]
[ 640.75 256 2 ]
[ 640.75 384 2 ]
[ 640.75 512 2 ]
[ 640 640.75 2 ]
[ 768.75 128 2 ]
[ 896.75 128 2 ]
[ 896.75 256 2 ]
[ 896.75 384 2 ]
[ 896.75 512 2 ]
[ 896.75 640 2 ]
[ 1152.75 384 2 ]
[ 1152.75 512 2 ]
[ 1152.75 640 2 ]
[ 1280.75 384 2 ]
[ 1280.75 640 2 ]
[ 1408.75 128 2 ]
[ 1408.75 256 2 ]
[ 1408.75 384 2 ]
[ 1408.75 512 2 ]
[ 1408.75 640 2 ]
[ 2816.75 128 2 ]
[ 2944.75 128 2 ]
[ 2944.75 256 2 ]
[ 2944.75 384 2 ]
[ 2944.75 512 2 ]
[ 3072.75 128 2 ]
[ 3328.75 128 2 ]
[ 3328.75 256 2 ]
[ 3328.75 384 2 ]
[ 3328.75 512 2 ]
[ 3456.75 384 2 ]
[ 3456.75 896 2 ]
[ 3456.75 1024 2 ]
[ 3456.75 1152 2 ]
[ 3456.75 1280 2 ]
[ 3584.75 384 2 ]
[ 3584.75 512 2 ]
[ 3584.75 896 2 ]
[ 3584.75 1152 2 ]
[ 3712.75 896 2 ]
[ 3712.75 1024 2 ]
[ 3712.75 1152 2 ]
[ 3840.75 256 2 ]
[ 3840.75 384 2 ]
[ 3840.75 512 2 ]
[ 3968.75 128 2 ]
[ 3968.75 384 2 ]
[ 3968.75 896 2 ]
[ 3968.75 1024 2 ]
[ 3968.75 1152 2 ]
[ 3968.75 1280 2 ]
[ 4096.75 256 2 ]
[ 4096.75 384 2 ]
[ 4096.75 512 2 ]
[ 4224.75 1024 2 ]
[ 4224.75 1152 2 ]
[ 4224.75 1280 2 ]
[ 4352.75 128 2 ]
[ 4352.75 256 2 ]
[ 4352.75 384 2 ]
[ 4352.75 512 2 ]
[ 4352.75 896 2 ]
[ 4352.75 1152 2 ]
[ 4480.75 128 2 ]
[ 4480.75 1024 2 ]
[ 4480.75 1152 2 ]
[ 4480.75 1280 2 ]
[ 4608.75 128 2 ]
[ 4608.75 256 2 ]
[ 4608.75 384 2 ]
[ 4608.75 512 2 ]
[ 4736.75 896 2 ]
[ 4864.75 128 2 ]
[ 4864.75 256 2 ]
[ 4864.75 384 2 ]
[ 4864.75 512 2 ]
[ 4864.75 1024 2 ]
[ 4864.75 1152 2 ]
[ 4864.75 1280 2 ]
[ 4992.75 256 2 ]
[ 4992.75 384 2 ]
[ 4992.75 896 2 ]
[ 5120.75 128 2 ]
[ 5120.75 512 2 ]
[ 5248.75 896 2 ]
[ 5248.75 1152 2 ]
[ 5248.75 1280 2 ]
[ 5376.75 128 2 ]
[ 5376.75 256 2 ]
[ 5376.75 384 2 ]
[ 5376.75 640 2 ]
[ 5504.75 128 2 ]
[ 5504.75 384 2 ]
[ 5504.75 640 2 ]
[ 5504.75 896 2 ]
[ 5504.75 1024 2 ]
[ 5504.75 1152 2 ]
[ 5504.75 1280 2 ]
[ 5632.75 128 2 ]
[ 5632.75 384 2 ]
[ 5632.75 512 2 ]
[ 5632.75 640 2 ]
[ 5632.75 896 2 ]
[ 5760.75 896 2 ]
[ 5760.75 1024 2 ]
[ 5760.75 1152 2 ]
[ 5760.75 1280 2 ]
[ 6016.75 128 2 ]
[ 6016.75 256 2 ]
[ 6016.75 384 2 ]
[ 6016.75 512 2 ]
[ 6016.75 640 2 ]
[ 6016.75 896 2 ]
[ 6016.75 1024 2 ]
[ 6016.75 1152 2 ]
[ 6016.75 1280 2 ]
[ 6144.75 128 2 ]
[ 6144.75 384 2 ]
[ 6144.75 896 2 ]
[ 6144.75 1280 2 ]
[ 6272.75 128 2 ]
[ 6272.75 384 2 ]
[ 6272.75 896 2 ]
[ 6272.75 1152 2 ]
[ 6272.75 1280 2 ]
[ 6528.75 128 2 ]
[ 6528.75 256 2 ]
[ 6528.75 384 2 ]
[ 6528.75 512 2 ]
[ 6528.75 640 2 ]
[ 6656.75 128 2 ]
[ 6656.75 640 2 ]
[ 6784.75 128 2 ]
[ 6784.75 640 2 ]
[ 6912.75 128 2 ]
[ 6912.75 256 2 ]
[ 6912.75 384 2 ]
[ 6912.75 512 2 ]
[ 6912.75 640 2 ]
[ 7168.75 128 2 ]
[ 7168.75 256 2 ]
[ 6016.75 128 2 ]
[ 384 384.75 2 ]
[ 1152.75 512 2 ]
[ 2944.75 512 2 ]
[ 3584.75 896 2 ]
[ 3968.75 1280 2 ]
[ 4480.75 1024 2 ]
[ 4864.75 1152 2 ]
[ 5504.75 128 2 ]
[ 5632.75 640 2 ]
[ 6016.75 640 2 ]
[ 6528.75 128 2 ]
[ 7168.75 128 2 ]
Map_floor
Electric
PLayer 0 0