Does_not_exist
Map_basic
[ 1 512 640 180 0 ]
[ 7 512 768 90 0 ]
[ 7 512 896 90 0 ]
[ 7 512 1024 90 0 ]
[ 7 512 1152 90 0 ]
[ 7 512 1280 90 0 ]
[ 1 512 1408 270 1 ]
[ 7 640 640 0 0 ]
[ 7 640 1408 0 0 ]
[ 7 768 640 0 0 ]
[ 2 768 1408 0 dmode 0 0 ]
[ 7 896 640 0 0 ]
[ 7 896 1408 0 0 ]
[ 7 1024 640 0 0 ]
[ 3 1024 1408 0 1 ]
[ 7 1152 640 0 0 ]
[ 7 1152 1408 0 0 ]
[ 1 1280 640 0 1 ]
[ 1 1280 1024 0 1 ]
[ 1 1280 1408 90 2 ]
[ 7 1408 640 0 0 ]
[ 7 1408 1024 0 0 ]
[ 31 1408 1152 0 0 ]
[ 31 1408 1280 0 0 ]
[ 7 1408 1408 0 0 ]
[ 7 1536 640 0 0 ]
[ 2 1536 768 0 dmode 1 0 ]
[ 7 1536 1024 0 0 ]
[ 31 1536 1152 0 0 ]
[ 31 1536 1280 0 0 ]
[ 7 1536 1408 0 0 ]
[ 1 1664 640 0 4 ]
[ 7 1664 768 90 0 ]
[ 7 1664 896 90 0 ]
[ 1 1664 1024 270 5 ]
[ 7 1664 1152 90 0 ]
[ 7 1664 1280 90 0 ]
[ 1 1664 1408 270 1 ]
Movables
[ 768 1280 2 ]
[ 1024 1280 2 ]
Map_floor
[ 1 640 768 270 0 ]
[ 1 640 896 0 0 ]
[ 1 640 1024 90 0 ]
[ 1 640 1152 0 0 ]
[ 1 640 1280 0 0 ]
[ 1 768 768 90 0 ]
[ 1 768 896 180 0 ]
[ 1 768 1024 180 0 ]
[ 1 768 1152 180 0 ]
[ 1 768 1280 90 0 ]
[ 1 896 768 0 0 ]
[ 1 896 896 180 0 ]
[ 1 896 1024 0 0 ]
[ 1 896 1152 0 0 ]
[ 1 896 1280 0 0 ]
[ 1 1024 768 180 0 ]
[ 1 1024 896 270 0 ]
[ 1 1024 1024 90 0 ]
[ 1 1024 1152 270 0 ]
[ 1 1024 1280 180 0 ]
[ 1 1152 768 180 0 ]
[ 1 1152 896 0 0 ]
[ 1 1152 1024 90 0 ]
[ 1 1152 1152 180 0 ]
[ 1 1152 1280 0 0 ]
[ 3 1280 768 90 dmode 0 1 ]
[ 3 1280 896 90 dmode 0 1 ]
[ 1 1280 1024 0 0 ]
[ 3 1280 1152 90 dmode 1 1 ]
[ 3 1280 1280 90 dmode 1 1 ]
[ 1 1408 768 270 0 ]
[ 1 1408 896 0 0 ]
[ 1 1408 1024 180 0 ]
[ 6 1408 1152 0 0 ]
[ 6 1408 1280 0 0 ]
[ 1 1536 768 90 0 ]
[ 1 1536 896 180 0 ]
[ 1 1536 1024 90 0 ]
[ 6 1536 1152 0 0 ]
[ 6 1536 1280 0 0 ]
Electric
PLayer 889.263 931.889