Does_not_exist
Map_basic
[ 1 1280 1536 90 4 ]
[ 7 1280 1664 90 0 ]
[ 3 1280 1792 0 1 ]
[ 7 1280 1920 90 0 ]
[ 1 1280 2048 180 2 ]
[ 7 1280 2176 90 0 ]
[ 3 1280 2304 0 1 ]
[ 7 1280 2432 90 0 ]
[ 1 1280 2560 270 0 ]
[ 7 1408 1536 0 0 ]
[ 7 1408 2560 0 0 ]
[ 2 1536 1536 0 dmode 0 0 ]
[ 3 1536 2560 0 1 ]
[ 7 1664 1536 0 0 ]
[ 7 1664 2560 0 0 ]
[ 1 1792 1536 0 3 ]
[ 1 1792 2048 270 5 ]
[ 7 1792 2176 90 0 ]
[ 3 1792 2304 0 1 ]
[ 7 1792 2432 90 0 ]
[ 1 1792 2560 270 2 ]
[ 7 1920 1536 0 0 ]
[ 7 1920 2048 0 0 ]
[ 7 2048 1536 0 0 ]
[ 7 2048 2048 0 0 ]
[ 7 2176 1536 0 0 ]
[ 7 2176 2048 0 0 ]
[ 1 2304 1536 180 0 ]
[ 7 2304 1664 90 0 ]
[ 7 2304 1792 90 0 ]
[ 7 2304 1920 90 0 ]
[ 1 2304 2048 90 3 ]
Movables
[ 2048 1792 3 ]
Map_floor
[ 21 1408 1664 0 0 ]
[ 21 1408 1792 0 0 ]
[ 21 1408 1920 0 0 ]
[ 3 1408 2048 0 dmode 1 1 ]
[ 6 1408 2176 0 0 ]
[ 6 1408 2304 0 0 ]
[ 6 1408 2432 0 0 ]
[ 21 1536 1664 0 0 ]
[ 17 1536 1792 0 dmode 1 0 ]
[ 21 1536 1920 0 0 ]
[ 3 1536 2048 0 dmode 1 1 ]
[ 6 1536 2176 0 0 ]
[ 6 1536 2304 0 0 ]
[ 6 1536 2432 0 0 ]
[ 21 1664 1664 0 0 ]
[ 21 1664 1792 0 0 ]
[ 21 1664 1920 0 0 ]
[ 3 1664 2048 0 dmode 1 1 ]
[ 6 1664 2176 0 0 ]
[ 6 1664 2304 0 0 ]
[ 6 1664 2432 0 0 ]
[ 3 1792 1664 90 dmode 0 1 ]
[ 3 1792 1792 90 dmode 0 1 ]
[ 3 1792 1920 90 dmode 0 1 ]
[ 1 1920 1664 270 0 ]
[ 1 1920 1792 270 0 ]
[ 1 1920 1920 180 0 ]
[ 1 2048 1664 180 0 ]
[ 1 2048 1792 180 0 ]
[ 1 2048 1920 90 0 ]
[ 1 2176 1664 90 0 ]
[ 1 2176 1792 0 0 ]
[ 1 2176 1920 90 0 ]
Electric
PLayer 1633.07 1832.27