Does_not_exist
Map_basic
[ 1 1152 640 180 1 ]
[ 7 1152 768 90 0 ]
[ 7 1152 896 90 0 ]
[ 7 1152 1024 90 0 ]
[ 1 1152 1152 0 5 ]
[ 7 1152 1280 90 0 ]
[ 7 1152 1408 90 0 ]
[ 3 1152 1536 0 1 ]
[ 1 1152 1664 180 1 ]
[ 7 1280 640 0 0 ]
[ 3 1280 768 0 1 ]
[ 7 1280 1664 0 0 ]
[ 7 1408 640 0 0 ]
[ 7 1408 1664 0 0 ]
[ 7 1536 640 0 0 ]
[ 7 1536 1664 0 0 ]
[ 1 1664 640 270 5 ]
[ 1 1664 1152 0 2 ]
[ 1 1664 1664 180 1 ]
[ 7 1792 640 0 0 ]
[ 7 1792 1664 0 0 ]
[ 7 1920 640 0 0 ]
[ 2 1920 1664 0 dmode 1 0 ]
[ 7 2048 640 0 0 ]
[ 7 2048 1664 0 0 ]
[ 1 2176 640 0 3 ]
[ 2 2176 1152 0 dmode 0 0 ]
[ 1 2176 1664 180 2 ]
[ 7 2304 640 0 0 ]
[ 17 2304 1152 0 1 ]
[ 7 2304 1664 0 0 ]
[ 3 2432 640 0 1 ]
[ 17 2432 1152 0 1 ]
[ 7 2432 1664 0 0 ]
[ 7 2560 640 0 0 ]
[ 17 2560 1152 0 1 ]
[ 7 2560 1664 0 0 ]
[ 1 2688 640 270 3 ]
[ 31 2688 768 0 0 ]
[ 31 2688 896 0 0 ]
[ 31 2688 1024 0 0 ]
[ 27 2688 1152 90 dmode 0 1 ]
[ 1 2688 1664 180 0 ]
[ 7 2816 640 0 0 ]
[ 7 2816 1664 0 0 ]
[ 7 2944 640 0 0 ]
[ 7 2944 1664 0 0 ]
[ 7 3072 640 0 0 ]
[ 3 3072 768 0 1 ]
[ 7 3072 1664 0 0 ]
[ 1 3200 640 90 0 ]
[ 7 3200 768 90 0 ]
[ 7 3200 896 90 0 ]
[ 7 3200 1024 90 0 ]
[ 1 3200 1152 0 3 ]
[ 7 3200 1280 270 0 ]
[ 2 3200 1408 0 dmode 2 0 ]
[ 7 3200 1536 270 0 ]
[ 1 3200 1664 90 2 ]
Movables
Map_floor
[ 18 512 2176 0 0 ]
[ 1 1024 2432 0 0 ]
[ 1 1280 768 0 0 ]
[ 1 1280 896 0 0 ]
[ 1 1280 1024 90 0 ]
[ 2 1280 1152 0 dmode 2 0 ]
[ 6 1280 1280 0 0 ]
[ 6 1280 1408 0 0 ]
[ 6 1280 1536 0 0 ]
[ 1 1408 768 180 0 ]
[ 1 1408 896 0 0 ]
[ 1 1408 1024 90 0 ]
[ 2 1408 1152 0 dmode 2 0 ]
[ 6 1408 1280 0 0 ]
[ 6 1408 1408 0 0 ]
[ 6 1408 1536 0 0 ]
[ 1 1536 768 90 0 ]
[ 1 1536 896 270 0 ]
[ 1 1536 1024 180 0 ]
[ 2 1536 1152 0 dmode 2 0 ]
[ 6 1536 1280 0 0 ]
[ 6 1536 1408 0 0 ]
[ 6 1536 1536 0 0 ]
[ 2 1664 768 90 dmode 0 0 ]
[ 2 1664 896 90 dmode 0 0 ]
[ 2 1664 1024 90 dmode 0 0 ]
[ 18 1664 1280 90 0 ]
[ 18 1664 1408 90 0 ]
[ 18 1664 1536 90 0 ]
[ 1 1792 768 180 0 ]
[ 1 1792 896 270 0 ]
[ 1 1792 1024 270 0 ]
[ 3 1792 1152 0 dmode 0 1 ]
[ 1 1792 1280 180 0 ]
[ 1 1792 1408 270 0 ]
[ 1 1792 1536 90 0 ]
[ 1 1920 768 0 0 ]
[ 1 1920 896 0 0 ]
[ 1 1920 1024 0 0 ]
[ 3 1920 1152 0 dmode 0 1 ]
[ 1 1920 1280 180 0 ]
[ 1 1920 1408 180 0 ]
[ 1 1920 1536 180 0 ]
[ 1 2048 768 0 0 ]
[ 1 2048 896 90 0 ]
[ 1 2048 1024 180 0 ]
[ 3 2048 1152 0 dmode 0 1 ]
[ 1 2048 1280 270 0 ]
[ 1 2048 1408 0 0 ]
[ 1 2048 1536 0 0 ]
[ 3 2176 768 90 dmode 1 1 ]
[ 3 2176 896 270 dmode 1 1 ]
[ 3 2176 1024 90 dmode 1 1 ]
[ 3 2176 1280 90 dmode 0 1 ]
[ 3 2176 1408 90 dmode 0 1 ]
[ 3 2176 1536 90 dmode 0 1 ]
[ 1 2304 768 180 0 ]
[ 1 2304 896 180 0 ]
[ 1 2304 1024 90 0 ]
[ 18 2304 1152 0 0 ]
[ 1 2304 1280 90 0 ]
[ 1 2304 1408 270 0 ]
[ 1 2304 1536 90 0 ]
[ 1 2432 768 180 0 ]
[ 1 2432 896 90 0 ]
[ 1 2432 1024 270 0 ]
[ 18 2432 1152 0 0 ]
[ 1 2432 1280 270 0 ]
[ 1 2432 1408 0 0 ]
[ 1 2432 1536 0 0 ]
[ 1 2560 768 0 0 ]
[ 1 2560 896 0 0 ]
[ 1 2560 1024 180 0 ]
[ 18 2560 1152 0 0 ]
[ 1 2560 1280 180 0 ]
[ 1 2560 1408 90 0 ]
[ 1 2560 1536 270 0 ]
[ 1 1024 2432 0 0 ]
[ 1 1280 768 0 0 ]
[ 1 1280 896 0 0 ]
[ 1 1280 1024 90 0 ]
[ 2 1280 1152 0 dmode 2 0 ]
[ 6 1280 1280 0 0 ]
[ 6 1280 1408 0 0 ]
[ 6 1280 1536 0 0 ]
[ 1 1408 768 180 0 ]
[ 1 1408 896 0 0 ]
[ 1 1408 1024 90 0 ]
[ 2 1408 1152 0 dmode 2 0 ]
[ 6 1408 1280 0 0 ]
[ 6 1408 1408 0 0 ]
[ 6 1408 1536 0 0 ]
[ 1 1536 768 90 0 ]
[ 1 1536 896 270 0 ]
[ 1 1536 1024 180 0 ]
[ 2 1536 1152 0 dmode 2 0 ]
[ 6 1536 1280 0 0 ]
[ 6 1536 1408 0 0 ]
[ 6 1536 1536 0 0 ]
[ 2 1664 768 90 dmode 0 0 ]
[ 2 1664 896 90 dmode 0 0 ]
[ 2 1664 1024 90 dmode 0 0 ]
[ 18 1664 1280 90 0 ]
[ 18 1664 1408 90 0 ]
[ 18 1664 1536 90 0 ]
[ 1 1792 768 180 0 ]
[ 1 1792 896 270 0 ]
[ 1 1792 1024 270 0 ]
[ 3 1792 1152 0 dmode 0 1 ]
[ 1 1792 1280 180 0 ]
[ 1 1792 1408 270 0 ]
[ 1 1792 1536 90 0 ]
[ 1 1920 768 0 0 ]
[ 1 1920 896 0 0 ]
[ 1 1920 1024 0 0 ]
[ 3 1920 1152 0 dmode 0 1 ]
[ 1 1920 1280 180 0 ]
[ 1 1920 1408 180 0 ]
[ 1 1920 1536 180 0 ]
[ 1 2048 768 0 0 ]
[ 1 2048 896 90 0 ]
[ 1 2048 1024 180 0 ]
[ 3 2048 1152 0 dmode 0 1 ]
[ 1 2048 1280 270 0 ]
[ 1 2048 1408 0 0 ]
[ 1 2048 1536 0 0 ]
[ 3 2176 768 90 dmode 1 1 ]
[ 3 2176 896 270 dmode 1 1 ]
[ 3 2176 1024 90 dmode 1 1 ]
[ 3 2176 1280 90 dmode 0 1 ]
[ 3 2176 1408 90 dmode 0 1 ]
[ 3 2176 1536 90 dmode 0 1 ]
[ 1 2304 768 180 0 ]
[ 1 2304 896 180 0 ]
[ 1 2304 1024 90 0 ]
[ 18 2304 1152 0 0 ]
[ 1 2304 1280 90 0 ]
[ 1 2304 1408 270 0 ]
[ 1 2304 1536 90 0 ]
[ 1 2432 768 180 0 ]
[ 1 2432 896 90 0 ]
[ 1 2432 1024 270 0 ]
[ 18 2432 1152 0 0 ]
[ 1 2432 1280 270 0 ]
[ 1 2432 1408 0 0 ]
[ 1 2432 1536 0 0 ]
[ 1 2560 768 0 0 ]
[ 1 2560 896 0 0 ]
[ 1 2560 1024 180 0 ]
[ 18 2560 1152 0 0 ]
[ 1 2560 1280 180 0 ]
[ 1 2560 1408 90 0 ]
[ 1 2560 1536 270 0 ]
[ 18 2688 768 90 0 ]
[ 18 2688 896 90 0 ]
[ 18 2688 1024 90 0 ]
[ 2 2688 1280 90 dmode 0 0 ]
[ 2 2688 1408 90 dmode 0 0 ]
[ 2 2688 1536 90 dmode 0 0 ]
[ 1 2816 768 180 0 ]
[ 1 2816 896 180 0 ]
[ 1 2816 1024 0 0 ]
[ 3 2816 1152 0 dmode 0 1 ]
[ 1 2816 1280 180 0 ]
[ 1 2816 1408 0 0 ]
[ 1 2816 1536 0 0 ]
[ 1 2944 768 90 0 ]
[ 1 2944 896 0 0 ]
[ 1 2944 1024 0 0 ]
[ 3 2944 1152 0 dmode 0 1 ]
[ 1 2944 1280 0 0 ]
[ 1 2944 1408 90 0 ]
[ 1 2944 1536 270 0 ]
[ 1 3072 768 270 0 ]
[ 1 3072 896 90 0 ]
[ 1 3072 1024 90 0 ]
[ 3 3072 1152 0 dmode 0 1 ]
[ 1 3072 1280 90 0 ]
[ 1 3072 1408 90 0 ]
[ 1 3072 1536 180 0 ]
Electric
PLayer 2464.01 1455.55