Does_not_exist
Map_basic
[ 1 768 512 0 4 ]
[ 7 768 640 90 0 ]
[ 7 768 768 90 0 ]
[ 7 768 896 90 0 ]
[ 7 768 1024 90 0 ]
[ 1 768 1152 0 3 ]
[ 7 768 1280 90 0 ]
[ 7 768 1408 90 0 ]
[ 3 768 1536 0 1 ]
[ 7 768 1664 90 0 ]
[ 7 768 1792 90 0 ]
[ 7 768 1920 90 0 ]
[ 7 768 2048 90 0 ]
[ 1 768 2176 90 2 ]
[ 7 896 512 0 0 ]
[ 31 896 640 0 0 ]
[ 31 896 768 0 0 ]
[ 31 896 896 0 0 ]
[ 31 896 1024 0 0 ]
[ 7 896 2176 0 0 ]
[ 7 1024 512 0 0 ]
[ 31 1024 640 0 0 ]
[ 31 1024 768 0 0 ]
[ 31 1024 896 0 0 ]
[ 31 1024 1024 0 0 ]
[ 7 1024 2176 0 0 ]
[ 7 1152 512 0 0 ]
[ 31 1152 1024 0 0 ]
[ 3 1152 1280 0 1 ]
[ 7 1152 2176 0 0 ]
[ 3 1280 512 0 1 ]
[ 31 1280 640 0 0 ]
[ 31 1280 768 0 0 ]
[ 31 1280 896 0 0 ]
[ 31 1280 1024 0 0 ]
[ 7 1280 2176 0 0 ]
[ 7 1408 512 0 0 ]
[ 31 1408 1024 0 0 ]
[ 31 1408 1280 0 0 ]
[ 31 1408 1408 0 0 ]
[ 7 1408 2176 0 0 ]
[ 7 1536 512 0 0 ]
[ 31 1536 896 0 0 ]
[ 31 1536 1024 0 0 ]
[ 31 1536 1152 0 0 ]
[ 31 1536 1280 0 0 ]
[ 7 1536 2176 0 0 ]
[ 7 1664 512 0 0 ]
[ 6 1664 1920 0 1 ]
[ 7 1664 2176 0 0 ]
[ 7 1792 512 0 0 ]
[ 3 1792 1792 0 1 ]
[ 7 1792 2176 0 0 ]
[ 1 1920 512 90 5 ]
[ 3 1920 1024 0 1 ]
[ 7 1920 2176 0 0 ]
[ 7 2048 512 0 0 ]
[ 1 2048 2176 270 2 ]
[ 7 2176 512 0 0 ]
[ 7 2176 2176 0 0 ]
[ 7 2304 512 0 0 ]
[ 7 2304 2176 0 0 ]
[ 1 2432 512 270 1 ]
[ 7 2432 640 90 0 ]
[ 3 2432 768 0 1 ]
[ 7 2432 896 90 0 ]
[ 1 2432 1024 0 3 ]
[ 7 2432 1152 90 0 ]
[ 7 2432 1280 90 0 ]
[ 7 2432 1408 90 0 ]
[ 7 2432 1536 90 0 ]
[ 7 2432 1664 90 0 ]
[ 3 2432 1792 0 1 ]
[ 7 2432 1920 90 0 ]
[ 7 2432 2048 90 0 ]
[ 1 2432 2176 180 4 ]
Movables
[ 896 1152 2 ]
[ 896 1536 2 ]
[ 896 1792 2 ]
[ 1024 1152 2 ]
[ 1024 1536 2 ]
[ 1024 1792 2 ]
[ 1024 1920 2 ]
[ 1024 2048 2 ]
[ 1152 640 2 ]
[ 1152 768 2 ]
[ 1152 896 2 ]
[ 1152 1152 2 ]
[ 1152 1536 2 ]
[ 1280 1152 2 ]
[ 1280 1280 2 ]
[ 1280 1408 2 ]
[ 1280 1536 2 ]
[ 1280 1792 2 ]
[ 1280 1920 2 ]
[ 1280 2048 2 ]
[ 1408 640 2 ]
[ 1408 768 2 ]
[ 1408 896 2 ]
[ 1408 1152 2 ]
[ 1408 1792 2 ]
[ 1536 768 2 ]
[ 1536 1408 2 ]
[ 1536 1792 2 ]
[ 1536 1920 2 ]
[ 1664 640 2 ]
[ 1664 768 2 ]
[ 1664 896 2 ]
[ 1664 1280 2 ]
[ 1664 1408 2 ]
[ 1664 1536 2 ]
[ 1664 1664 2 ]
[ 1664 1792 2 ]
[ 1792 1024 2 ]
[ 1792 1408 2 ]
[ 1792 1664 2 ]
[ 1792 1920 2 ]
[ 1920 896 2 ]
[ 1920 1152 2 ]
[ 1920 1664 2 ]
[ 1920 1920 2 ]
[ 1920 2048 2 ]
[ 2048 640 2 ]
[ 2048 1024 2 ]
[ 2048 1280 2 ]
[ 2048 1664 2 ]
[ 2176 768 2 ]
[ 2176 1152 2 ]
[ 2176 1664 2 ]
[ 2304 640 2 ]
[ 2304 896 2 ]
[ 2304 1024 2 ]
[ 2304 1664 2 ]
Map_floor
[ 1 896 640 270 0 ]
[ 1 896 768 90 0 ]
[ 1 896 896 180 0 ]
[ 1 896 1024 90 0 ]
[ 1 896 1152 90 0 ]
[ 1 896 1280 90 0 ]
[ 1 896 1408 180 0 ]
[ 1 896 1536 90 0 ]
[ 1 896 1664 0 0 ]
[ 1 896 1792 180 0 ]
[ 1 896 1920 270 0 ]
[ 1 896 2048 0 0 ]
[ 1 1024 640 90 0 ]
[ 1 1024 768 90 0 ]
[ 1 1024 896 0 0 ]
[ 1 1024 1024 0 0 ]
[ 1 1024 1152 270 0 ]
[ 1 1024 1280 0 0 ]
[ 1 1024 1408 90 0 ]
[ 1 1024 1536 180 0 ]
[ 1 1024 1664 0 0 ]
[ 1 1024 1792 180 0 ]
[ 1 1024 1920 270 0 ]
[ 1 1024 2048 180 0 ]
[ 1 1152 640 0 0 ]
[ 1 1152 768 0 0 ]
[ 1 1152 896 90 0 ]
[ 1 1152 1024 180 0 ]
[ 1 1152 1152 180 0 ]
[ 1 1152 1280 90 0 ]
[ 1 1152 1408 270 0 ]
[ 1 1152 1536 180 0 ]
[ 1 1152 1664 180 0 ]
[ 1 1152 1792 270 0 ]
[ 1 1152 1920 90 0 ]
[ 1 1152 2048 0 0 ]
[ 1 1280 640 0 0 ]
[ 1 1280 768 90 0 ]
[ 1 1280 896 270 0 ]
[ 1 1280 1024 0 0 ]
[ 1 1280 1152 90 0 ]
[ 1 1280 1280 180 0 ]
[ 1 1280 1408 0 0 ]
[ 1 1280 1536 0 0 ]
[ 1 1280 1664 0 0 ]
[ 1 1280 1792 270 0 ]
[ 1 1280 1920 180 0 ]
[ 1 1280 2048 270 0 ]
[ 1 1408 640 90 0 ]
[ 1 1408 768 270 0 ]
[ 1 1408 896 90 0 ]
[ 1 1408 1024 180 0 ]
[ 1 1408 1152 90 0 ]
[ 1 1408 1280 0 0 ]
[ 1 1408 1408 270 0 ]
[ 1 1408 1536 0 0 ]
[ 1 1408 1664 0 0 ]
[ 1 1408 1792 0 0 ]
[ 1 1408 1920 0 0 ]
[ 1 1408 2048 270 0 ]
[ 1 1408 2176 270 0 ]
[ 1 1536 640 270 0 ]
[ 1 1536 768 270 0 ]
[ 1 1536 896 180 0 ]
[ 1 1536 1024 0 0 ]
[ 1 1536 1152 0 0 ]
[ 1 1536 1280 180 0 ]
[ 1 1536 1408 180 0 ]
[ 1 1536 1536 270 0 ]
[ 1 1536 1664 90 0 ]
[ 1 1536 1792 180 0 ]
[ 1 1536 1920 180 0 ]
[ 1 1536 2048 0 0 ]
[ 1 1664 640 0 0 ]
[ 1 1664 768 90 0 ]
[ 1 1664 896 0 0 ]
[ 1 1664 1024 90 0 ]
[ 1 1664 1152 0 0 ]
[ 1 1664 1280 270 0 ]
[ 1 1664 1408 0 0 ]
[ 1 1664 1536 0 0 ]
[ 1 1664 1664 0 0 ]
[ 1 1664 1792 270 0 ]
[ 1 1664 1920 180 0 ]
[ 1 1664 2048 270 0 ]
[ 1 1792 640 90 0 ]
[ 1 1792 768 0 0 ]
[ 1 1792 896 180 0 ]
[ 1 1792 1024 90 0 ]
[ 1 1792 1152 90 0 ]
[ 1 1792 1280 270 0 ]
[ 1 1792 1408 0 0 ]
[ 1 1792 1536 90 0 ]
[ 1 1792 1664 90 0 ]
[ 1 1792 1792 0 0 ]
[ 1 1792 1920 180 0 ]
[ 1 1792 2048 90 0 ]
[ 1 1920 640 90 0 ]
[ 1 1920 768 0 0 ]
[ 1 1920 896 270 0 ]
[ 1 1920 1024 270 0 ]
[ 1 1920 1152 180 0 ]
[ 1 1920 1280 90 0 ]
[ 1 1920 1408 180 0 ]
[ 1 1920 1536 90 0 ]
[ 1 1920 1664 0 0 ]
[ 1 1920 1792 180 0 ]
[ 1 1920 1920 270 0 ]
[ 1 1920 2048 0 0 ]
[ 1 2048 640 270 0 ]
[ 1 2048 768 90 0 ]
[ 1 2048 896 0 0 ]
[ 1 2048 1024 180 0 ]
[ 1 2048 1152 0 0 ]
[ 1 2048 1280 180 0 ]
[ 1 2048 1408 270 0 ]
[ 1 2048 1536 270 0 ]
[ 1 2048 1664 90 0 ]
[ 18 2048 1792 0 0 ]
[ 18 2048 1920 90 0 ]
[ 18 2048 2048 90 0 ]
[ 1 2176 640 0 0 ]
[ 1 2176 768 90 0 ]
[ 1 2176 896 270 0 ]
[ 1 2176 1024 180 0 ]
[ 1 2176 1152 180 0 ]
[ 1 2176 1280 0 0 ]
[ 1 2176 1408 180 0 ]
[ 1 2176 1536 90 0 ]
[ 1 2176 1664 0 0 ]
[ 18 2176 1792 0 0 ]
[ 6 2176 1920 0 0 ]
[ 6 2176 2048 0 0 ]
[ 1 2304 640 0 0 ]
[ 1 2304 768 270 0 ]
[ 1 2304 896 90 0 ]
[ 1 2304 1024 90 0 ]
[ 1 2304 1152 0 0 ]
[ 1 2304 1280 90 0 ]
[ 1 2304 1408 90 0 ]
[ 1 2304 1536 90 0 ]
[ 1 2304 1664 270 0 ]
[ 18 2304 1792 0 0 ]
[ 6 2304 1920 0 0 ]
[ 6 2304 2048 0 0 ]
[ 1 2432 1024 0 0 ]
Electric
PLayer 1003.9 994.839