Does_not_exist
Map_basic
[ 9 256 -768 0 0 ]
[ 9 384 -768 0 0 ]
[ 9 512 -768 0 0 ]
[ 9 767 -768 0 0 ]
[ 9 896 -768 0 0 ]
[ 9 1024 -768 0 0 ]
[ 9 1280 -768 0 0 ]
[ 9 1408 -768 0 0 ]
[ 9 1536 -768 0 0 ]
[ 9 -384 -640 90 0 ]
[ 9 -384 -512 90 0 ]
[ 9 -256 -256 180 0 ]
[ 9 0 -256 180 0 ]
[ 9 128 -256 180 0 ]
[ 9 256 -256 180 0 ]
[ 9 384 -256 180 0 ]
[ 9 512 -256 180 0 ]
[ 9 768 -256 180 0 ]
[ 9 896 -256 180 0 ]
[ 9 1024 -256 180 0 ]
[ 8 1152 -256 180 0 ]
[ 1 -384 256 270 4 ]
[ 1 -384 768 270 3 ]
[ 7 256 256 0 0 ]
[ 7 384 256 0 0 ]
[ 7 512 256 0 0 ]
[ 7 -384 384 90 0 ]
[ 7 -384 512 90 0 ]
[ 7 -384 640 90 0 ]
[ 7 -256 768 180 0 ]
[ 7 -128 768 180 0 ]
[ 7 0 768 180 0 ]
[ 7 256 768 180 0 ]
[ 7 383 768 180 0 ]
[ 7 512 768 180 0 ]
[ 7 896 256 360 0 ]
[ 7 768 256 0 0 ]
[ 7 1280 256 0 0 ]
[ 7 1408 256 0 0 ]
[ 7 1536 256 0 0 ]
[ 1 1664 256 0 4 ]
[ 23 -384 128 90 0 ]
[ 23 1664 -128 90 0 ]
[ 23 1664 0 90 0 ]
[ 23 1664 128 90 0 ]
[ 14 -256 -640 720 0 ]
[ 14 1536 -640 0 1 ]
[ 4 1664 -768 0 3 ]
[ 4 1664 -256 0 3 ]
[ 4 2176 -768 0 3 ]
[ 4 2176 -256 0 3 ]
[ 12 1792 -256 180 1 ]
[ 12 1920 -256 180 0 ]
[ 12 2048 -256 180 2 ]
[ 12 2176 -384 270 2 ]
[ 12 2176 -512 270 0 ]
[ 12 2176 -640 270 1 ]
[ 12 1792 -768 360 2 ]
[ 12 1920 -768 0 0 ]
[ 12 2048 -768 0 1 ]
[ 28 1152 256 0 barmode 0 ]
[ 11 -384 -896 90 0 ]
[ 11 -384 -1024 90 0 ]
[ 11 -384 -1152 90 0 ]
[ 11 128 -896 90 0 ]
[ 11 128 -1024 90 0 ]
[ 11 128 -1152 90 0 ]
[ 10 -384 -768 90 0 ]
[ 10 128 -768 90 0 ]
[ 11 -128 -1280 180 0 ]
[ 11 0 -1280 180 0 ]
[ 11 -256 -1280 180 0 ]
[ 10 -384 -1280 180 0 ]
[ 10 128 -1280 180 0 ]
[ 15 -128 -1024 360 crystal 0 1 ]
[ 1 1664 768 180 3 ]
[ 7 896 768 180 0 ]
[ 7 1280 768 180 0 ]
[ 7 1408 768 180 0 ]
[ 7 1664 640 270 0 ]
[ 7 1664 512 270 0 ]
[ 7 1664 384 270 0 ]
[ 7 1536 768 360 0 ]
[ 2 128 256 0 dmode 0 0 ]
[ 9 -128 -256 540 0 ]
[ 3 1408 512 0 1 ]
[ 1 1151 768 90 2 ]
[ 20 1920 -512 0 3 ]
[ 8 -384 -256 0 0 ]
[ 9 -384 -385 90 0 ]
[ 8 1152 -768 180 0 ]
[ 8 640 -768 180 0 ]
[ 8 640 -256 180 0 ]
[ 18 640 -512 0 0 ]
[ 6 640 -640 0 0 ]
[ 6 640 -384 0 0 ]
[ 19 640 256 0 1 ]
[ 3 128 768 0 1 ]
[ 3 640 768 0 1 ]
[ 23 -384 0 90 0 ]
[ 23 -384 -128 90 0 ]
[ 1 128 -20224 0 2 ]
[ 7 768 768 180 0 ]
[ 7 1024 256 0 0 ]
[ 3 384 512 0 1 ]
[ 18 1024 512 0 1 ]
[ 7 1024 768 180 0 ]
[ 29 1152 512 0 0 ]
[ 17 -256 -384 0 0 ]
[ 17 -256 -512 0 0 ]
[ 31 640 -384 0 0 ]
[ 31 640 -512 0 0 ]
[ 31 640 -640 0 0 ]
Movables
[ 1152 -129 2 ]
[ 1152 0 2 ]
[ 1152 128 2 ]
Map_floor
[ 9 -256 -640 90 4 ]
[ 9 1280 -640 90 3 ]
[ 9 1408 -640 90 2 ]
[ 9 1536 -640 90 3 ]
[ 9 1536 -512 90 4 ]
[ 9 1536 -384 90 2 ]
[ 9 1408 -384 90 1 ]
[ 9 1280 -384 90 4 ]
[ 9 1152 -384 90 4 ]
[ 9 1024 -384 90 2 ]
[ 9 896 -384 90 4 ]
[ 9 768 -384 90 1 ]
[ 9 1280 -512 90 3 ]
[ 9 1152 -512 90 4 ]
[ 9 896 -512 90 1 ]
[ 9 768 -512 90 3 ]
[ 9 384 -512 90 2 ]
[ 9 256 -512 90 0 ]
[ 9 -128 -640 90 0 ]
[ 9 -256 -512 90 2 ]
[ 9 -128 -384 90 0 ]
[ 9 -128 -512 90 5 ]
[ 9 0 -512 90 3 ]
[ 9 0 -640 90 5 ]
[ 9 128 -640 90 2 ]
[ 9 256 -640 90 5 ]
[ 9 384 -640 90 1 ]
[ 9 1024 -512 90 5 ]
[ 9 768 -640 90 1 ]
[ 9 896 -640 90 4 ]
[ 9 1024 -640 90 2 ]
[ 9 1152 -640 90 3 ]
[ 3 1152 384 90 dmode 1 1 ]
[ 3 1152 640 90 dmode 2 1 ]
[ 23 1664 -640 90 lmode 0 0 ]
[ 23 1664 -512 90 lmode 0 0 ]
[ 23 1664 -384 90 lmode 0 0 ]
[ 13 2048 -384 90 0 ]
[ 13 1792 -384 90 0 ]
[ 13 1792 -512 90 0 ]
[ 13 1920 -512 90 0 ]
[ 13 1792 -640 90 0 ]
[ 20 2048 -640 90 0 ]
[ 20 1920 -640 90 0 ]
[ 20 2048 -512 90 0 ]
[ 20 1920 -384 90 0 ]
[ 9 1408 -512 90 4 ]
[ 4 1280 -256 270 0 ]
[ 4 1408 -256 270 0 ]
[ 4 1536 -256 270 0 ]
[ 3 -256 256 360 dmode 0 1 ]
[ 3 -129 256 0 dmode 0 1 ]
[ 3 0 256 0 dmode 0 1 ]
[ 19 128 128 90 0 ]
[ 19 128 0 90 0 ]
[ 19 128 -128 90 0 ]
[ 21 -128 0 90 0 ]
[ 21 -256 128 90 0 ]
[ 21 -256 0 90 0 ]
[ 21 -256 -128 90 0 ]
[ 21 -128 -128 90 0 ]
[ 21 0 -128 90 0 ]
[ 21 0 0 90 0 ]
[ 21 0 128 90 0 ]
[ 21 -128 128 90 0 ]
[ 22 256 -128 90 0 ]
[ 22 256 0 90 0 ]
[ 22 256 128 90 0 ]
[ 22 384 128 90 0 ]
[ 22 512 128 90 0 ]
[ 22 640 128 90 0 ]
[ 22 768 128 90 0 ]
[ 22 895 128 90 0 ]
[ 22 895 -128 90 0 ]
[ 22 768 -128 90 0 ]
[ 22 640 -128 90 0 ]
[ 22 512 -128 90 0 ]
[ 22 384 -128 90 0 ]
[ 22 384 0 90 0 ]
[ 22 512 0 90 0 ]
[ 22 640 0 90 0 ]
[ 22 768 0 90 0 ]
[ 22 895 0 90 0 ]
[ 22 1407 128 90 0 ]
[ 22 1279 128 90 0 ]
[ 22 1151 128 90 0 ]
[ 22 1023 128 90 0 ]
[ 22 1023 0 90 0 ]
[ 22 1151 0 90 0 ]
[ 22 1279 -128 90 0 ]
[ 22 1023 -128 90 0 ]
[ 22 1151 -128 90 0 ]
[ 22 1279 0 90 0 ]
[ 22 1407 0 90 0 ]
[ 22 1407 -128 90 0 ]
[ 22 1536 -128 90 0 ]
[ 22 1536 0 90 0 ]
[ 22 1536 128 90 0 ]
[ 1 -129 384 270 0 ]
[ 1 -1 384 90 0 ]
[ 1 -1 512 90 0 ]
[ 1 -1 639 270 0 ]
[ 1 -129 639 90 0 ]
[ 1 -256 384 180 0 ]
[ 1 -256 512 180 0 ]
[ 1 -256 639 180 0 ]
[ 1 -129 512 90 0 ]
[ 1 768 384 0 0 ]
[ 1 768 512 90 0 ]
[ 1 768 639 270 0 ]
[ 1 896 639 270 0 ]
[ 1 1024 512 180 0 ]
[ 1 896 384 180 0 ]
[ 1 1280 384 180 0 ]
[ 1 1280 512 90 0 ]
[ 1 1280 639 270 0 ]
[ 1 1408 639 180 0 ]
[ 1 1536 639 0 0 ]
[ 1 1536 512 270 0 ]
[ 1 1536 384 270 0 ]
[ 1 1408 384 180 0 ]
[ 10 127 384 360 0 ]
[ 10 127 512 0 0 ]
[ 10 127 639 0 0 ]
[ 10 640 384 180 0 ]
[ 10 640 512 180 0 ]
[ 10 640 639 180 0 ]
[ 6 256 512 180 0 ]
[ 6 256 639 180 0 ]
[ 6 512 639 180 0 ]
[ 6 512 512 180 0 ]
[ 6 512 384 180 0 ]
[ 6 256 384 180 0 ]
[ 19 512 -640 0 0 ]
[ 19 512 -512 0 0 ]
[ 19 512 -384 0 0 ]
[ 19 384 512 360 0 ]
[ 6 384 640 0 0 ]
[ 6 384 384 0 0 ]
[ 17 1024 640 0 dmode 1 0 ]
[ 1 896 512 180 0 ]
[ 14 -384 -896 0 0 ]
[ 14 -384 -1024 0 0 ]
[ 14 -384 -1152 0 0 ]
[ 14 -257 -1280 0 0 ]
[ 14 -129 -1280 0 0 ]
[ 14 0 -1280 0 0 ]
[ 14 128 -1152 0 0 ]
[ 14 128 -1024 0 0 ]
[ 14 128 -896 0 0 ]
[ 11 -257 -1024 0 0 ]
[ 11 -129 -1152 0 0 ]
[ 11 0 -1152 0 0 ]
[ 11 -257 -1152 0 0 ]
[ 11 0 -1024 0 0 ]
[ 11 0 -896 0 0 ]
[ 11 -129 -896 0 0 ]
[ 11 -257 -896 0 0 ]
[ 17 1024 384 0 dmode 2 0 ]
[ 44 -256 -384 0 5 ]
[ 44 256 -384 0 2 ]
[ 9 128 -512 0 2 ]
[ 9 0 -384 0 0 ]
[ 16 -256 -768 0 crystal 0 1 ]
[ 16 -128 -768 0 crystal 0 1 ]
[ 16 0 -768 0 crystal 0 1 ]
[ 9 640 -640 0 2 ]
[ 9 640 -384 0 1 ]
[ 9 640 -512 0 0 ]
[ 44 128 -384 0 0 ]
[ 44 384 -384 0 1 ]
[ 104 655 -739 Push ]
[ 104 384 768 Collect ]
[ 104 415 795 all ]
[ 104 396 823 coins ]
[ 104 654 -231 Push ]
[ 104 324 285 Lean_to_interact ]
Electric
PLayer -84.8159 -499.57