Does_not_exist
Map_basic
[ 1 256 256 180 1 ]
[ 7 256 384 90 0 ]
[ 3 256 512 0 1 ]
[ 7 256 640 90 0 ]
[ 1 256 768 270 2 ]
[ 7 256 896 90 0 ]
[ 3 256 1024 0 1 ]
[ 7 256 1152 90 0 ]
[ 1 256 1280 180 1 ]
[ 7 384 256 0 0 ]
[ 7 384 1280 0 0 ]
[ 26 512 256 90 dmode 2 0 ]
[ 1 512 768 0 3 ]
[ 7 512 1280 0 0 ]
[ 7 640 256 0 0 ]
[ 18 640 768 0 0 ]
[ 7 640 1280 0 0 ]
[ 27 768 256 90 dmode 0 1 ]
[ 1 768 768 180 5 ]
[ 7 768 896 90 0 ]
[ 27 768 1024 90 dmode 0 1 ]
[ 1 768 1280 0 4 ]
[ 7 896 256 0 0 ]
[ 7 896 1024 0 0 ]
[ 7 896 1280 0 0 ]
[ 26 1024 256 90 dmode 1 0 ]
[ 1 1024 768 90 5 ]
[ 1 1024 1024 90 0 ]
[ 26 1024 1280 270 dmode 0 0 ]
[ 7 1152 256 0 0 ]
[ 7 1152 1024 0 0 ]
[ 7 1152 1280 0 0 ]
[ 27 1280 256 90 dmode 2 1 ]
[ 1 1280 768 180 5 ]
[ 7 1280 896 90 0 ]
[ 27 1280 1024 90 dmode 2 1 ]
[ 1 1280 1280 180 1 ]
[ 7 1408 256 0 0 ]
[ 18 1408 768 0 0 ]
[ 7 1408 1280 0 0 ]
[ 26 1536 256 90 dmode 0 0 ]
[ 1 1536 768 90 2 ]
[ 7 1536 1280 0 0 ]
[ 7 1664 256 0 0 ]
[ 7 1664 1280 0 0 ]
[ 27 1792 256 90 dmode 1 1 ]
[ 1 1792 768 270 5 ]
[ 7 1792 1280 0 0 ]
[ 7 1920 256 0 0 ]
[ 7 1920 1280 0 0 ]
[ 1 2048 256 0 3 ]
[ 1 2048 768 0 3 ]
[ 7 2048 896 90 1 ]
[ 7 2048 1152 270 1 ]
[ 1 2048 1280 270 2 ]
[ 7 2176 256 0 0 ]
[ 7 2176 768 0 0 ]
[ 3 2304 256 0 1 ]
[ 3 2304 768 0 1 ]
[ 7 2432 256 0 0 ]
[ 7 2432 768 0 0 ]
[ 1 2560 256 270 3 ]
[ 7 2560 384 90 0 ]
[ 7 2560 512 90 0 ]
[ 7 2560 640 90 0 ]
[ 1 2560 768 90 2 ]
[ 6 2047 1024 0 1 ]
[ 23 2432 1280 0 0 ]
[ 23 2304 1280 0 0 ]
[ 23 2176 1280 0 0 ]
[ 23 2560 1152 90 0 ]
[ 23 2560 1024 90 0 ]
[ 23 2560 896 90 0 ]
[ 16 2560 1280 90 0 ]
Movables
Map_floor
[ 21 384 384 0 0 ]
[ 21 384 512 0 0 ]
[ 21 384 640 0 0 ]
[ 3 384 768 0 dmode 1 1 ]
[ 1 384 896 270 0 ]
[ 1 384 1024 90 0 ]
[ 1 384 1152 180 0 ]
[ 21 512 384 0 0 ]
[ 21 512 512 0 0 ]
[ 21 512 640 0 0 ]
[ 1 512 896 90 0 ]
[ 1 512 1024 180 0 ]
[ 1 512 1152 90 0 ]
[ 21 640 384 0 0 ]
[ 21 640 512 0 0 ]
[ 21 640 640 0 0 ]
[ 22 640 768 0 0 ]
[ 19 640 896 270 0 ]
[ 1 640 1024 0 0 ]
[ 1 640 1152 90 0 ]
[ 21 768 384 0 0 ]
[ 21 768 512 0 0 ]
[ 21 768 640 0 0 ]
[ 1 768 896 180 0 ]
[ 1 768 1024 90 0 ]
[ 3 768 1152 90 dmode 0 1 ]
[ 21 896 384 0 0 ]
[ 21 896 512 0 0 ]
[ 21 896 640 0 0 ]
[ 3 896 768 0 dmode 2 1 ]
[ 17 896 896 180 dmode 3 0 ]
[ 1 896 1024 180 0 ]
[ 1 896 1152 180 0 ]
[ 21 1024 384 0 0 ]
[ 21 1024 512 0 0 ]
[ 21 1024 640 0 0 ]
[ 1 1024 896 270 0 ]
[ 1 1024 1024 90 0 ]
[ 3 1024 1152 90 dmode 1 1 ]
[ 21 1152 384 0 0 ]
[ 21 1152 512 0 0 ]
[ 21 1152 640 0 0 ]
[ 2 1152 768 0 dmode 0 0 ]
[ 17 1152 896 0 dmode 4 0 ]
[ 1 1152 1024 90 0 ]
[ 1 1152 1152 180 0 ]
[ 21 1280 384 0 0 ]
[ 21 1280 512 0 0 ]
[ 21 1280 640 0 0 ]
[ 1 1280 896 90 0 ]
[ 1 1280 1024 180 0 ]
[ 3 1280 1152 90 dmode 2 1 ]
[ 21 1408 384 0 0 ]
[ 21 1408 512 0 0 ]
[ 21 1408 640 0 0 ]
[ 22 1408 768 0 0 ]
[ 19 1408 896 270 0 ]
[ 1 1408 1024 0 0 ]
[ 1 1408 1152 0 0 ]
[ 21 1536 384 0 0 ]
[ 21 1536 512 0 0 ]
[ 21 1536 640 0 0 ]
[ 1 1536 896 90 0 ]
[ 1 1536 1024 270 0 ]
[ 1 1536 1152 90 0 ]
[ 21 1664 384 0 0 ]
[ 21 1664 512 0 0 ]
[ 21 1664 640 0 0 ]
[ 2 1664 768 0 dmode 0 0 ]
[ 1 1664 896 0 0 ]
[ 1 1664 1024 180 0 ]
[ 1 1664 1152 270 0 ]
[ 21 1792 384 0 0 ]
[ 21 1792 512 0 0 ]
[ 21 1792 640 0 0 ]
[ 1 1792 896 90 0 ]
[ 1 1792 1024 0 0 ]
[ 1 1792 1152 270 0 ]
[ 21 1920 384 0 0 ]
[ 21 1920 512 0 0 ]
[ 21 1920 640 0 0 ]
[ 3 1920 768 0 dmode 2 1 ]
[ 1 1920 896 90 0 ]
[ 1 1920 1024 180 0 ]
[ 1 1920 1152 180 0 ]
[ 3 2048 384 90 dmode 3 1 ]
[ 3 2048 512 90 dmode 3 1 ]
[ 3 2048 640 90 dmode 3 1 ]
[ 1 2176 384 90 0 ]
[ 1 2176 512 270 0 ]
[ 1 2176 640 0 0 ]
[ 3 2304 384 90 dmode 4 1 ]
[ 3 2304 512 90 dmode 4 1 ]
[ 3 2304 640 90 dmode 4 1 ]
[ 6 2432 384 0 0 ]
[ 6 2432 512 0 0 ]
[ 6 2432 640 0 0 ]
[ 10 2047 1024 0 0 ]
[ 22 2176 896 90 0 ]
[ 22 2304 896 90 0 ]
[ 22 2432 896 90 0 ]
[ 22 2432 1024 90 0 ]
[ 22 2432 1152 90 0 ]
[ 22 2304 1152 90 0 ]
[ 22 2304 1024 90 0 ]
[ 22 2176 1024 90 0 ]
[ 22 2176 1152 90 0 ]
[ 100 1408 768 1171 ]
Electric
PLayer 587.629 574.798