Does_not_exist
Map_basic
[ 1 768 640 180 4 ]
[ 7 768 768 90 0 ]
[ 7 768 896 90 0 ]
[ 7 768 1024 90 0 ]
[ 1 768 1152 180 0 ]
[ 7 768 1280 90 0 ]
[ 7 768 1408 90 0 ]
[ 7 768 1536 90 0 ]
[ 1 768 1664 270 2 ]
[ 7 768 1792 90 0 ]
[ 7 768 1920 90 0 ]
[ 7 768 2048 90 0 ]
[ 1 768 2176 180 5 ]
[ 7 896 640 0 0 ]
[ 6 896 1280 0 1 ]
[ 18 896 1408 0 1 ]
[ 3 896 1536 0 1 ]
[ 7 896 1664 0 0 ]
[ 3 896 1792 0 1 ]
[ 18 896 1920 0 1 ]
[ 3 896 2048 0 1 ]
[ 7 896 2176 0 0 ]
[ 7 1024 640 0 0 ]
[ 1 1024 1152 270 2 ]
[ 1 1024 1664 90 3 ]
[ 1 1024 2176 270 3 ]
[ 1 1024 2432 90 0 ]
[ 7 1152 640 0 0 ]
[ 4 1152 1152 0 1 ]
[ 7 1152 2432 0 0 ]
[ 1 1280 640 90 5 ]
[ 1 1280 1152 0 3 ]
[ 7 1280 2432 0 0 ]
[ 7 1408 640 0 0 ]
[ 7 1408 1152 0 0 ]
[ 4 1408 1664 0 1 ]
[ 1 1408 2176 90 5 ]
[ 7 1408 2432 0 0 ]
[ 27 1536 640 90 dmode 2 1 ]
[ 26 1536 1152 270 dmode 1 0 ]
[ 7 1536 2432 0 0 ]
[ 7 1664 640 0 0 ]
[ 27 1664 1152 0 dmode 1 1 ]
[ 27 1664 1664 0 dmode 0 1 ]
[ 3 1664 2176 0 1 ]
[ 7 1664 2304 90 0 ]
[ 1 1664 2432 180 2 ]
[ 7 1792 640 0 0 ]
[ 7 1792 2432 0 0 ]
[ 7 1920 640 0 0 ]
[ 7 1920 2432 0 0 ]
[ 7 2048 640 0 0 ]
[ 7 2048 2432 0 0 ]
[ 1 2176 640 90 0 ]
[ 7 2176 768 90 0 ]
[ 7 2176 896 90 0 ]
[ 7 2176 1024 90 0 ]
[ 26 2176 1152 180 dmode 0 0 ]
[ 7 2176 1280 90 0 ]
[ 7 2176 1408 90 0 ]
[ 7 2176 1536 90 0 ]
[ 26 2176 1664 180 dmode 1 0 ]
[ 7 2176 1792 90 0 ]
[ 7 2176 1920 90 0 ]
[ 7 2176 2048 90 0 ]
[ 1 2176 2176 90 5 ]
[ 7 2176 2304 90 0 ]
[ 1 2176 2432 180 1 ]
[ 1 768 2432 270 5 ]
[ 7 896 2432 360 0 ]
[ 7 768 2304 90 0 ]
[ 31 1280 768 0 0 ]
[ 31 1280 896 0 0 ]
[ 31 1280 1024 0 0 ]
Movables
[ 896 1024 2 ]
Map_floor
[ 1 896 768 270 0 ]
[ 1 896 896 0 0 ]
[ 1 896 1024 180 0 ]
[ 3 896 1152 0 dmode 3 1 ]
[ 21 896 1280 0 0 ]
[ 19 896 1408 0 0 ]
[ 21 896 1536 0 0 ]
[ 21 896 1792 0 0 ]
[ 19 896 1920 0 0 ]
[ 21 896 2048 0 0 ]
[ 1 1024 768 180 0 ]
[ 1 1024 896 90 0 ]
[ 1 1024 1024 270 0 ]
[ 2 1024 1280 90 dmode 0 0 ]
[ 2 1024 1408 90 dmode 0 0 ]
[ 2 1024 1536 90 dmode 0 0 ]
[ 3 1024 1792 90 dmode 3 1 ]
[ 3 1024 1920 90 dmode 3 1 ]
[ 3 1024 2048 90 dmode 3 1 ]
[ 1 1152 768 0 0 ]
[ 1 1152 896 0 0 ]
[ 1 1152 1024 90 0 ]
[ 1 1152 1280 270 0 ]
[ 1 1152 1408 270 0 ]
[ 1 1152 1536 90 0 ]
[ 2 1152 1664 0 dmode 1 0 ]
[ 1 1152 1792 0 0 ]
[ 1 1152 1920 270 0 ]
[ 1 1152 2048 270 0 ]
[ 17 1152 2176 0 dmode 3 0 ]
[ 19 1152 2304 0 0 ]
[ 2 1280 768 90 dmode 2 0 ]
[ 2 1280 896 90 dmode 2 0 ]
[ 2 1280 1024 90 dmode 2 0 ]
[ 1 1280 1280 90 0 ]
[ 1 1280 1408 0 0 ]
[ 1 1280 1536 180 0 ]
[ 2 1280 1664 0 dmode 1 0 ]
[ 1 1280 1792 270 0 ]
[ 1 1280 1920 270 0 ]
[ 1 1280 2048 0 0 ]
[ 17 1280 2176 0 dmode 4 0 ]
[ 21 1408 768 0 0 ]
[ 21 1408 896 0 0 ]
[ 21 1408 1024 0 0 ]
[ 1 1408 1280 180 0 ]
[ 1 1408 1408 180 0 ]
[ 1 1408 1536 180 0 ]
[ 3 1408 1792 90 dmode 0 1 ]
[ 3 1408 1920 90 dmode 0 1 ]
[ 3 1408 2048 90 dmode 0 1 ]
[ 21 1536 768 0 0 ]
[ 21 1536 896 0 0 ]
[ 21 1536 1024 0 0 ]
[ 1 1536 1280 180 0 ]
[ 1 1536 1408 270 0 ]
[ 1 1536 1536 270 0 ]
[ 2 1536 1664 0 dmode 0 0 ]
[ 1 1536 1792 180 0 ]
[ 1 1536 1920 90 0 ]
[ 1 1536 2048 90 0 ]
[ 19 1536 2176 270 0 ]
[ 21 1664 768 0 0 ]
[ 21 1664 896 0 0 ]
[ 21 1664 1024 0 0 ]
[ 3 1664 1280 90 dmode 1 1 ]
[ 3 1664 1408 90 dmode 1 1 ]
[ 3 1664 1536 90 dmode 1 1 ]
[ 2 1664 1792 90 dmode 1 0 ]
[ 2 1664 1920 90 dmode 1 0 ]
[ 2 1664 2048 270 dmode 1 0 ]
[ 21 1792 768 0 0 ]
[ 21 1792 896 0 0 ]
[ 21 1792 1024 0 0 ]
[ 21 1792 1152 0 0 ]
[ 21 1792 1280 0 0 ]
[ 21 1792 1408 0 0 ]
[ 21 1792 1536 0 0 ]
[ 21 1792 1664 0 0 ]
[ 21 1792 1792 0 0 ]
[ 21 1792 1920 0 0 ]
[ 21 1792 2048 0 0 ]
[ 3 1792 2176 0 dmode 4 1 ]
[ 6 1792 2304 0 0 ]
[ 21 1920 768 0 0 ]
[ 21 1920 896 0 0 ]
[ 21 1920 1024 0 0 ]
[ 21 1920 1152 0 0 ]
[ 21 1920 1280 0 0 ]
[ 21 1920 1408 0 0 ]
[ 21 1920 1536 0 0 ]
[ 21 1920 1664 0 0 ]
[ 21 1920 1792 0 0 ]
[ 21 1920 1920 0 0 ]
[ 21 1920 2048 0 0 ]
[ 3 1920 2176 0 dmode 4 1 ]
[ 6 1920 2304 0 0 ]
[ 21 2048 768 0 0 ]
[ 21 2048 896 0 0 ]
[ 21 2048 1024 0 0 ]
[ 21 2048 1152 0 0 ]
[ 21 2048 1280 0 0 ]
[ 21 2048 1408 0 0 ]
[ 21 2048 1536 0 0 ]
[ 21 2048 1664 0 0 ]
[ 21 2048 1792 0 0 ]
[ 21 2048 1920 0 0 ]
[ 21 2048 2048 0 0 ]
[ 3 2048 2176 0 dmode 4 1 ]
[ 6 2048 2304 0 0 ]
[ 22 1280 2304 270 0 ]
[ 22 1536 2304 270 0 ]
[ 22 1407 2304 270 0 ]
[ 18 1024 2304 90 7 ]
[ 21 896 2304 90 0 ]
[ 100 1408 1280 750 ]
Electric
PLayer 1088.03 974.419