Does_not_exist
Map_basic
[ 1 640 640 180 0 ]
[ 7 640 768 90 0 ]
[ 7 640 896 90 0 ]
[ 7 640 1024 90 0 ]
[ 1 640 1152 0 3 ]
[ 7 640 1280 90 0 ]
[ 7 640 1408 90 0 ]
[ 7 640 1536 90 0 ]
[ 1 640 1664 270 2 ]
[ 7 640 1792 90 0 ]
[ 7 640 2048 90 0 ]
[ 1 640 2176 180 5 ]
[ 7 768 640 0 0 ]
[ 2 768 768 0 dmode 0 0 ]
[ 7 1024 640 0 0 ]
[ 7 1024 2176 0 0 ]
[ 1 1152 640 0 4 ]
[ 1 1152 1152 180 1 ]
[ 2 1152 1664 0 dmode 1 0 ]
[ 1 1152 2176 0 3 ]
[ 7 1280 640 0 0 ]
[ 7 2176 2048 90 0 ]
[ 7 640 768 90 0 ]
[ 7 640 896 90 0 ]
[ 7 640 1024 90 0 ]
[ 1 640 1152 0 3 ]
[ 7 640 1280 90 0 ]
[ 7 640 1408 90 0 ]
[ 7 640 1536 90 0 ]
[ 1 640 1664 270 2 ]
[ 7 640 1792 90 0 ]
[ 7 640 2048 90 0 ]
[ 1 640 2176 180 5 ]
[ 7 768 640 0 0 ]
[ 2 768 768 0 dmode 0 0 ]
[ 7 768 2176 0 0 ]
[ 7 896 640 0 0 ]
[ 28 896 2176 0 barmode 0 ]
[ 7 1024 640 0 0 ]
[ 7 1024 2176 0 0 ]
[ 1 1152 640 0 4 ]
[ 1 1152 1152 180 1 ]
[ 2 1152 1664 0 dmode 1 0 ]
[ 1 1152 2176 0 3 ]
[ 7 1280 640 0 0 ]
[ 7 1280 2176 0 0 ]
[ 3 1408 640 0 1 ]
[ 3 1408 2176 0 1 ]
[ 7 1536 640 0 0 ]
[ 7 1536 2176 0 0 ]
[ 1 1664 640 90 5 ]
[ 3 1664 1152 0 1 ]
[ 1 1664 1664 180 1 ]
[ 1 1664 2176 270 5 ]
[ 7 1792 640 0 0 ]
[ 7 1920 640 0 0 ]
[ 3 1920 2176 0 1 ]
[ 7 2048 640 0 0 ]
[ 2 2048 768 180 dmode 2 0 ]
[ 7 2048 2176 0 0 ]
[ 1 2176 640 0 3 ]
[ 7 2176 768 90 0 ]
[ 7 2176 896 90 0 ]
[ 7 2176 1024 90 0 ]
[ 1 2176 1152 90 2 ]
[ 7 2176 1280 90 0 ]
[ 7 2176 1408 90 0 ]
[ 7 2176 1536 90 0 ]
[ 1 2176 1664 0 3 ]
[ 7 2176 1792 90 0 ]
[ 28 2176 1920 0 barmode 1 ]
[ 7 2176 2048 90 0 ]
[ 1 2176 2176 90 2 ]
[ 7 1792 2176 360 0 ]
[ 3 640 1920 0 1 ]
[ 31 1152 1280 0 0 ]
[ 31 1152 1408 0 0 ]
[ 31 1152 1536 0 0 ]
[ 31 1023 1664 0 0 ]
[ 31 896 1664 0 0 ]
[ 31 768 1664 0 0 ]
[ 31 1152 1792 0 0 ]
[ 31 1152 1920 0 0 ]
[ 31 1152 2048 0 0 ]
[ 31 1280 1664 0 0 ]
[ 31 1408 1664 0 0 ]
[ 31 1536 1664 0 0 ]
Movables
Map_floor
[ 21 768 896 0 0 ]
[ 21 768 1024 0 0 ]
[ 2 768 1152 0 dmode 0 0 ]
[ 1 768 1280 180 0 ]
[ 1 768 1408 90 0 ]
[ 1 768 1536 90 0 ]
[ 39 768 1664 180 barmode 0 1 ]
[ 21 768 1792 0 0 ]
[ 21 768 1920 0 0 ]
[ 21 768 2048 0 0 ]
[ 21 896 768 0 0 ]
[ 21 896 896 0 0 ]
[ 21 896 1024 0 0 ]
[ 2 896 1152 0 dmode 0 0 ]
[ 1 896 1280 270 0 ]
[ 1 896 1408 90 0 ]
[ 1 896 1536 180 0 ]
[ 39 896 1664 270 barmode 0 1 ]
[ 21 896 1792 0 0 ]
[ 21 896 1920 0 0 ]
[ 21 896 2048 0 0 ]
[ 21 1024 768 0 0 ]
[ 21 1024 896 0 0 ]
[ 21 1024 1024 0 0 ]
[ 2 1024 1152 0 dmode 0 0 ]
[ 1 1024 1280 270 0 ]
[ 1 1024 1408 180 0 ]
[ 1 1024 1536 180 0 ]
[ 39 1024 1664 180 barmode 0 1 ]
[ 21 1024 1792 0 0 ]
[ 21 1024 1920 0 0 ]
[ 21 1024 2048 0 0 ]
[ 3 1152 768 90 dmode 1 1 ]
[ 3 1152 896 90 dmode 1 1 ]
[ 3 1152 1024 90 dmode 1 1 ]
[ 38 1152 1280 90 barmode 1 0 ]
[ 38 1152 1408 270 barmode 1 0 ]
[ 38 1152 1536 90 barmode 1 0 ]
[ 39 1152 1792 90 barmode 1 1 ]
[ 39 1152 1920 270 barmode 1 1 ]
[ 39 1152 2048 90 barmode 1 1 ]
[ 1 1280 768 270 0 ]
[ 1 1280 896 270 0 ]
[ 1 1280 1024 0 0 ]
[ 3 1280 1152 0 dmode 0 1 ]
[ 21 1280 1280 0 0 ]
[ 21 1280 1408 0 0 ]
[ 21 1280 1536 0 0 ]
[ 38 1280 1664 180 barmode 0 0 ]
[ 1 1280 1792 0 0 ]
[ 1 1280 1920 270 0 ]
[ 1 1280 2048 180 0 ]
[ 1 1408 768 90 0 ]
[ 1 1408 896 180 0 ]
[ 1 1408 1024 270 0 ]
[ 3 1408 1152 0 dmode 0 1 ]
[ 21 1408 1280 0 0 ]
[ 21 1408 1408 0 0 ]
[ 21 1408 1536 0 0 ]
[ 38 1408 1664 180 barmode 0 0 ]
[ 1 1408 1792 90 0 ]
[ 1 1408 1920 180 0 ]
[ 1 1408 2048 270 0 ]
[ 1 1536 768 270 0 ]
[ 1 1536 896 180 0 ]
[ 1 1536 1024 180 0 ]
[ 3 1536 1152 0 dmode 0 1 ]
[ 21 1536 1280 0 0 ]
[ 21 1536 1408 0 0 ]
[ 21 1536 1536 0 0 ]
[ 38 1536 1664 180 barmode 0 0 ]
[ 1 1536 1792 0 0 ]
[ 1 1536 1920 180 0 ]
[ 1 1536 2048 0 0 ]
[ 2 1664 768 90 dmode 2 0 ]
[ 2 1664 896 90 dmode 2 0 ]
[ 2 1664 1024 90 dmode 2 0 ]
[ 3 1664 1280 90 dmode 0 1 ]
[ 3 1664 1408 90 dmode 0 1 ]
[ 3 1664 1536 90 dmode 0 1 ]
[ 38 1664 1792 90 barmode 1 0 ]
[ 38 1664 1920 270 barmode 1 0 ]
[ 38 1664 2048 90 barmode 1 0 ]
[ 21 1792 768 0 0 ]
[ 21 1792 896 0 0 ]
[ 21 1792 1024 0 0 ]
[ 3 1792 1152 0 dmode 2 1 ]
[ 6 1792 1280 0 0 ]
[ 6 1792 1408 0 0 ]
[ 6 1792 1536 0 0 ]
[ 3 1792 1664 0 dmode 1 1 ]
[ 21 1792 1792 0 0 ]
[ 21 1792 1920 0 0 ]
[ 21 1792 2048 0 0 ]
[ 21 1920 768 0 0 ]
[ 21 1920 896 0 0 ]
[ 21 1920 1024 0 0 ]
[ 3 1920 1152 0 dmode 2 1 ]
[ 6 1920 1280 0 0 ]
[ 6 1920 1408 0 0 ]
[ 6 1920 1536 0 0 ]
[ 3 1920 1664 0 dmode 1 1 ]
[ 21 1920 1792 0 0 ]
[ 21 1920 1920 0 0 ]
[ 21 1920 2048 0 0 ]
[ 21 2048 768 0 0 ]
[ 21 2048 896 0 0 ]
[ 21 2048 1024 0 0 ]
[ 3 2048 1152 0 dmode 2 1 ]
[ 6 2048 1280 0 0 ]
[ 6 2048 1408 0 0 ]
[ 6 2048 1536 0 0 ]
[ 3 2048 1664 0 dmode 1 1 ]
[ 21 2048 1792 0 0 ]
[ 21 2048 1920 0 0 ]
[ 21 2048 2048 0 0 ]
[ 100 1408 1408 937 ]
Electric
PLayer 987.208 977.412