Does_not_exist
Map_basic
[ 1 256 256 0 5 ]
[ 7 256 384 90 0 ]
[ 7 256 512 90 0 ]
[ 7 256 640 90 0 ]
[ 7 256 768 90 0 ]
[ 1 256 896 0 4 ]
[ 7 384 256 0 0 ]
[ 7 384 896 0 0 ]
[ 7 512 256 0 0 ]
[ 7 512 896 0 0 ]
[ 7 640 256 0 0 ]
[ 7 640 896 0 0 ]
[ 7 768 256 0 0 ]
[ 7 768 896 0 0 ]
[ 8 1024 256 0 0 ]
[ 8 1024 896 0 0 ]
[ 9 1152 256 0 0 ]
[ 9 1152 896 0 0 ]
[ 9 1280 256 0 0 ]
[ 9 1280 896 0 0 ]
[ 9 1408 256 0 0 ]
[ 9 1408 896 0 0 ]
[ 9 1536 256 0 0 ]
[ 14 1536 384 0 0 ]
[ 9 1536 896 0 0 ]
[ 9 1664 256 0 0 ]
[ 8 1664 896 0 0 ]
[ 9 1664 1024 90 0 ]
[ 9 1664 1152 90 0 ]
[ 8 1664 1280 0 0 ]
[ 9 1664 1792 90 0 ]
[ 9 1664 1920 90 0 ]
[ 9 1664 2048 90 0 ]
[ 8 1664 2176 0 0 ]
[ 8 1664 2688 0 0 ]
[ 9 1664 2816 90 0 ]
[ 9 1664 2944 90 0 ]
[ 9 1664 3072 90 0 ]
[ 9 1792 256 0 0 ]
[ 9 1792 1280 0 0 ]
[ 11 1792 1664 0 0 ]
[ 17 1792 2304 0 0 ]
[ 17 1792 2688 0 0 ]
[ 9 1792 3200 0 0 ]
[ 9 1920 256 0 0 ]
[ 9 1920 1280 0 0 ]
[ 11 1920 1664 0 0 ]
[ 17 1920 2432 0 0 ]
[ 17 1920 2944 0 0 ]
[ 9 1920 3200 0 0 ]
[ 9 2048 256 0 0 ]
[ 9 2048 1280 0 0 ]
[ 11 2048 1664 0 0 ]
[ 17 2048 2688 0 0 ]
[ 17 2048 2944 0 0 ]
[ 9 2048 3200 0 0 ]
[ 9 2176 256 0 0 ]
[ 8 2176 896 0 0 ]
[ 9 2176 1024 90 0 ]
[ 9 2176 1152 90 0 ]
[ 8 2176 1280 0 0 ]
[ 10 2176 1664 0 0 ]
[ 10 2176 2176 0 0 ]
[ 17 2176 2560 0 0 ]
[ 16 2176 2688 0 1 ]
[ 9 2176 3200 0 0 ]
[ 9 2304 256 0 0 ]
[ 14 2304 640 0 2 ]
[ 9 2304 896 0 0 ]
[ 11 2304 1664 0 0 ]
[ 11 2304 2176 0 0 ]
[ 9 2304 3200 0 0 ]
[ 9 2432 256 0 0 ]
[ 9 2432 896 0 0 ]
[ 11 2432 1664 0 0 ]
[ 6 2432 1920 0 2 ]
[ 11 2432 2176 0 0 ]
[ 17 2432 2304 0 0 ]
[ 9 2432 3200 0 0 ]
[ 8 2560 256 0 0 ]
[ 9 2560 384 90 0 ]
[ 9 2560 512 90 0 ]
[ 9 2560 640 90 0 ]
[ 9 2560 768 90 0 ]
[ 8 2560 896 0 0 ]
[ 11 2560 1664 0 0 ]
[ 11 2560 2176 0 0 ]
[ 17 2560 2432 0 0 ]
[ 17 2560 2688 0 0 ]
[ 9 2560 3200 0 0 ]
[ 10 2688 1664 0 0 ]
[ 11 2688 1792 90 0 ]
[ 11 2688 1920 90 0 ]
[ 11 2688 2048 90 0 ]
[ 15 2688 2176 0 crystal 0 1 ]
[ 8 2688 2688 0 0 ]
[ 9 2688 3200 0 0 ]
[ 9 2816 2176 0 0 ]
[ 17 2816 2816 0 0 ]
[ 9 2816 3200 0 0 ]
[ 9 2944 2176 0 0 ]
[ 14 2944 2944 0 1 ]
[ 9 2944 3200 0 0 ]
[ 9 3072 2176 0 0 ]
[ 9 3072 3200 0 0 ]
[ 8 3200 2176 0 0 ]
[ 8 3200 2688 0 0 ]
[ 9 3200 2816 90 0 ]
[ 9 3200 2944 90 0 ]
[ 9 3200 3072 90 0 ]
[ 8 3200 3200 0 0 ]
[ 9 3328 2176 0 0 ]
[ 9 3328 2688 0 0 ]
[ 9 3456 2176 0 0 ]
[ 9 3456 2688 0 0 ]
[ 9 3584 2176 0 0 ]
[ 9 3584 2688 0 0 ]
[ 8 3712 2176 0 0 ]
[ 8 3712 2688 0 0 ]
[ 9 3840 2176 0 0 ]
[ 9 3840 2688 0 0 ]
[ 9 3968 2176 0 0 ]
[ 9 3968 2688 0 0 ]
[ 9 4096 2176 0 0 ]
[ 9 4096 2688 0 0 ]
[ 8 4224 2176 0 0 ]
[ 9 4224 2304 90 0 ]
[ 9 4224 2432 90 0 ]
[ 9 4224 2560 90 0 ]
[ 8 4224 2688 0 0 ]
[ 13 4608 2048 0 0 ]
[ 12 4608 2176 90 2 ]
[ 12 4608 2304 90 0 ]
[ 12 4608 2432 90 1 ]
[ 13 4608 2560 0 0 ]
[ 12 4608 2688 90 0 ]
[ 12 4608 2816 90 0 ]
[ 12 4608 2944 90 0 ]
[ 13 4608 3072 0 0 ]
[ 12 4736 2048 0 2 ]
[ 24 4736 2176 0 lmode 1 0 ]
[ 12 4736 3072 0 0 ]
[ 12 4864 2048 0 0 ]
[ 12 4864 3072 0 0 ]
[ 12 4992 2048 0 0 ]
[ 12 4992 3072 0 0 ]
[ 12 5120 2048 0 0 ]
[ 13 5120 2560 0 0 ]
[ 12 5120 2688 90 0 ]
[ 12 5120 2816 90 0 ]
[ 12 5120 2944 90 0 ]
[ 13 5120 3072 0 0 ]
[ 12 5248 2048 0 0 ]
[ 12 5248 2560 0 2 ]
[ 12 5248 3072 0 0 ]
[ 12 5376 2048 0 0 ]
[ 12 5376 2560 0 0 ]
[ 3 5376 2816 0 3 ]
[ 12 5376 3072 0 0 ]
[ 12 5504 2048 0 1 ]
[ 12 5504 2560 0 1 ]
[ 12 5504 3072 0 0 ]
[ 13 5632 2048 0 0 ]
[ 13 5632 2560 0 0 ]
[ 13 5632 3072 0 0 ]
[ 12 5760 2048 0 0 ]
[ 12 5760 2560 0 1 ]
[ 12 5760 3072 0 0 ]
[ 3 5888 2048 0 3 ]
[ 6 5888 2560 0 3 ]
[ 12 6016 2048 0 0 ]
[ 12 6016 2560 0 2 ]
[ 12 6016 3072 0 0 ]
[ 13 6144 2048 0 0 ]
[ 12 6144 2176 90 1 ]
[ 12 6144 2432 90 2 ]
[ 13 6144 2560 0 0 ]
[ 12 6144 2688 90 0 ]
[ 12 6144 2816 90 0 ]
[ 12 6144 2944 90 0 ]
[ 13 6144 3072 0 0 ]
[ 9 1280 2176 180 0 ]
[ 9 1408 2176 180 0 ]
[ 9 1536 2176 180 0 ]
[ 9 1280 2688 0 0 ]
[ 9 1408 2688 0 0 ]
[ 9 1536 2688 0 0 ]
[ 16 768 3200 0 0 ]
[ 4 1664 3200 0 0 ]
[ 23 0 2816 270 0 ]
[ 23 0 2944 270 0 ]
[ 23 0 3072 270 0 ]
[ 22 0 2688 270 0 ]
[ 2 1152 2176 270 dmode 1 0 ]
[ 15 0 2432 360 crystal 1 1 ]
[ 23 0 2560 90 0 ]
[ 23 0 2304 90 0 ]
[ 23 128 2176 180 0 ]
[ 23 256 2176 180 0 ]
[ 23 1024 2176 180 0 ]
[ 23 896 2176 180 0 ]
[ 23 768 2176 180 0 ]
[ 23 384 2176 180 0 ]
[ 23 512 2176 180 0 ]
[ 23 640 2176 180 0 ]
[ 22 0 2176 180 0 ]
[ 14 1792 1792 720 0 ]
[ 16 256 3200 180 0 ]
[ 4 896 896 0 1 ]
[ 4 896 256 0 1 ]
[ 23 1536 3200 0 0 ]
[ 23 1151 3200 0 0 ]
[ 27 127 3200 630 dmode 1 1 ]
[ 23 128 3200 360 0 ]
[ 27 383 3200 630 dmode 1 1 ]
[ 23 384 3200 360 0 ]
[ 23 512 3200 360 0 ]
[ 27 639 3200 630 dmode 1 1 ]
[ 23 640 3200 360 0 ]
[ 27 895 3200 630 dmode 1 1 ]
[ 23 896 3200 360 0 ]
[ 23 1408 3200 0 0 ]
[ 6 1536 3072 0 0 ]
[ 16 512 3200 0 0 ]
[ 29 1152 2688 0 0 ]
[ 23 1024 3200 0 0 ]
[ 23 1280 3200 0 0 ]
[ 16 0 3200 0 1 ]
[ 16 384 1536 270 1 ]
[ 16 768 1536 270 1 ]
[ 9 512 1536 360 0 ]
[ 9 640 1536 0 0 ]
[ 12 5888 3072 0 0 ]
[ 24 6144 2304 180 lmode 1 0 ]
[ 31 1792 896 0 0 ]
[ 31 1920 896 0 0 ]
[ 31 2048 896 0 0 ]
[ 31 4736 2688 0 1 ]
[ 31 4864 2688 0 1 ]
[ 31 4992 2688 0 1 ]
Movables
[ 1408 512 3 ]
[ 1536 640 3 ]
[ 1664 1664 1 ]
[ 1920 640 3 ]
[ 1920 768 3 ]
[ 2304 512 3 ]
[ 2432 384 3 ]
Map_floor
[ 1 384 384 0 0 ]
[ 1 384 512 90 0 ]
[ 1 384 640 0 0 ]
[ 1 384 768 0 0 ]
[ 1 512 384 180 0 ]
[ 1 512 512 180 0 ]
[ 1 512 640 180 0 ]
[ 1 512 768 90 0 ]
[ 1 640 384 0 0 ]
[ 1 640 512 90 0 ]
[ 1 640 640 180 0 ]
[ 1 640 768 180 0 ]
[ 1 768 384 270 0 ]
[ 1 768 512 90 0 ]
[ 1 768 640 270 0 ]
[ 1 768 768 270 0 ]
[ 10 896 384 0 0 ]
[ 10 896 512 0 0 ]
[ 10 896 640 0 0 ]
[ 10 896 768 0 0 ]
[ 9 1024 384 90 0 ]
[ 9 1024 512 90 2 ]
[ 9 1024 640 180 4 ]
[ 9 1024 768 180 4 ]
[ 9 1152 384 90 2 ]
[ 9 1152 512 90 3 ]
[ 9 1152 640 0 2 ]
[ 9 1152 768 180 1 ]
[ 9 1280 384 180 1 ]
[ 9 1280 512 180 5 ]
[ 9 1280 640 0 1 ]
[ 9 1280 768 0 4 ]
[ 9 1408 384 180 3 ]
[ 9 1408 512 0 1 ]
[ 9 1408 640 0 5 ]
[ 9 1408 768 90 1 ]
[ 9 1536 384 180 2 ]
[ 9 1536 512 270 1 ]
[ 9 1536 640 180 4 ]
[ 9 1536 768 180 3 ]
[ 9 1664 384 0 1 ]
[ 9 1664 512 270 3 ]
[ 9 1664 640 90 2 ]
[ 9 1664 768 0 4 ]
[ 9 1664 2688 90 3 ]
[ 9 1664 2816 270 4 ]
[ 9 1664 2944 180 1 ]
[ 9 1792 384 0 1 ]
[ 9 1792 512 180 4 ]
[ 9 1792 640 270 0 ]
[ 9 1792 768 180 5 ]
[ 9 1792 896 270 3 ]
[ 9 1792 1024 180 1 ]
[ 9 1792 1152 270 0 ]
[ 14 1792 1664 0 0 ]
[ 9 1792 1792 180 5 ]
[ 9 1792 1920 0 2 ]
[ 9 1792 2048 0 0 ]
[ 9 1792 2304 270 1 ]
[ 9 1792 2432 0 5 ]
[ 9 1792 2560 90 3 ]
[ 9 1792 2688 180 2 ]
[ 9 1792 2816 270 1 ]
[ 9 1792 2944 0 1 ]
[ 9 1792 3072 180 5 ]
[ 9 1920 384 90 0 ]
[ 9 1920 512 270 4 ]
[ 9 1920 640 270 5 ]
[ 9 1920 768 0 4 ]
[ 9 1920 896 90 3 ]
[ 7 1920 1024 0 ]
[ 9 1920 1152 180 1 ]
[ 14 1920 1664 0 0 ]
[ 9 1920 1792 180 3 ]
[ 8 1920 1920 0 ]
[ 9 1920 2048 180 4 ]
[ 9 1920 2304 90 1 ]
[ 9 1920 2432 0 3 ]
[ 9 1920 2560 180 0 ]
[ 9 1920 2688 180 0 ]
[ 9 1920 2816 90 4 ]
[ 9 1920 2944 180 2 ]
[ 9 1920 3072 180 5 ]
[ 9 2048 384 180 1 ]
[ 9 2048 512 90 2 ]
[ 9 2048 640 180 3 ]
[ 9 2048 768 180 3 ]
[ 9 2048 896 180 1 ]
[ 9 2048 1024 270 0 ]
[ 9 2048 1152 0 2 ]
[ 14 2048 1664 0 0 ]
[ 9 2048 1792 270 0 ]
[ 9 2048 1920 0 3 ]
[ 9 2048 2048 90 3 ]
[ 9 2048 2304 90 4 ]
[ 9 2048 2432 90 4 ]
[ 9 2048 2560 270 1 ]
[ 9 2048 2688 0 5 ]
[ 9 2048 2816 0 1 ]
[ 9 2048 2944 90 0 ]
[ 9 2048 3072 0 5 ]
[ 9 2176 384 90 2 ]
[ 9 2176 512 180 2 ]
[ 9 2176 640 0 4 ]
[ 9 2176 768 90 3 ]
[ 14 2176 1664 0 0 ]
[ 9 2176 2304 90 3 ]
[ 9 2176 2432 270 1 ]
[ 9 2176 2560 270 3 ]
[ 9 2176 2688 270 4 ]
[ 9 2176 2816 270 5 ]
[ 9 2176 2944 270 3 ]
[ 9 2176 3072 0 5 ]
[ 9 2304 384 180 1 ]
[ 9 2304 512 90 5 ]
[ 9 2304 640 180 2 ]
[ 9 2304 768 270 1 ]
[ 14 2304 1664 0 0 ]
[ 11 2304 1792 0 0 ]
[ 11 2304 1920 0 0 ]
[ 11 2304 2048 0 0 ]
[ 14 2304 2176 0 0 ]
[ 9 2304 2304 270 3 ]
[ 9 2304 2432 90 2 ]
[ 9 2304 2560 270 3 ]
[ 9 2304 2688 90 4 ]
[ 9 2304 2816 180 4 ]
[ 9 2304 2944 270 2 ]
[ 9 2304 3072 270 3 ]
[ 15 2304 3200 0 crystal 0 1 ]
[ 9 2432 384 90 5 ]
[ 9 2432 512 270 3 ]
[ 9 2432 640 90 3 ]
[ 22 2432 768 0 0 ]
[ 14 2432 1664 0 0 ]
[ 11 2432 1792 0 0 ]
[ 11 2432 1920 0 0 ]
[ 11 2432 2048 0 0 ]
[ 14 2432 2176 0 0 ]
[ 9 2432 2304 0 0 ]
[ 9 2432 2432 0 2 ]
[ 9 2432 2560 0 1 ]
[ 9 2432 2688 90 0 ]
[ 9 2432 2816 180 5 ]
[ 7 2432 2944 2 ]
[ 9 2432 3072 270 1 ]
[ 15 2432 3200 0 crystal 0 1 ]
[ 14 2560 1664 0 0 ]
[ 11 2560 1792 0 0 ]
[ 11 2560 1920 0 0 ]
[ 11 2560 2048 0 0 ]
[ 14 2560 2176 0 0 ]
[ 9 2560 2304 270 5 ]
[ 9 2560 2432 270 4 ]
[ 9 2560 2560 0 3 ]
[ 9 2560 2688 0 3 ]
[ 9 2560 2816 270 5 ]
[ 9 2560 2944 0 3 ]
[ 9 2560 3072 90 4 ]
[ 15 2560 3200 0 crystal 0 1 ]
[ 14 2688 1664 0 0 ]
[ 14 2688 1792 0 0 ]
[ 14 2688 1920 0 0 ]
[ 14 2688 2048 0 0 ]
[ 9 2688 2304 90 3 ]
[ 9 2688 2432 180 5 ]
[ 9 2688 2560 90 4 ]
[ 9 2688 2816 180 3 ]
[ 9 2688 2944 180 5 ]
[ 9 2688 3072 90 4 ]
[ 9 2816 2304 180 5 ]
[ 9 2816 2432 270 3 ]
[ 9 2816 2560 270 4 ]
[ 9 2816 2688 0 2 ]
[ 9 2816 2816 90 4 ]
[ 9 2816 2944 0 3 ]
[ 9 2816 3072 180 5 ]
[ 9 2944 2304 270 4 ]
[ 8 2944 2432 2 ]
[ 9 2944 2560 0 2 ]
[ 9 2944 2688 0 5 ]
[ 9 2944 2816 270 5 ]
[ 9 2944 2944 0 5 ]
[ 9 2944 3072 270 3 ]
[ 9 3072 2304 0 1 ]
[ 9 3072 2432 270 5 ]
[ 9 3072 2560 180 0 ]
[ 9 3072 2688 180 1 ]
[ 9 3072 2816 90 2 ]
[ 9 3072 2944 180 1 ]
[ 9 3072 3072 180 0 ]
[ 4 3200 2304 0 0 ]
[ 4 3200 2432 0 0 ]
[ 4 3200 2560 0 0 ]
[ 19 3328 2304 0 0 ]
[ 19 3328 2432 0 0 ]
[ 19 3328 2560 0 0 ]
[ 19 3456 2304 0 0 ]
[ 19 3456 2432 0 0 ]
[ 19 3456 2560 0 0 ]
[ 19 3584 2304 0 0 ]
[ 19 3584 2432 0 0 ]
[ 19 3584 2560 0 0 ]
[ 12 3840 2304 0 0 ]
[ 12 3840 2432 0 3 ]
[ 12 3840 2560 0 4 ]
[ 12 3968 2304 0 5 ]
[ 7 3968 2432 1 ]
[ 12 3968 2560 90 2 ]
[ 12 4096 2304 180 3 ]
[ 12 4096 2432 90 4 ]
[ 12 4096 2560 90 2 ]
[ 13 4736 2304 0 0 ]
[ 20 4736 2432 0 0 ]
[ 8 4864 2816 1 ]
[ 20 4992 2304 0 0 ]
[ 13 4992 2432 0 0 ]
[ 13 5120 2304 0 0 ]
[ 13 5120 2432 0 0 ]
[ 13 5248 2304 0 0 ]
[ 13 5248 2432 0 0 ]
[ 6 5248 2688 0 0 ]
[ 6 5248 2816 0 0 ]
[ 6 5248 2944 0 0 ]
[ 20 5376 2304 0 0 ]
[ 13 5376 2432 0 0 ]
[ 6 5376 2688 0 0 ]
[ 6 5376 2816 0 0 ]
[ 6 5376 2944 0 0 ]
[ 13 5504 2304 0 0 ]
[ 20 5504 2432 0 0 ]
[ 6 5504 2688 0 0 ]
[ 6 5504 2816 0 0 ]
[ 6 5504 2944 0 0 ]
[ 24 5632 2176 90 lmode 0 1 ]
[ 24 5632 2304 90 lmode 0 1 ]
[ 24 5632 2432 270 lmode 0 1 ]
[ 23 5632 2688 90 lmode 0 0 ]
[ 23 5632 2816 90 lmode 0 0 ]
[ 23 5632 2944 90 lmode 0 0 ]
[ 42 5760 2176 0 0 ]
[ 42 5760 2304 0 0 ]
[ 42 5760 2432 0 0 ]
[ 20 5760 2688 0 0 ]
[ 13 5760 2816 0 0 ]
[ 20 5760 2944 0 0 ]
[ 42 5888 2176 0 0 ]
[ 42 5888 2304 0 0 ]
[ 42 5888 2432 0 0 ]
[ 20 5888 2560 0 0 ]
[ 20 5888 2688 0 0 ]
[ 13 5888 2816 0 0 ]
[ 13 5888 2944 0 0 ]
[ 42 6016 2176 0 0 ]
[ 42 6016 2304 0 0 ]
[ 42 6016 2432 0 0 ]
[ 20 6016 2688 0 0 ]
[ 20 6016 2816 0 0 ]
[ 13 6016 2944 0 0 ]
[ 10 4864 2688 450 1 ]
[ 10 4736 2688 90 1 ]
[ 10 4992 2688 90 1 ]
[ 9 4992 2816 90 4 ]
[ 9 4992 2944 90 1 ]
[ 9 4864 2944 90 3 ]
[ 9 4736 2944 90 5 ]
[ 9 4736 2816 90 0 ]
[ 16 3712 2432 90 crystal 1 1 ]
[ 16 3712 2304 90 crystal 1 1 ]
[ 16 3712 2560 90 crystal 1 1 ]
[ 2 128 2688 180 dmode 1 0 ]
[ 2 256 2688 180 dmode 1 0 ]
[ 2 384 2688 180 dmode 1 0 ]
[ 2 512 2688 180 dmode 1 0 ]
[ 2 640 2688 180 dmode 1 0 ]
[ 2 768 2688 180 dmode 1 0 ]
[ 2 896 2688 180 dmode 1 0 ]
[ 2 1024 2688 180 dmode 1 0 ]
[ 22 1536 2816 0 0 ]
[ 22 1408 2816 0 0 ]
[ 22 1280 2816 0 0 ]
[ 22 1152 2816 0 0 ]
[ 22 1024 2816 0 0 ]
[ 22 896 2816 0 0 ]
[ 22 512 2944 0 0 ]
[ 22 384 2944 0 0 ]
[ 22 256 2944 0 0 ]
[ 22 128 2816 0 0 ]
[ 22 128 2944 0 0 ]
[ 22 128 3072 0 0 ]
[ 22 256 3072 0 0 ]
[ 22 384 3072 0 0 ]
[ 22 512 3072 0 0 ]
[ 22 640 3072 0 0 ]
[ 22 768 3072 0 0 ]
[ 22 896 3072 0 0 ]
[ 22 1024 3072 0 0 ]
[ 22 1152 3072 0 0 ]
[ 22 1280 3072 0 0 ]
[ 22 1408 3072 0 0 ]
[ 22 1536 2944 0 0 ]
[ 22 1408 2944 0 0 ]
[ 22 1280 2944 0 0 ]
[ 22 768 2816 0 0 ]
[ 22 640 2816 0 0 ]
[ 22 256 2816 0 0 ]
[ 22 384 2816 0 0 ]
[ 22 512 2816 0 0 ]
[ 22 640 2944 0 0 ]
[ 22 768 2944 0 0 ]
[ 22 896 2944 0 0 ]
[ 22 1024 2944 0 0 ]
[ 22 1152 2944 0 0 ]
[ 19 2048 2176 0 0 ]
[ 19 1792 2176 180 0 ]
[ 18 1664 2304 270 9 ]
[ 18 1664 2432 270 9 ]
[ 18 1664 2560 270 9 ]
[ 22 1536 2304 270 0 ]
[ 22 1408 2304 270 0 ]
[ 22 1280 2304 270 0 ]
[ 22 1152 2304 270 0 ]
[ 22 1024 2304 270 0 ]
[ 22 896 2304 270 0 ]
[ 22 768 2304 270 0 ]
[ 22 640 2304 270 0 ]
[ 22 512 2304 270 0 ]
[ 22 384 2304 270 0 ]
[ 22 256 2304 270 0 ]
[ 22 128 2304 270 0 ]
[ 22 128 2432 270 0 ]
[ 22 128 2560 270 0 ]
[ 22 256 2560 270 0 ]
[ 22 384 2560 270 0 ]
[ 22 512 2560 270 0 ]
[ 22 640 2560 270 0 ]
[ 22 768 2560 270 0 ]
[ 22 896 2560 270 0 ]
[ 22 1024 2560 270 0 ]
[ 22 1152 2560 270 0 ]
[ 22 1280 2560 270 0 ]
[ 22 1408 2560 270 0 ]
[ 22 768 2432 270 0 ]
[ 22 256 2432 270 0 ]
[ 22 384 2432 270 0 ]
[ 22 512 2432 270 0 ]
[ 22 640 2432 270 0 ]
[ 22 896 2432 270 0 ]
[ 22 1024 2432 270 0 ]
[ 22 1152 2432 270 0 ]
[ 22 1280 2432 270 0 ]
[ 22 1408 2432 270 0 ]
[ 22 1536 2432 270 0 ]
[ 22 1536 2560 270 0 ]
[ 44 1920 2176 360 3 ]
[ 44 1536 3072 0 6 ]
[ 43 512 3200 270 0 ]
[ 43 1408 3200 270 0 ]
[ 16 2176 1792 270 crystal 0 1 ]
[ 16 2176 1920 270 crystal 0 1 ]
[ 16 2176 2048 270 crystal 0 1 ]
[ 13 4736 2560 180 0 ]
[ 13 4864 2304 180 0 ]
[ 13 4864 2432 180 0 ]
[ 13 4992 2560 180 0 ]
[ 20 4864 2560 180 0 ]
[ 100 1056 576 937 ]
[ 100 640 2688 489 ]
Electric
[ 26 4992 2176 180 ]
[ 26 5120 2176 180 ]
[ 26 5248 2176 180 ]
[ 26 5376 2176 180 ]
[ 37 5632 2048 360 lmode 0 ]
[ 27 5504 2176 0 ]
[ 30 4736 2176 180 1 ]
[ 35 4864 2176 360 lmode 1 1 ]
[ 34 5376 2048 0 lmode 1 0 ]
[ 28 5504 2048 180 ]
[ 32 5248 2048 180 ]
[ 32 5120 2048 180 ]
[ 32 4992 2048 180 ]
[ 32 4864 2048 180 ]
[ 31 4736 2048 540 0 ]
PLayer 548.891 579.044