Does_not_exist
Map_basic
[ 13 512 1152 0 0 ]
[ 13 1024 1152 0 0 ]
[ 13 2048 1152 0 0 ]
[ 13 2048 640 0 0 ]
[ 13 512 640 0 0 ]
[ 12 1664 1152 0 2 ]
[ 12 1792 1152 0 0 ]
[ 12 1920 1152 0 1 ]
[ 12 640 1152 0 2 ]
[ 12 768 1152 0 0 ]
[ 12 896 1152 0 1 ]
[ 12 1152 1152 0 2 ]
[ 12 1280 1152 0 0 ]
[ 12 1408 1152 0 1 ]
[ 12 512 512 90 1 ]
[ 12 512 384 90 0 ]
[ 12 512 256 90 2 ]
[ 12 2048 512 90 1 ]
[ 12 2048 384 90 0 ]
[ 12 2048 256 90 2 ]
[ 12 2048 1024 90 1 ]
[ 12 2048 896 90 0 ]
[ 12 2048 768 90 2 ]
[ 12 512 1024 90 1 ]
[ 12 512 896 90 0 ]
[ 12 512 768 90 2 ]
[ 13 512 128 0 0 ]
[ 13 1024 128 0 0 ]
[ 13 1536 128 0 0 ]
[ 13 2048 128 0 0 ]
[ 12 1664 128 0 2 ]
[ 12 1792 128 0 0 ]
[ 12 1920 128 0 1 ]
[ 12 640 128 0 2 ]
[ 12 768 128 0 0 ]
[ 12 896 128 0 1 ]
[ 12 1152 128 0 2 ]
[ 12 1280 128 0 0 ]
[ 12 1408 128 0 1 ]
[ 13 1024 640 90 0 ]
[ 13 1536 640 90 0 ]
[ 24 639 256 270 lmode 0 0 ]
[ 24 1024 256 270 lmode 1 0 ]
[ 24 1919 256 0 lmode 3 0 ]
[ 3 768 896 0 3 ]
[ 3 1536 1152 0 3 ]
Movables
Map_floor
[ 23 1280 640 180 lmode 4 0 ]
[ 23 1152 640 180 lmode 4 0 ]
[ 23 1408 640 180 lmode 4 0 ]
[ 24 1535 512 270 lmode 2 1 ]
[ 24 1535 384 270 lmode 2 1 ]
[ 24 1535 256 270 lmode 2 1 ]
[ 42 896 255 0 0 ]
[ 42 896 384 0 0 ]
[ 42 768 384 0 0 ]
[ 42 768 255 0 0 ]
[ 42 1152 255 0 0 ]
[ 42 1280 255 0 0 ]
[ 42 1280 384 0 0 ]
[ 42 1152 384 0 0 ]
[ 24 1664 640 0 lmode 2 1 ]
[ 24 1792 640 0 lmode 2 1 ]
[ 24 1919 640 0 lmode 2 1 ]
[ 24 1024 768 270 lmode 4 1 ]
[ 24 1024 896 270 lmode 4 1 ]
[ 24 1024 1024 270 lmode 4 1 ]
[ 24 896 640 360 lmode 4 1 ]
[ 24 767 640 0 lmode 4 1 ]
[ 24 640 640 0 lmode 4 1 ]
[ 42 1664 384 0 0 ]
[ 42 1920 384 0 0 ]
[ 42 1792 256 0 0 ]
[ 42 1664 256 0 0 ]
[ 13 1408 768 0 0 ]
[ 13 1536 768 0 0 ]
[ 13 1920 1024 0 0 ]
[ 13 1792 1024 0 0 ]
[ 13 1664 1024 0 0 ]
[ 13 1152 896 0 0 ]
[ 13 1408 896 0 0 ]
[ 13 1536 896 0 0 ]
[ 13 1664 896 0 0 ]
[ 13 1279 1024 0 0 ]
[ 13 1152 1024 0 0 ]
[ 20 1536 1024 0 0 ]
[ 20 1408 1024 0 0 ]
[ 20 1279 896 0 0 ]
[ 20 1279 768 0 0 ]
[ 20 1792 768 0 0 ]
[ 20 1792 896 0 0 ]
[ 20 1920 896 0 0 ]
[ 20 1920 768 0 0 ]
[ 20 1152 768 0 0 ]
[ 20 1664 768 0 0 ]
[ 6 895 768 0 0 ]
[ 6 895 896 0 0 ]
[ 6 895 1024 0 0 ]
[ 6 768 1024 0 0 ]
[ 6 640 1024 0 0 ]
[ 6 640 896 0 0 ]
[ 6 768 896 0 0 ]
[ 6 768 768 0 0 ]
[ 6 640 768 0 0 ]
[ 100 1280 640 750 ]
Electric
[ 30 639 256 630 1 ]
[ 31 1024 256 630 0 ]
[ 35 639 384 450 lmode 0 1 ]
[ 35 1024 384 270 lmode 1 1 ]
[ 27 639 512 450 ]
[ 27 1408 512 360 ]
[ 28 1024 512 0 ]
[ 26 768 512 0 ]
[ 26 896 512 0 ]
[ 26 1152 512 0 ]
[ 26 1280 512 0 ]
[ 26 1408 384 90 ]
[ 26 1408 256 90 ]
[ 27 1408 128 180 ]
[ 37 1536 128 360 lmode 2 ]
[ 33 1792 512 0 lmode 3 ]
[ 37 1792 384 990 lmode 4 ]
[ 31 1664 512 180 0 ]
[ 30 1919 512 360 1 ]
PLayer 639.138 445.17