Does_not_exist
Map_basic
[ 13 512 256 0 0 ]
[ 12 512 384 90 2 ]
[ 12 512 512 90 0 ]
[ 12 512 640 90 0 ]
[ 13 512 768 0 0 ]
[ 12 512 896 90 0 ]
[ 12 512 1024 90 0 ]
[ 12 512 1152 90 1 ]
[ 13 512 1280 0 0 ]
[ 12 640 256 0 2 ]
[ 12 640 768 0 0 ]
[ 18 640 1024 0 3 ]
[ 12 640 1280 0 2 ]
[ 12 768 256 0 0 ]
[ 24 768 768 0 lmode 0 0 ]
[ 12 768 1280 0 0 ]
[ 12 896 256 0 0 ]
[ 12 896 768 0 0 ]
[ 12 896 1280 0 0 ]
[ 12 1024 256 0 0 ]
[ 24 1024 768 0 lmode 1 0 ]
[ 12 1024 1280 0 0 ]
[ 12 1152 256 0 0 ]
[ 12 1152 768 0 0 ]
[ 12 1152 1280 0 0 ]
[ 12 1280 256 0 0 ]
[ 24 1280 768 0 lmode 2 0 ]
[ 12 1280 1280 0 0 ]
[ 12 1408 256 0 1 ]
[ 12 1408 768 0 0 ]
[ 12 1408 1280 0 1 ]
[ 13 1536 256 0 0 ]
[ 13 1536 768 0 0 ]
[ 12 1536 896 90 0 ]
[ 12 1536 1024 90 0 ]
[ 12 1536 1152 90 1 ]
[ 13 1536 1280 0 0 ]
[ 12 1664 256 0 2 ]
[ 24 1664 1280 0 lmode 4 0 ]
[ 12 1792 256 0 0 ]
[ 12 1792 1280 0 0 ]
[ 12 1920 256 0 0 ]
[ 24 1920 1280 0 lmode 5 0 ]
[ 12 2048 256 0 0 ]
[ 12 2048 1280 0 0 ]
[ 12 2176 256 0 0 ]
[ 24 2176 1280 0 lmode 6 0 ]
[ 12 2304 256 0 0 ]
[ 12 2304 1280 0 0 ]
[ 13 2432 256 0 0 ]
[ 13 2432 640 0 0 ]
[ 12 2432 1280 0 0 ]
[ 12 2560 256 0 2 ]
[ 12 2560 1280 0 0 ]
[ 12 2688 256 0 1 ]
[ 24 2688 384 0 lmode 8 0 ]
[ 12 2688 1280 0 1 ]
[ 13 2816 256 0 0 ]
[ 12 2816 384 90 2 ]
[ 12 2816 512 90 1 ]
[ 3 2816 640 0 3 ]
[ 3 2816 1280 0 3 ]
[ 25 2944 640 0 0 ]
[ 25 2944 1280 0 0 ]
[ 4 3072 640 0 3 ]
[ 25 3072 768 90 0 ]
[ 25 3072 896 90 0 ]
[ 25 3072 1024 90 0 ]
[ 25 3072 1152 90 0 ]
[ 4 3072 1280 0 3 ]
[ 31 1408 640 0 0 ]
[ 31 1280 640 0 0 ]
[ 31 1152 640 0 0 ]
[ 31 1024 640 0 0 ]
[ 31 896 640 0 0 ]
[ 31 768 640 0 0 ]
[ 31 640 640 0 0 ]
[ 31 640 512 0 0 ]
[ 31 640 384 0 0 ]
[ 31 768 384 0 0 ]
[ 31 896 384 0 0 ]
[ 31 1024 384 0 0 ]
[ 31 1152 384 0 0 ]
[ 31 1280 384 0 0 ]
[ 31 1408 384 0 0 ]
[ 31 1408 512 0 0 ]
[ 31 1280 512 0 0 ]
[ 31 1152 512 0 0 ]
[ 31 1024 512 0 0 ]
[ 31 896 512 0 0 ]
[ 31 768 512 0 0 ]
Movables
Map_floor
[ 20 640 384 0 0 ]
[ 20 640 512 0 0 ]
[ 20 640 640 0 0 ]
[ 20 640 768 0 0 ]
[ 42 640 896 0 0 ]
[ 42 640 1152 0 0 ]
[ 20 768 384 0 0 ]
[ 20 768 512 0 0 ]
[ 20 768 640 0 0 ]
[ 20 768 768 0 0 ]
[ 20 896 384 0 0 ]
[ 20 896 512 0 0 ]
[ 20 896 640 0 0 ]
[ 20 896 768 0 0 ]
[ 20 1024 384 0 0 ]
[ 20 1024 512 0 0 ]
[ 20 1024 640 0 0 ]
[ 20 1024 768 0 0 ]
[ 20 1152 384 0 0 ]
[ 20 1152 512 0 0 ]
[ 20 1152 640 0 0 ]
[ 20 1152 768 0 0 ]
[ 20 1280 384 0 0 ]
[ 20 1280 512 0 0 ]
[ 20 1280 640 0 0 ]
[ 20 1280 768 0 0 ]
[ 20 1408 384 0 0 ]
[ 20 1408 512 0 0 ]
[ 20 1408 640 0 0 ]
[ 20 1408 768 0 0 ]
[ 42 1408 1024 0 0 ]
[ 24 1536 384 90 lmode 3 1 ]
[ 24 1536 512 90 lmode 3 1 ]
[ 24 1536 640 90 lmode 3 1 ]
[ 42 1664 512 0 0 ]
[ 42 1664 640 0 0 ]
[ 42 1792 1024 0 0 ]
[ 42 1792 1152 0 0 ]
[ 42 1920 1024 0 0 ]
[ 42 1920 1152 0 0 ]
[ 42 2048 1152 0 0 ]
[ 42 2176 1152 0 0 ]
[ 42 2304 384 0 0 ]
[ 42 2304 512 0 0 ]
[ 42 2304 896 0 0 ]
[ 42 2304 1024 0 0 ]
[ 42 2304 1152 0 0 ]
[ 23 2432 384 90 lmode 8 0 ]
[ 23 2432 512 90 lmode 8 0 ]
[ 42 2432 896 0 0 ]
[ 42 2560 384 0 0 ]
[ 42 2560 512 0 0 ]
[ 24 2560 640 0 lmode 7 1 ]
[ 42 2560 768 0 0 ]
[ 42 2688 512 0 0 ]
[ 24 2688 640 0 lmode 7 1 ]
[ 42 2688 768 0 0 ]
[ 42 2688 1152 0 0 ]
[ 24 2816 768 90 lmode 7 1 ]
[ 24 2816 896 90 lmode 7 1 ]
[ 24 2816 1024 90 lmode 7 1 ]
[ 24 2816 1152 90 lmode 7 1 ]
[ 1 2816 1280 0 0 ]
[ 6 2944 768 0 0 ]
[ 6 2944 896 0 0 ]
[ 6 2944 1024 0 0 ]
[ 6 2944 1152 0 0 ]
[ 100 1024 768 600 ]
[ 100 2288 768 600 ]
Electric
[ 37 512 1024 180 lmode 3 ]
[ 26 640 1024 0 ]
[ 27 768 896 180 ]
[ 33 768 1024 270 lmode 0 ]
[ 27 768 1152 90 ]
[ 26 896 896 0 ]
[ 27 896 1024 180 ]
[ 28 896 1152 0 ]
[ 35 1024 896 0 lmode 1 1 ]
[ 26 1024 1024 0 ]
[ 34 1024 1152 180 lmode 1 0 ]
[ 26 1152 896 0 ]
[ 26 1152 1024 0 ]
[ 26 1152 1152 0 ]
[ 33 1280 896 180 lmode 2 ]
[ 27 1280 1024 0 ]
[ 26 1280 1152 0 ]
[ 31 1408 896 0 0 ]
[ 30 1408 1152 0 1 ]
[ 31 1664 384 180 0 ]
[ 27 1664 768 180 ]
[ 26 1664 896 90 ]
[ 34 1664 1024 270 lmode 5 0 ]
[ 26 1664 1152 90 ]
[ 36 1664 1280 90 lmode 4 ]
[ 34 1792 384 180 lmode 8 0 ]
[ 25 1792 512 180 ]
[ 27 1792 640 180 ]
[ 29 1792 768 0 ]
[ 27 1792 896 90 ]
[ 32 1920 384 0 ]
[ 28 1920 512 180 ]
[ 28 1920 640 0 ]
[ 26 1920 768 0 ]
[ 35 1920 896 0 lmode 5 1 ]
[ 28 2048 384 180 ]
[ 29 2048 512 0 ]
[ 28 2048 640 0 ]
[ 26 2048 768 0 ]
[ 27 2048 896 270 ]
[ 27 2048 1024 90 ]
[ 25 2176 384 0 ]
[ 25 2176 512 0 ]
[ 33 2176 640 180 lmode 6 ]
[ 29 2176 768 0 ]
[ 26 2176 896 90 ]
[ 27 2176 1024 0 ]
[ 26 2304 640 0 ]
[ 34 2304 768 0 lmode 8 0 ]
[ 37 2432 640 0 lmode 7 ]
[ 31 2432 768 0 0 ]
[ 27 2432 1024 180 ]
[ 34 2432 1152 270 lmode 6 0 ]
[ 30 2432 1280 90 1 ]
[ 27 2560 896 180 ]
[ 29 2560 1024 0 ]
[ 35 2560 1152 90 lmode 6 1 ]
[ 31 2560 1280 90 0 ]
[ 27 2688 896 270 ]
[ 27 2688 1024 0 ]
PLayer 774.426 606.933