Does_not_exist
Map_basic
[ 12 -256 512 90 0 ]
[ 12 -256 384 90 2 ]
[ 12 -256 640 90 1 ]
[ 13 -256 768 90 0 ]
[ 13 1792 768 90 0 ]
[ 13 -128 896 180 0 ]
[ 13 0 1024 180 0 ]
[ 13 128 1152 180 0 ]
[ 13 256 1280 180 0 ]
[ 13 1664 896 180 0 ]
[ 13 1536 1024 180 0 ]
[ 13 384 1408 180 0 ]
[ 13 512 1536 180 0 ]
[ 13 1024 1536 180 0 ]
[ 13 895 1664 180 0 ]
[ 13 768 1792 180 0 ]
[ 13 640 1664 180 0 ]
[ 13 -128 128 180 0 ]
[ 13 0 0 180 0 ]
[ 13 128 -128 180 0 ]
[ 13 1664 128 180 0 ]
[ 13 1536 0 180 0 ]
[ 13 1408 -128 180 0 ]
[ 13 384 -128 180 0 ]
[ 13 512 0 180 0 ]
[ 13 1152 -128 180 0 ]
[ 13 1024 0 180 0 ]
[ 13 896 128 180 0 ]
[ 13 640 128 180 0 ]
[ 13 1792 256 180 0 ]
[ 13 -256 256 270 0 ]
[ 13 1280 1280 90 0 ]
[ 13 1408 1152 90 0 ]
[ 13 1792 512 90 0 ]
[ 12 1792 384 270 0 ]
[ 6 768 1664 0 3 ]
[ 24 1152 1408 0 lmode 10 0 ]
[ 25 256 -128 0 0 ]
[ 25 1280 -128 0 0 ]
[ 13 768 256 0 0 ]
[ 13 1792 640 0 0 ]
[ 13 768 512 90 0 ]
[ 31 384 1152 0 0 ]
Movables
[ 256 128 0 ]
[ 128 256 0 ]
[ 384 0 0 ]
[ 128 0 0 ]
[ 384 256 0 ]
[ 512 128 0 ]
[ 640 256 0 ]
[ 512 384 0 ]
[ 256 384 0 ]
[ 0 128 0 ]
[ 0 384 0 ]
[ 0 640 0 ]
[ 128 768 0 ]
[ 128 512 0 ]
[ 384 512 0 ]
[ 256 640 0 ]
[ 384 768 0 ]
[ 512 640 0 ]
[ 640 512 0 ]
[ 640 768 0 ]
[ 512 896 0 ]
[ 256 896 0 ]
[ 128 1024 0 ]
[ 384 1024 0 ]
[ 512 1152 0 ]
[ 384 1280 0 ]
[ 640 1024 0 ]
[ 640 1280 0 ]
[ 512 1408 0 ]
[ 256 512 0 ]
[ 0 768 0 ]
[ 128 896 0 ]
[ 0 256 0 ]
[ 896 768 0 ]
[ 896 640 0 ]
[ 1024 512 0 ]
[ 1408 384 0 ]
[ 1280 512 0 ]
[ 1536 512 0 ]
[ 1408 640 0 ]
[ 640 1536 0 ]
[ 896 1536 0 ]
[ 768 384 0 ]
[ 1280 384 0 ]
[ 1024 256 0 ]
[ 1152 384 0 ]
[ 1280 128 0 ]
[ 1152 128 0 ]
[ 1408 128 0 ]
[ 1280 0 0 ]
[ 1408 0 0 ]
[ 1280 896 0 ]
[ 1152 768 0 ]
[ 1024 1024 0 ]
[ 1024 896 0 ]
[ 1152 1024 0 ]
[ 1408 1024 0 ]
[ 1152 1280 0 ]
[ 896 1280 0 ]
[ 1024 1152 0 ]
[ 896 1024 0 ]
Map_floor
[ 13 0 896 90 0 ]
[ 13 128 896 90 0 ]
[ 13 128 1024 90 0 ]
[ 13 256 1152 90 0 ]
[ 13 384 1280 90 0 ]
[ 13 512 1280 90 0 ]
[ 13 512 1408 90 0 ]
[ 13 640 1408 90 0 ]
[ 13 1536 128 90 0 ]
[ 13 1280 0 90 0 ]
[ 13 1024 128 90 0 ]
[ 13 896 256 90 0 ]
[ 13 512 128 90 0 ]
[ 13 640 256 90 0 ]
[ 13 256 384 90 0 ]
[ 13 512 384 90 0 ]
[ 13 640 384 90 0 ]
[ 13 896 384 90 0 ]
[ 13 1536 384 90 0 ]
[ 13 0 512 90 0 ]
[ 13 0 640 90 0 ]
[ 13 384 640 90 0 ]
[ 13 512 640 90 0 ]
[ 13 640 640 90 0 ]
[ 13 896 640 90 0 ]
[ 13 1024 640 90 0 ]
[ 13 1536 640 90 0 ]
[ 13 640 768 90 0 ]
[ 13 512 768 90 0 ]
[ 13 0 768 90 0 ]
[ 13 640 896 90 0 ]
[ 13 512 896 90 0 ]
[ 13 640 1024 90 0 ]
[ 13 896 1152 90 0 ]
[ 13 512 1024 90 0 ]
[ 13 384 1024 90 0 ]
[ 13 384 1152 90 0 ]
[ 13 512 1152 90 0 ]
[ 13 640 1152 90 0 ]
[ 13 640 1280 90 0 ]
[ 13 896 1408 90 0 ]
[ 13 896 1280 90 0 ]
[ 20 256 1024 90 0 ]
[ 20 128 768 90 0 ]
[ 20 128 640 90 0 ]
[ 20 384 768 90 0 ]
[ 20 384 896 90 0 ]
[ 20 256 896 90 0 ]
[ 20 256 768 90 0 ]
[ 20 256 640 90 0 ]
[ 20 128 512 90 0 ]
[ 20 0 384 90 0 ]
[ 20 128 384 90 0 ]
[ 20 128 256 90 0 ]
[ 20 256 256 90 0 ]
[ 20 512 256 90 0 ]
[ 20 384 256 90 0 ]
[ 20 384 384 90 0 ]
[ 20 256 512 90 0 ]
[ 20 384 512 90 0 ]
[ 20 640 512 90 0 ]
[ 20 512 512 90 0 ]
[ 20 256 128 90 0 ]
[ 20 128 128 90 0 ]
[ 20 0 128 90 0 ]
[ 20 0 256 90 0 ]
[ 20 896 512 90 0 ]
[ 20 1024 512 90 0 ]
[ 20 1024 384 90 0 ]
[ 20 1024 256 90 0 ]
[ 20 1280 128 90 0 ]
[ 20 1408 128 90 0 ]
[ 20 1408 384 90 0 ]
[ 20 1408 512 90 0 ]
[ 20 1280 512 90 0 ]
[ 20 1408 640 90 0 ]
[ 20 1536 512 90 0 ]
[ 20 1152 1152 90 0 ]
[ 20 1152 1280 90 0 ]
[ 20 896 768 90 0 ]
[ 20 896 896 90 0 ]
[ 20 896 1024 90 0 ]
[ 20 1408 0 90 0 ]
[ 43 -1280 -2176 270 0 ]
[ 6 -1408 -2176 270 0 ]
[ 6 -1280 -2304 270 0 ]
[ 6 -1152 -2176 270 0 ]
[ 6 -1152 -2048 270 0 ]
[ 6 -1280 -2048 270 0 ]
[ 6 -1408 -2304 270 0 ]
[ 6 -1408 -2048 270 0 ]
[ 6 -1152 -2304 270 0 ]
[ 20 256 0 0 0 ]
[ 20 384 128 0 0 ]
[ 20 1024 1408 0 0 ]
[ 20 1024 1280 0 0 ]
[ 20 1024 1152 0 0 ]
[ 20 1152 896 0 0 ]
[ 20 1024 768 0 0 ]
[ 20 1152 768 0 0 ]
[ 20 1280 768 0 0 ]
[ 20 1408 1024 0 0 ]
[ 20 1536 896 0 0 ]
[ 20 1280 1152 0 0 ]
[ 20 1536 768 0 0 ]
[ 20 1791 768 0 0 ]
[ 20 1280 640 0 0 ]
[ 20 1152 640 0 0 ]
[ 20 1152 512 0 0 ]
[ 20 1152 0 0 0 ]
[ 20 1408 256 0 0 ]
[ 20 1536 256 0 0 ]
[ 13 1280 384 0 0 ]
[ 13 1280 256 0 0 ]
[ 13 1152 128 0 0 ]
[ 13 1152 256 0 0 ]
[ 13 1152 384 0 0 ]
[ 13 1024 896 0 0 ]
[ 13 1024 1024 0 0 ]
[ 13 1152 1024 0 0 ]
[ 13 1280 1024 0 0 ]
[ 13 1280 896 0 0 ]
[ 13 1408 896 0 0 ]
[ 13 1408 768 0 0 ]
[ 13 640 1536 0 0 ]
[ 13 896 1536 0 0 ]
[ 24 768 1536 90 lmode 10 1 ]
[ 24 768 1408 90 lmode 10 1 ]
[ 24 768 1280 90 lmode 10 1 ]
[ 24 768 1152 90 lmode 10 1 ]
[ 24 768 1024 90 lmode 10 1 ]
[ 24 768 896 90 lmode 10 1 ]
[ 24 768 768 90 lmode 10 1 ]
[ 24 768 640 90 lmode 10 1 ]
[ 23 -128 256 90 lmode 10 0 ]
[ 23 -128 384 90 lmode 10 0 ]
[ 23 -128 512 90 lmode 10 0 ]
[ 23 -128 640 90 lmode 10 0 ]
[ 23 -128 768 90 lmode 10 0 ]
[ 23 1664 256 90 lmode 10 0 ]
[ 23 1664 384 90 lmode 10 0 ]
[ 23 1664 512 90 lmode 10 0 ]
[ 23 1664 640 90 lmode 10 0 ]
[ 23 1664 768 90 lmode 10 0 ]
[ 13 768 512 90 0 ]
[ 20 768 384 90 0 ]
[ 6 768 1664 90 0 ]
Electric
PLayer 367.104 1156.65