Does_not_exist
Map_basic
[ 1 640 128 0 0 ]
[ 1 1152 128 0 4 ]
[ 1 1664 128 0 4 ]
[ 1 1664 639 0 0 ]
[ 1 640 639 0 5 ]
[ 1 640 1152 0 2 ]
[ 1 1152 1152 0 2 ]
[ 1 1664 1152 0 1 ]
[ 1 2176 128 0 3 ]
[ 1 2176 640 0 3 ]
[ 7 768 128 0 0 ]
[ 7 896 128 0 0 ]
[ 7 1024 128 0 0 ]
[ 7 1280 128 0 0 ]
[ 7 1536 128 0 0 ]
[ 7 1792 128 0 0 ]
[ 7 2048 128 0 0 ]
[ 7 768 1152 0 0 ]
[ 7 896 1152 0 0 ]
[ 7 1024 1152 0 0 ]
[ 7 1280 1152 0 0 ]
[ 7 1536 1152 0 0 ]
[ 7 1792 1152 0 0 ]
[ 7 1920 1152 0 0 ]
[ 7 2048 1152 0 0 ]
[ 1 2176 1152 0 0 ]
[ 7 640 768 90 0 ]
[ 7 640 1024 90 0 ]
[ 7 640 256 90 0 ]
[ 7 640 512 90 0 ]
[ 7 2176 256 90 0 ]
[ 7 2176 512 90 0 ]
[ 7 2176 768 90 0 ]
[ 7 2176 896 90 0 ]
[ 7 2176 1024 90 0 ]
[ 7 1664 256 270 0 ]
[ 7 1664 384 270 0 ]
[ 7 1664 512 270 0 ]
[ 1 1152 640 270 2 ]
[ 2 768 256 180 dmode 0 0 ]
[ 2 1536 256 180 dmode 1 0 ]
[ 2 2048 1024 0 dmode 2 0 ]
[ 3 1408 1152 0 1 ]
[ 3 1408 128 0 1 ]
[ 3 640 384 0 1 ]
[ 3 2176 384 0 1 ]
[ 3 1920 128 0 1 ]
[ 3 640 896 0 1 ]
[ 31 1792 256 0 0 ]
[ 31 1792 384 0 0 ]
[ 31 1792 512 0 0 ]
[ 31 1919 512 0 0 ]
[ 31 2048 512 0 0 ]
[ 31 2048 384 0 0 ]
[ 31 2048 256 0 0 ]
[ 31 1919 256 0 0 ]
[ 31 1919 384 0 0 ]
Movables
Map_floor
[ 3 768 640 360 dmode 0 1 ]
[ 3 896 640 0 dmode 0 1 ]
[ 3 1024 640 0 dmode 0 1 ]
[ 2 1152 256 90 dmode 0 0 ]
[ 2 1152 384 90 dmode 0 0 ]
[ 2 1152 512 90 dmode 0 0 ]
[ 3 1280 639 180 dmode 1 1 ]
[ 3 1408 639 180 dmode 1 1 ]
[ 3 1536 639 180 dmode 1 1 ]
[ 2 1664 768 270 dmode 1 0 ]
[ 2 1664 896 270 dmode 1 0 ]
[ 2 1664 1024 270 dmode 1 0 ]
[ 2 1152 768 270 dmode 1 0 ]
[ 2 1152 896 270 dmode 1 0 ]
[ 2 1152 1024 270 dmode 1 0 ]
[ 3 1792 640 360 dmode 2 1 ]
[ 3 1920 640 0 dmode 2 1 ]
[ 3 2048 640 0 dmode 2 1 ]
[ 6 1920 384 0 0 ]
[ 6 2048 384 0 0 ]
[ 6 2048 512 0 0 ]
[ 6 1920 512 0 0 ]
[ 6 1792 512 0 0 ]
[ 6 1792 384 0 0 ]
[ 6 1792 256 0 0 ]
[ 6 1920 256 0 0 ]
[ 6 2048 256 0 0 ]
[ 21 768 384 0 0 ]
[ 21 896 384 0 0 ]
[ 21 896 256 0 0 ]
[ 21 1023 256 0 0 ]
[ 21 1023 384 0 0 ]
[ 21 1023 512 0 0 ]
[ 21 896 512 0 0 ]
[ 21 768 512 0 0 ]
[ 21 1280 256 0 0 ]
[ 21 1408 256 0 0 ]
[ 21 1408 384 0 0 ]
[ 21 1280 384 0 0 ]
[ 21 1280 512 0 0 ]
[ 21 1408 512 0 0 ]
[ 21 1535 384 0 0 ]
[ 21 1535 512 0 0 ]
[ 21 1792 768 0 0 ]
[ 21 1920 768 0 0 ]
[ 21 2048 1023 0 0 ]
[ 21 1920 1023 0 0 ]
[ 21 1792 1023 0 0 ]
[ 21 1792 896 0 0 ]
[ 21 1920 896 0 0 ]
[ 21 2048 896 0 0 ]
[ 21 2048 768 0 0 ]
[ 21 1280 768 0 0 ]
[ 21 1408 768 0 0 ]
[ 21 1536 768 0 0 ]
[ 21 1536 896 0 0 ]
[ 21 1536 1023 0 0 ]
[ 21 1408 1023 0 0 ]
[ 21 1280 1023 0 0 ]
[ 21 1280 896 0 0 ]
[ 21 1408 896 0 0 ]
[ 21 1024 768 0 0 ]
[ 21 768 896 0 0 ]
[ 21 768 1023 0 0 ]
[ 21 896 1023 0 0 ]
[ 21 1024 1023 0 0 ]
[ 21 1024 896 0 0 ]
[ 21 896 896 0 0 ]
[ 21 896 768 0 0 ]
[ 21 768 768 0 0 ]
[ 100 1408 640 937 ]
Electric
PLayer 944.319 445.074