Does_not_exist
Map_basic
[ 13 -128 -256 0 0 ]
[ 13 384 -256 0 0 ]
[ 13 896 -256 0 0 ]
[ 13 1408 -256 0 0 ]
[ 13 1408 256 0 0 ]
[ 12 1408 -128 90 2 ]
[ 12 1408 0 90 0 ]
[ 12 1408 128 90 1 ]
[ 13 -128 256 0 0 ]
[ 12 -128 -128 90 2 ]
[ 12 -128 0 90 0 ]
[ 12 -128 128 90 1 ]
[ 13 384 256 0 0 ]
[ 12 384 -128 90 2 ]
[ 12 384 0 90 0 ]
[ 12 384 128 90 1 ]
[ 13 896 256 0 0 ]
[ 12 896 -128 90 2 ]
[ 12 896 0 90 0 ]
[ 12 896 128 90 1 ]
[ 12 1664 -256 180 0 ]
[ 12 1536 -256 180 1 ]
[ 12 128 -256 180 0 ]
[ 12 256 -256 180 2 ]
[ 12 0 -256 180 1 ]
[ 12 640 -256 180 0 ]
[ 12 768 -256 180 2 ]
[ 12 512 -256 180 1 ]
[ 12 1152 -256 180 0 ]
[ 12 1280 -256 180 2 ]
[ 12 1024 -256 180 1 ]
[ 18 1152 0 0 3 ]
[ 18 640 0 0 3 ]
[ 18 128 0 0 3 ]
[ 13 1920 -256 180 0 ]
[ 12 1792 -256 180 2 ]
[ 13 1920 256 270 0 ]
[ 13 -128 1024 0 0 ]
[ 13 1920 1024 0 0 ]
[ 12 -128 384 90 2 ]
[ 12 -128 512 90 0 ]
[ 12 -128 640 90 0 ]
[ 12 -128 768 90 0 ]
[ 12 -128 896 90 1 ]
[ 25 0 1024 180 0 ]
[ 25 128 1024 180 0 ]
[ 25 256 1024 180 0 ]
[ 25 384 1024 180 0 ]
[ 25 512 1024 180 0 ]
[ 25 640 1024 180 0 ]
[ 25 768 1024 180 0 ]
[ 25 896 1024 180 0 ]
[ 25 1023 1024 180 0 ]
[ 25 1152 1024 180 0 ]
[ 25 1280 1024 180 0 ]
[ 25 1408 1024 180 0 ]
[ 25 1536 1024 180 0 ]
[ 25 1664 1024 180 0 ]
[ 25 1792 1024 180 0 ]
[ 13 2432 256 90 0 ]
[ 13 2944 -256 90 0 ]
[ 13 2944 640 90 0 ]
[ 13 2944 1024 90 0 ]
[ 13 3456 256 90 0 ]
[ 13 3456 -256 90 0 ]
[ 13 3456 640 90 0 ]
[ 13 3456 1024 90 0 ]
[ 25 2048 256 180 0 ]
[ 25 2176 256 180 0 ]
[ 25 2304 256 180 0 ]
[ 25 2560 256 180 0 ]
[ 25 2688 256 180 0 ]
[ 25 2816 256 180 0 ]
[ 25 2560 1024 180 0 ]
[ 25 2688 1024 180 0 ]
[ 25 2816 1024 180 0 ]
[ 25 3072 1024 180 0 ]
[ 25 3200 1024 180 0 ]
[ 25 3328 1024 180 0 ]
[ 25 2432 512 270 0 ]
[ 25 2432 384 270 0 ]
[ 25 3200 640 360 0 ]
[ 25 3328 640 0 0 ]
[ 25 3072 640 0 0 ]
[ 25 3456 896 90 0 ]
[ 25 3456 768 90 0 ]
[ 25 3456 -128 90 0 ]
[ 25 3456 128 90 0 ]
[ 25 3456 383 90 0 ]
[ 25 3456 512 90 0 ]
[ 25 3072 -256 180 0 ]
[ 25 3200 -256 180 0 ]
[ 25 3328 -256 180 0 ]
[ 25 2560 -256 180 0 ]
[ 25 2688 -256 180 0 ]
[ 25 2816 -256 180 0 ]
[ 25 2048 -256 180 0 ]
[ 25 2176 -256 180 0 ]
[ 25 2304 -256 180 0 ]
[ 13 2432 -256 180 0 ]
[ 24 3456 0 270 lmode 4 0 ]
[ 4 2944 256 0 3 ]
[ 3 1664 0 0 3 ]
[ 6 3328 512 0 3 ]
[ 3 3328 896 0 3 ]
[ 24 2432 640 90 lmode 7 0 ]
[ 25 2304 1024 180 0 ]
[ 25 2176 1024 180 0 ]
[ 25 2048 1024 180 0 ]
[ 25 1920 384 270 0 ]
[ 25 1920 511 270 0 ]
[ 25 1920 640 270 0 ]
[ 25 1920 768 270 0 ]
[ 25 1920 895 270 0 ]
[ 22 2432 1024 270 0 ]
[ 3 2176 768 0 3 ]
[ 24 2176 512 90 lmode 4 0 ]
[ 31 0 256 0 0 ]
[ 31 128 256 0 0 ]
[ 31 256 256 0 0 ]
[ 31 512 256 0 0 ]
[ 31 639 256 0 0 ]
[ 31 768 256 0 0 ]
[ 31 1280 256 0 0 ]
[ 31 1152 256 0 0 ]
[ 31 1024 256 0 0 ]
[ 31 1536 256 0 0 ]
[ 31 1664 256 0 0 ]
[ 31 1791 256 0 0 ]
Movables
Map_floor
[ 23 0 256 360 lmode 0 0 ]
[ 23 128 256 0 lmode 0 0 ]
[ 23 256 256 0 lmode 0 0 ]
[ 23 1024 256 0 lmode 2 0 ]
[ 23 1152 256 0 lmode 2 0 ]
[ 23 1280 256 0 lmode 2 0 ]
[ 24 1664 256 180 lmode 3 1 ]
[ 24 1792 256 180 lmode 3 1 ]
[ 24 1536 256 180 lmode 3 1 ]
[ 20 0 -128 180 0 ]
[ 20 128 -128 180 0 ]
[ 20 256 128 180 0 ]
[ 20 128 128 180 0 ]
[ 20 0 0 180 0 ]
[ 20 0 128 180 0 ]
[ 20 128 0 180 0 ]
[ 20 256 0 180 0 ]
[ 20 256 -128 180 0 ]
[ 20 1024 -128 180 0 ]
[ 20 1152 -128 180 0 ]
[ 20 1280 128 180 0 ]
[ 20 1152 128 180 0 ]
[ 20 1024 128 180 0 ]
[ 20 1024 0 180 0 ]
[ 20 1152 0 180 0 ]
[ 20 1280 0 180 0 ]
[ 20 1280 -128 180 0 ]
[ 13 768 -128 180 0 ]
[ 13 768 0 180 0 ]
[ 13 768 128 180 0 ]
[ 13 640 128 180 0 ]
[ 13 512 128 180 0 ]
[ 13 512 0 180 0 ]
[ 13 640 0 180 0 ]
[ 13 640 -128 180 0 ]
[ 13 512 -128 180 0 ]
[ 24 512 256 180 lmode 1 1 ]
[ 24 640 256 180 lmode 1 1 ]
[ 24 768 256 180 lmode 1 1 ]
[ 10 1920 -128 540 1 ]
[ 10 1920 0 180 1 ]
[ 10 1920 128 180 1 ]
[ 24 3200 256 180 lmode 5 1 ]
[ 24 3072 256 180 lmode 5 1 ]
[ 24 3328 256 180 lmode 5 1 ]
[ 42 3072 0 180 0 ]
[ 42 3200 0 180 0 ]
[ 42 3328 0 180 0 ]
[ 23 2944 512 270 lmode 5 0 ]
[ 23 2944 384 270 lmode 5 0 ]
[ 24 2944 768 270 lmode 6 1 ]
[ 24 2944 896 270 lmode 6 1 ]
[ 20 3072 512 270 0 ]
[ 20 3200 512 270 0 ]
[ 20 3328 512 270 0 ]
[ 20 3328 384 270 0 ]
[ 20 3200 384 270 0 ]
[ 20 3072 384 270 0 ]
[ 42 2816 384 90 0 ]
[ 42 2816 512 90 0 ]
[ 42 2816 640 90 0 ]
[ 42 2816 768 90 0 ]
[ 18 2432 768 270 17 ]
[ 18 2432 895 270 17 ]
[ 20 2304 511 270 0 ]
[ 20 2304 384 270 0 ]
[ 20 2176 384 270 0 ]
[ 20 2176 511 270 0 ]
[ 20 2048 384 270 0 ]
[ 20 2048 511 270 0 ]
[ 20 2048 640 270 0 ]
[ 20 2048 768 270 0 ]
[ 20 2176 895 270 0 ]
[ 20 2304 895 270 0 ]
[ 20 2304 768 270 0 ]
[ 20 2304 640 270 0 ]
[ 20 2176 640 270 0 ]
[ 20 2176 768 270 0 ]
[ 20 2048 895 270 0 ]
[ 6 3072 896 90 0 ]
[ 6 3200 896 90 0 ]
[ 6 3072 768 90 0 ]
[ 6 3200 768 90 0 ]
[ 6 3328 768 90 0 ]
[ 6 3328 896 90 0 ]
[ 13 1536 0 90 0 ]
[ 13 1536 128 90 0 ]
[ 13 1664 128 90 0 ]
[ 13 1792 128 90 0 ]
[ 13 1664 0 90 0 ]
[ 13 1792 0 90 0 ]
[ 13 1792 -128 90 0 ]
[ 13 1664 -128 90 0 ]
[ 13 1536 -128 90 0 ]
[ 100 768 384 937 ]
[ 100 2688 384 676 ]
Electric
[ 37 384 256 270 lmode 0 ]
[ 37 896 256 270 lmode 1 ]
[ 37 1408 256 270 lmode 2 ]
[ 37 1920 256 270 lmode 3 ]
[ 46 896 768 90 0 ]
[ 46 1408 768 90 0 ]
[ 26 1408 640 90 ]
[ 26 1408 512 90 ]
[ 26 1408 384 90 ]
[ 26 1920 384 90 ]
[ 26 1920 512 90 ]
[ 26 1920 640 90 ]
[ 26 1920 768 90 ]
[ 27 1920 896 360 ]
[ 26 1792 896 0 ]
[ 26 1408 896 0 ]
[ 26 1280 896 0 ]
[ 26 1152 896 0 ]
[ 26 1024 896 0 ]
[ 26 896 896 0 ]
[ 34 512 896 360 lmode 2 0 ]
[ 34 256 896 360 lmode 1 0 ]
[ 46 128 768 1350 0 ]
[ 27 128 896 450 ]
[ 26 640 896 180 ]
[ 28 1664 896 360 ]
[ 31 1792 768 90 0 ]
[ 32 1792 512 90 ]
[ 27 1536 384 180 ]
[ 27 1792 384 270 ]
[ 28 1536 896 0 ]
[ 28 384 896 360 ]
[ 26 384 767 90 ]
[ 26 384 512 90 ]
[ 26 384 384 90 ]
[ 28 384 640 270 ]
[ 29 256 640 90 ]
[ 28 128 640 360 ]
[ 25 256 767 90 ]
[ 25 0 896 90 ]
[ 26 0 767 90 ]
[ 28 0 640 90 ]
[ 27 0 384 180 ]
[ 27 256 384 270 ]
[ 28 0 512 450 ]
[ 28 128 384 180 ]
[ 28 256 512 270 ]
[ 29 128 512 270 ]
[ 26 768 640 90 ]
[ 26 640 512 90 ]
[ 26 512 512 90 ]
[ 26 1024 512 90 ]
[ 26 1152 512 90 ]
[ 26 1280 512 90 ]
[ 25 512 768 90 ]
[ 25 640 768 90 ]
[ 25 768 768 90 ]
[ 25 1024 768 90 ]
[ 25 1152 768 90 ]
[ 25 1280 768 90 ]
[ 27 1280 384 630 ]
[ 27 512 384 540 ]
[ 28 512 640 450 ]
[ 28 640 640 270 ]
[ 28 768 512 450 ]
[ 28 896 512 270 ]
[ 28 1152 640 810 ]
[ 28 1280 640 270 ]
[ 28 1024 640 630 ]
[ 28 896 640 450 ]
[ 28 1024 384 180 ]
[ 28 1152 384 180 ]
[ 28 768 384 180 ]
[ 28 640 384 180 ]
[ 29 896 384 180 ]
[ 29 2432 0 180 ]
[ 29 2560 0 180 ]
[ 29 2688 0 180 ]
[ 28 2688 -128 540 ]
[ 27 2816 128 360 ]
[ 29 2816 0 0 ]
[ 27 2816 -128 270 ]
[ 33 2944 0 270 lmode 4 ]
[ 27 2944 -128 180 ]
[ 26 3072 -128 0 ]
[ 26 3200 -128 0 ]
[ 30 3328 -128 0 1 ]
[ 31 3328 128 0 0 ]
[ 27 2944 128 90 ]
[ 37 2048 -128 180 lmode 5 ]
[ 37 2048 128 180 lmode 5 ]
[ 37 2048 0 180 lmode 5 ]
[ 32 3072 127 360 ]
[ 32 3200 127 0 ]
[ 32 2176 -128 0 ]
[ 32 2176 0 0 ]
[ 32 2176 128 0 ]
[ 32 2304 128 0 ]
[ 32 2304 0 0 ]
[ 32 2304 -128 0 ]
[ 27 2432 -128 270 ]
[ 27 2432 128 360 ]
[ 27 2560 128 90 ]
[ 27 2560 -128 180 ]
[ 37 2944 1024 360 lmode 6 ]
[ 27 2816 1024 90 ]
[ 27 2816 896 270 ]
[ 35 2688 384 450 lmode 5 1 ]
[ 26 2688 256 270 ]
[ 29 2688 128 270 ]
[ 33 2688 640 270 lmode 7 ]
[ 28 2560 640 450 ]
[ 25 2560 384 630 ]
[ 25 2560 895 450 ]
[ 27 2688 895 90 ]
[ 26 2688 768 90 ]
[ 26 2688 512 90 ]
[ 26 2560 512 90 ]
[ 26 2560 768 90 ]
[ 34 767 896 360 dmode 0 0 ]
[ 33 1536 768 90 lmode 0 ]
[ 34 1792 640 90 lmode 1 0 ]
[ 33 1664 512 270 lmode 2 ]
[ 28 1664 384 540 ]
[ 28 1536 512 450 ]
[ 26 1536 640 90 ]
[ 27 1664 768 630 ]
[ 31 1664 640 90 0 ]
PLayer 734.285 525.255