Does_not_exist
Map_basic
[ 13 384 384 0 0 ]
[ 12 384 512 90 2 ]
[ 12 384 640 90 0 ]
[ 12 384 768 90 1 ]
[ 13 384 896 0 0 ]
[ 12 384 1024 90 2 ]
[ 12 384 1152 90 0 ]
[ 12 384 1280 90 0 ]
[ 13 384 1408 0 0 ]
[ 12 512 384 0 2 ]
[ 24 512 512 0 lmode 2 0 ]
[ 24 512 640 0 lmode 1 0 ]
[ 24 512 768 0 lmode 0 0 ]
[ 12 512 896 0 2 ]
[ 12 512 1408 0 2 ]
[ 12 640 384 0 0 ]
[ 12 640 896 0 0 ]
[ 12 640 1408 0 0 ]
[ 12 768 384 0 1 ]
[ 12 768 896 0 1 ]
[ 12 768 1408 0 1 ]
[ 13 896 384 0 0 ]
[ 13 896 896 0 0 ]
[ 3 896 1408 0 3 ]
[ 12 896 1536 90 2 ]
[ 13 896 1664 0 0 ]
[ 12 1024 384 0 2 ]
[ 3 1024 1536 0 3 ]
[ 12 1024 1664 0 2 ]
[ 12 1152 384 0 0 ]
[ 6 1152 1536 0 3 ]
[ 12 1152 1664 0 0 ]
[ 12 1280 384 0 1 ]
[ 13 1280 1408 0 0 ]
[ 3 1280 1536 0 3 ]
[ 12 1280 1664 0 1 ]
[ 13 1408 384 0 0 ]
[ 13 1408 896 0 0 ]
[ 3 1408 1408 0 3 ]
[ 12 1408 1536 90 2 ]
[ 13 1408 1664 0 0 ]
[ 12 1536 384 0 2 ]
[ 12 1536 1408 0 2 ]
[ 12 1664 384 0 0 ]
[ 12 1664 1408 0 0 ]
[ 12 1792 384 0 1 ]
[ 24 1792 512 0 lmode 6 0 ]
[ 24 1792 1280 0 lmode 7 0 ]
[ 12 1792 1408 0 1 ]
[ 13 1920 384 0 0 ]
[ 12 1920 512 90 2 ]
[ 12 1920 640 90 0 ]
[ 12 1920 768 90 1 ]
[ 3 1920 896 0 3 ]
[ 12 1920 1024 90 2 ]
[ 12 1920 1152 90 0 ]
[ 12 1920 1280 90 1 ]
[ 13 1920 1408 0 0 ]
[ 18 896 512 0 3 ]
[ 18 896 640 0 3 ]
[ 18 896 768 0 3 ]
[ 31 1408 512 0 0 ]
[ 31 1408 640 0 0 ]
[ 31 1408 768 0 0 ]
[ 31 768 1024 0 1 ]
[ 31 768 1152 0 1 ]
[ 31 768 1280 0 1 ]
Movables
Map_floor
[ 42 512 640 0 1 ]
[ 6 512 1024 0 0 ]
[ 6 512 1152 0 0 ]
[ 6 512 1280 0 0 ]
[ 42 640 512 0 0 ]
[ 42 640 640 0 0 ]
[ 6 640 1024 0 0 ]
[ 6 640 1152 0 0 ]
[ 6 640 1280 0 0 ]
[ 42 768 512 0 0 ]
[ 42 768 640 0 0 ]
[ 6 768 1024 0 0 ]
[ 6 768 1152 0 0 ]
[ 6 768 1280 0 0 ]
[ 42 896 512 0 0 ]
[ 42 896 640 0 0 ]
[ 24 896 1024 90 lmode 4 1 ]
[ 24 896 1152 90 lmode 4 1 ]
[ 24 896 1280 90 lmode 4 1 ]
[ 42 1024 1024 0 0 ]
[ 42 1024 1152 0 0 ]
[ 42 1024 1280 0 0 ]
[ 24 1024 1408 0 lmode 4 1 ]
[ 42 1152 1024 0 0 ]
[ 42 1152 1152 0 0 ]
[ 42 1152 1280 0 0 ]
[ 24 1152 1408 0 lmode 4 1 ]
[ 13 1152 1536 0 0 ]
[ 23 1408 512 90 lmode 3 0 ]
[ 23 1408 640 90 lmode 3 0 ]
[ 23 1408 768 90 lmode 3 0 ]
[ 23 1408 1024 90 lmode 7 0 ]
[ 23 1408 1152 90 lmode 7 0 ]
[ 23 1408 1280 90 lmode 7 0 ]
[ 13 1536 512 0 0 ]
[ 13 1536 640 0 0 ]
[ 13 1536 768 0 0 ]
[ 24 1536 896 0 lmode 3 1 ]
[ 20 1536 1024 0 0 ]
[ 20 1536 1152 0 0 ]
[ 20 1536 1280 0 0 ]
[ 13 1664 512 0 0 ]
[ 13 1664 640 0 0 ]
[ 13 1664 768 0 0 ]
[ 24 1664 896 0 lmode 3 1 ]
[ 20 1664 1024 0 0 ]
[ 20 1664 1152 0 0 ]
[ 20 1664 1280 0 0 ]
[ 13 1792 640 0 0 ]
[ 13 1792 768 0 0 ]
[ 24 1792 896 0 lmode 3 1 ]
[ 20 1792 1024 0 0 ]
[ 20 1792 1152 0 0 ]
[ 100 1152 1024 937 ]
[ 104 1157 437 minus ]
[ 104 1045 437 plus ]
[ 104 1289 437 door ]
[ 104 1290 1408 minus ]
[ 104 913 923 door ]
[ 104 1424 925 door ]
Electric
[ 30 512 768 180 1 ]
[ 35 640 768 0 lmode 0 1 ]
[ 26 768 768 0 ]
[ 37 768 896 180 lmode 4 ]
[ 26 896 768 0 ]
[ 26 896 896 0 ]
[ 30 1024 384 270 1 ]
[ 32 1024 512 90 ]
[ 33 1024 640 90 lmode 1 ]
[ 27 1024 768 0 ]
[ 34 1024 896 180 lmode 2 0 ]
[ 31 1152 384 270 0 ]
[ 34 1152 512 270 lmode 6 0 ]
[ 29 1152 640 0 ]
[ 33 1152 768 90 lmode 0 ]
[ 26 1280 1280 90 ]
[ 35 640 768 0 lmode 0 1 ]
[ 26 768 768 0 ]
[ 37 768 896 180 lmode 4 ]
[ 26 896 768 0 ]
[ 26 896 896 0 ]
[ 30 1024 384 270 1 ]
[ 32 1024 512 90 ]
[ 33 1024 640 90 lmode 1 ]
[ 27 1024 768 0 ]
[ 34 1024 896 180 lmode 2 0 ]
[ 31 1152 384 270 0 ]
[ 34 1152 512 270 lmode 6 0 ]
[ 29 1152 640 0 ]
[ 33 1152 768 90 lmode 0 ]
[ 27 1152 896 0 ]
[ 37 1280 384 270 lmode 3 ]
[ 26 1280 512 90 ]
[ 27 1280 640 0 ]
[ 27 1280 768 270 ]
[ 28 1280 896 90 ]
[ 32 1280 1024 90 ]
[ 34 1280 1152 90 lmode 7 0 ]
[ 26 1280 1280 90 ]
[ 31 1280 1408 90 0 ]
[ 37 1408 896 0 lmode 5 ]
PLayer 1219.88 1090.61