Does_not_exist
Map_basic
[ 4 384 -384 90 3 ]
[ 4 1536 -384 0 3 ]
[ 4 384 256 0 3 ]
[ 4 1536 256 0 3 ]
[ 25 512 256 180 0 ]
[ 25 768 256 180 0 ]
[ 25 896 256 180 0 ]
[ 25 1024 256 180 0 ]
[ 25 1152 256 180 0 ]
[ 25 1280 256 180 0 ]
[ 25 1408 256 180 0 ]
[ 4 2176 -384 0 3 ]
[ 4 2176 -1408 0 3 ]
[ 4 384 -1408 0 3 ]
[ 13 512 -512 90 0 ]
[ 13 768 -768 90 0 ]
[ 13 640 -896 90 0 ]
[ 13 768 -1024 90 0 ]
[ 13 896 -896 90 0 ]
[ 13 1024 -768 90 0 ]
[ 13 1536 -768 90 0 ]
[ 13 1408 -896 90 0 ]
[ 13 1536 -1024 90 0 ]
[ 13 1920 -1152 90 0 ]
[ 13 1920 -896 90 0 ]
[ 13 1792 -768 90 0 ]
[ 3 1664 -1152 0 3 ]
[ 3 1024 -1280 0 3 ]
[ 3 512 -768 0 3 ]
[ 13 768 -1280 90 0 ]
[ 13 1024 -512 90 0 ]
[ 13 1792 -512 90 0 ]
[ 13 2048 -512 90 0 ]
[ 13 1792 -1024 90 0 ]
[ 13 1279 -768 90 0 ]
[ 13 1152 -1152 90 0 ]
[ 6 1279 -1024 0 3 ]
[ 13 1279 -1280 90 0 ]
[ 3 1792 -1280 0 3 ]
[ 13 2048 -1024 90 0 ]
[ 12 2304 256 360 2 ]
[ 12 2432 256 0 0 ]
[ 12 2560 256 0 0 ]
[ 24 2176 -1152 90 lmode 0 0 ]
[ 13 3712 256 90 0 ]
[ 12 2688 256 180 0 ]
[ 12 2816 256 180 0 ]
[ 12 2944 256 180 0 ]
[ 12 3072 256 180 0 ]
[ 12 3200 256 180 0 ]
[ 12 3328 256 180 0 ]
[ 12 3456 256 180 0 ]
[ 12 3584 256 180 2 ]
[ 12 3712 128 270 2 ]
[ 12 3712 0 270 0 ]
[ 12 3712 -128 270 0 ]
[ 12 3712 -256 270 0 ]
[ 12 3712 -384 270 0 ]
[ 12 3712 -512 270 0 ]
[ 12 3712 -640 270 0 ]
[ 12 3712 -768 270 0 ]
[ 12 3712 -1024 270 0 ]
[ 12 3712 -1152 270 0 ]
[ 12 3712 -1280 270 0 ]
[ 12 2304 -1408 360 0 ]
[ 12 2432 -1408 0 0 ]
[ 12 2560 -1408 0 0 ]
[ 12 2816 -1408 0 0 ]
[ 12 2944 -1408 0 0 ]
[ 12 3072 -1408 0 0 ]
[ 12 3200 -1408 0 0 ]
[ 12 3328 -1408 0 0 ]
[ 12 3456 -1408 0 0 ]
[ 12 2688 -1408 0 0 ]
[ 13 3712 -1408 0 0 ]
[ 12 3584 -1408 0 0 ]
[ 12 512 -1408 0 2 ]
[ 12 640 -1408 0 0 ]
[ 12 768 -1408 0 0 ]
[ 12 896 -1408 0 0 ]
[ 12 1024 -1408 0 0 ]
[ 12 1152 -1408 0 0 ]
[ 12 1280 -1408 0 0 ]
[ 12 1408 -1408 0 0 ]
[ 12 1536 -1408 0 0 ]
[ 12 1664 -1408 0 0 ]
[ 12 1792 -1408 0 0 ]
[ 12 1920 -1408 0 0 ]
[ 12 2048 -1408 0 1 ]
[ 12 2176 -1280 90 1 ]
[ 12 2176 -1024 90 2 ]
[ 12 2176 -896 90 0 ]
[ 12 2176 -768 90 1 ]
[ 12 2176 -512 90 0 ]
[ 12 768 -384 180 0 ]
[ 12 896 -384 180 0 ]
[ 12 1024 -384 180 0 ]
[ 12 1152 -384 180 0 ]
[ 12 1280 -384 180 0 ]
[ 12 1408 -384 180 2 ]
[ 12 384 -512 270 2 ]
[ 12 384 -640 270 0 ]
[ 12 384 -768 270 0 ]
[ 12 384 -896 270 0 ]
[ 12 384 -1024 270 0 ]
[ 12 384 -1152 270 0 ]
[ 12 384 -1280 270 1 ]
[ 3 3328 -896 0 3 ]
[ 3 3200 -1024 0 3 ]
[ 3 3072 -896 0 3 ]
[ 6 3200 -896 0 3 ]
[ 12 3712 -896 270 0 ]
[ 24 2176 -640 360 lmode 1 0 ]
[ 8 1536 896 0 0 ]
[ 8 2176 896 0 0 ]
[ 4 2176 256 90 3 ]
[ 9 1536 384 90 0 ]
[ 9 1536 512 90 0 ]
[ 9 1536 640 90 0 ]
[ 9 1536 768 90 0 ]
[ 9 2176 384 90 0 ]
[ 9 2176 512 90 0 ]
[ 9 2176 640 90 0 ]
[ 9 2176 768 90 0 ]
[ 8 2176 1408 90 0 ]
[ 8 1536 1408 90 0 ]
[ 9 1536 1152 90 0 ]
[ 9 1536 1024 90 0 ]
[ 9 1536 1280 90 0 ]
[ 9 1664 1408 180 0 ]
[ 9 1792 1408 180 0 ]
[ 9 1920 1408 180 0 ]
[ 9 2048 1408 180 0 ]
[ 9 2304 896 180 0 ]
[ 9 2432 896 180 0 ]
[ 9 2560 896 180 0 ]
[ 9 2688 896 180 0 ]
[ 9 2816 896 180 0 ]
[ 9 2304 1408 180 0 ]
[ 9 2432 1408 180 0 ]
[ 9 2816 1408 180 0 ]
[ 9 2560 1408 180 0 ]
[ 9 2688 1408 180 0 ]
[ 8 2944 896 180 0 ]
[ 17 640 128 0 0 ]
[ 17 640 0 0 0 ]
[ 17 640 -128 0 0 ]
[ 17 640 -256 0 0 ]
[ 13 640 256 90 0 ]
[ 13 640 -384 90 0 ]
[ 25 512 -384 180 0 ]
[ 30 3456 1408 180 barmode 0 ]
[ 30 3840 1408 180 barmode 0 ]
[ 4 2944 1408 0 2 ]
[ 4 3456 896 0 2 ]
[ 4 3840 896 0 2 ]
[ 4 4352 1408 0 2 ]
[ 4 4352 896 0 2 ]
[ 4 3456 1920 0 2 ]
[ 4 3840 1920 0 2 ]
[ 4 2944 1920 0 2 ]
[ 4 4352 1920 0 2 ]
[ 11 2944 1536 270 0 ]
[ 11 2944 1664 270 0 ]
[ 11 2944 1792 270 0 ]
[ 11 4352 1536 270 0 ]
[ 11 4352 1792 270 0 ]
[ 11 3072 896 360 0 ]
[ 11 3200 896 0 0 ]
[ 11 3328 896 0 0 ]
[ 11 3584 896 0 0 ]
[ 11 3712 896 0 0 ]
[ 11 3968 896 0 0 ]
[ 11 4096 896 0 0 ]
[ 11 4224 896 0 0 ]
[ 11 4352 1024 90 0 ]
[ 11 4352 1280 90 0 ]
[ 11 3072 1920 180 0 ]
[ 11 3328 1920 180 0 ]
[ 11 3968 1920 180 0 ]
[ 11 4224 1920 180 0 ]
[ 15 4352 1152 0 crystal 0 1 ]
[ 15 4352 1664 0 crystal 1 1 ]
[ 15 4096 1920 0 crystal 3 1 ]
[ 15 3200 1920 360 crystal 4 1 ]
[ 10 2944 2304 0 0 ]
[ 11 2944 2048 90 0 ]
[ 11 2944 2176 90 0 ]
[ 11 3072 2304 180 0 ]
[ 11 3200 2304 180 0 ]
[ 11 3328 2304 180 0 ]
[ 11 3968 2304 180 0 ]
[ 11 4096 2304 180 0 ]
[ 11 4224 2304 180 0 ]
[ 11 4352 2304 180 0 ]
[ 11 4480 2304 180 0 ]
[ 11 4608 2304 180 0 ]
[ 11 4736 2304 180 0 ]
[ 11 4864 2304 180 0 ]
[ 11 4992 2304 180 0 ]
[ 11 5120 2304 180 0 ]
[ 11 5248 2304 180 0 ]
[ 11 5376 2176 270 0 ]
[ 11 5376 1152 270 0 ]
[ 11 5376 1280 270 0 ]
[ 11 5376 1408 270 0 ]
[ 11 5376 1536 270 0 ]
[ 11 5376 1664 270 0 ]
[ 11 5376 2048 270 0 ]
[ 11 5376 1920 270 0 ]
[ 11 5376 1792 270 0 ]
[ 11 5376 1024 270 0 ]
[ 11 5248 896 0 0 ]
[ 11 5120 896 0 0 ]
[ 11 4992 896 0 0 ]
[ 11 4864 896 0 0 ]
[ 11 4736 896 0 0 ]
[ 11 4608 896 0 0 ]
[ 11 4480 896 0 0 ]
[ 10 5376 896 0 0 ]
[ 10 5376 2304 0 0 ]
[ 19 4992 1280 0 2 ]
[ 18 4736 1408 0 2 ]
[ 10 3456 2304 0 0 ]
[ 10 3840 2304 0 0 ]
[ 10 3456 2560 0 0 ]
[ 10 3840 2560 0 0 ]
[ 11 3456 2432 90 0 ]
[ 11 3584 2560 180 0 ]
[ 11 3712 2560 180 0 ]
[ 11 3840 2432 270 0 ]
[ 31 1536 -256 0 0 ]
[ 31 1536 -128 0 0 ]
[ 31 1536 0 0 0 ]
[ 31 1536 128 0 0 ]
[ 31 2944 1024 0 1 ]
[ 31 2944 1152 0 1 ]
[ 31 2944 1280 0 1 ]
[ 25 384 128 90 0 ]
[ 25 384 0 90 0 ]
[ 25 384 -128 90 0 ]
[ 25 384 -256 90 0 ]
[ 4 5248 2048 0 2 ]
Movables
[ 2432 128 0 ]
[ 2560 0 0 ]
[ 2432 -128 0 ]
[ 2304 -256 0 ]
[ 2560 -256 0 ]
[ 2688 -128 0 ]
[ 2688 128 0 ]
[ 2816 0 0 ]
[ 2816 -256 0 ]
[ 2944 -128 0 ]
[ 2944 128 0 ]
[ 3072 0 0 ]
[ 3072 -256 0 ]
[ 3200 128 0 ]
[ 3200 -128 0 ]
[ 3328 -256 0 ]
[ 3328 0 0 ]
[ 3456 128 0 ]
[ 3456 -128 0 ]
[ 3584 0 0 ]
[ 2432 -384 0 ]
[ 2304 -512 0 ]
[ 2432 -640 0 ]
[ 2304 -768 0 ]
[ 2432 -896 0 ]
[ 2304 -1152 0 ]
[ 2432 -1280 0 ]
[ 2304 -896 0 ]
[ 2560 -1024 0 ]
[ 2688 -1024 0 ]
[ 2816 -1024 0 ]
[ 2944 -1024 0 ]
[ 2688 -768 0 ]
[ 2816 -512 0 ]
[ 2560 -512 0 ]
[ 2688 -512 0 ]
[ 3072 -384 0 ]
[ 2944 -512 0 ]
[ 3072 -768 0 ]
[ 3200 -640 0 ]
[ 3456 -384 0 ]
[ 3456 -512 0 ]
[ 3328 -512 0 ]
[ 3072 -640 0 ]
[ 3584 -640 0 ]
[ 3456 -896 0 ]
[ 3584 -896 0 ]
[ 3456 -768 0 ]
[ 2944 -1152 0 ]
[ 2688 -1280 0 ]
[ 3328 -1152 0 ]
[ 3328 -1024 0 ]
[ 3456 -1024 0 ]
[ 3584 -1280 0 ]
[ 3584 -1152 0 ]
[ 2816 -896 0 ]
[ 2816 -640 0 ]
[ 2944 -768 0 ]
[ 2560 -768 0 ]
Map_floor
[ 10 1536 -256 720 1 ]
[ 10 1536 -128 0 1 ]
[ 10 1536 0 0 1 ]
[ 10 1536 128 0 1 ]
[ 10 1664 -384 90 1 ]
[ 10 1792 -384 90 1 ]
[ 10 1920 -384 90 1 ]
[ 10 2048 -384 90 1 ]
[ 24 1664 256 180 lmode 0 1 ]
[ 24 1792 256 180 lmode 0 1 ]
[ 24 1920 256 180 lmode 0 1 ]
[ 24 2048 256 180 lmode 0 1 ]
[ 13 768 -256 270 0 ]
[ 13 896 -256 270 0 ]
[ 13 1024 -256 270 0 ]
[ 13 1152 -256 270 0 ]
[ 13 1280 -256 270 0 ]
[ 13 1408 -256 270 0 ]
[ 13 1408 -128 270 0 ]
[ 13 1280 -128 270 0 ]
[ 13 896 -128 270 0 ]
[ 13 896 128 270 0 ]
[ 13 1024 128 270 0 ]
[ 13 1152 128 270 0 ]
[ 13 1280 0 270 0 ]
[ 13 1408 0 270 0 ]
[ 13 1408 128 270 0 ]
[ 13 1280 128 270 0 ]
[ 13 1152 0 270 0 ]
[ 13 1024 0 270 0 ]
[ 13 768 -128 270 0 ]
[ 13 768 0 270 0 ]
[ 13 896 0 270 0 ]
[ 13 1024 -128 270 0 ]
[ 13 1152 -128 270 0 ]
[ 20 640 -512 270 0 ]
[ 20 896 -512 270 0 ]
[ 20 1152 -512 270 0 ]
[ 20 1408 -512 270 0 ]
[ 20 1664 -512 270 0 ]
[ 20 1920 -512 270 0 ]
[ 20 2048 -640 270 0 ]
[ 20 1920 -1024 270 0 ]
[ 20 640 -1024 270 0 ]
[ 20 640 -768 270 0 ]
[ 20 512 -896 270 0 ]
[ 20 512 -640 270 0 ]
[ 20 768 -640 270 0 ]
[ 20 1408 -768 270 0 ]
[ 20 1792 -640 270 0 ]
[ 20 2048 -896 270 0 ]
[ 20 2048 -1152 270 0 ]
[ 20 1536 -1152 270 0 ]
[ 20 640 -1280 270 0 ]
[ 20 896 -1280 270 0 ]
[ 20 1408 -1280 270 0 ]
[ 20 1664 -1280 270 0 ]
[ 20 1920 -1280 270 0 ]
[ 20 1792 -1152 270 0 ]
[ 20 1280 -1152 270 0 ]
[ 20 1152 -1280 270 0 ]
[ 20 1024 -1152 270 0 ]
[ 20 768 -1152 270 0 ]
[ 20 896 -1024 270 0 ]
[ 20 1152 -1024 270 0 ]
[ 20 1408 -1024 270 0 ]
[ 20 1664 -1024 270 0 ]
[ 20 1792 -896 270 0 ]
[ 20 1536 -896 270 0 ]
[ 20 1280 -896 270 0 ]
[ 20 1024 -896 270 0 ]
[ 20 768 -896 270 0 ]
[ 20 896 -768 270 0 ]
[ 20 1152 -768 270 0 ]
[ 20 1536 -640 270 0 ]
[ 20 1280 -640 270 0 ]
[ 20 1024 -640 270 0 ]
[ 20 1664 -768 270 0 ]
[ 20 1920 -768 270 0 ]
[ 9 1664 -128 270 5 ]
[ 9 1664 -256 270 2 ]
[ 9 1792 -256 270 4 ]
[ 9 1920 -256 270 3 ]
[ 9 2048 -256 270 5 ]
[ 9 2048 0 270 3 ]
[ 9 1792 -128 270 4 ]
[ 9 1792 0 270 1 ]
[ 9 1664 0 270 2 ]
[ 9 1664 128 270 5 ]
[ 9 1792 128 270 5 ]
[ 9 1920 0 270 4 ]
[ 9 1920 128 270 0 ]
[ 9 2048 128 270 3 ]
[ 9 1920 -128 270 3 ]
[ 9 2048 -128 270 1 ]
[ 18 640 -640 180 13 ]
[ 18 512 -768 180 13 ]
[ 18 512 -513 180 13 ]
[ 18 768 -513 180 13 ]
[ 18 768 -768 180 13 ]
[ 18 640 -896 180 13 ]
[ 18 512 -1024 180 13 ]
[ 18 768 -1024 180 13 ]
[ 18 640 -1152 180 13 ]
[ 18 512 -1280 180 13 ]
[ 18 768 -1280 180 13 ]
[ 18 896 -1152 180 13 ]
[ 18 1024 -1280 180 13 ]
[ 18 1152 -1152 180 13 ]
[ 18 1279 -1280 180 13 ]
[ 18 1408 -1152 180 13 ]
[ 18 1536 -1280 180 13 ]
[ 18 1664 -1152 180 13 ]
[ 18 1792 -1280 180 13 ]
[ 18 1920 -1152 180 13 ]
[ 18 2048 -1280 180 13 ]
[ 18 2048 -1024 180 13 ]
[ 18 1792 -1024 180 13 ]
[ 18 1536 -1024 180 13 ]
[ 18 1279 -1024 180 13 ]
[ 18 1024 -1024 180 13 ]
[ 18 896 -896 180 13 ]
[ 18 1024 -768 180 13 ]
[ 18 1152 -896 180 13 ]
[ 18 896 -640 180 13 ]
[ 18 1024 -512 180 13 ]
[ 18 1152 -640 180 13 ]
[ 18 1279 -768 180 13 ]
[ 18 1408 -896 180 13 ]
[ 18 1664 -896 180 13 ]
[ 18 1536 -768 180 13 ]
[ 18 1408 -640 180 13 ]
[ 18 1279 -512 180 13 ]
[ 18 1536 -512 180 13 ]
[ 18 1664 -640 180 13 ]
[ 18 1792 -768 180 13 ]
[ 18 1920 -896 180 13 ]
[ 18 2048 -768 180 13 ]
[ 18 1920 -640 180 13 ]
[ 18 1792 -512 180 13 ]
[ 18 2048 -512 180 13 ]
[ 20 512 -1152 180 0 ]
[ 20 2304 -1280 270 0 ]
[ 20 2432 -1280 270 0 ]
[ 20 2560 -1280 270 0 ]
[ 20 2688 -1280 270 0 ]
[ 20 2816 -1280 270 0 ]
[ 20 2944 -1280 270 0 ]
[ 20 3072 -1280 270 0 ]
[ 20 3200 -1280 270 0 ]
[ 20 3328 -1280 270 0 ]
[ 20 3456 -1280 270 0 ]
[ 20 3584 -1280 270 0 ]
[ 20 3584 -1152 270 0 ]
[ 20 3456 -1152 270 0 ]
[ 20 3328 -1152 270 0 ]
[ 20 3200 -1152 270 0 ]
[ 20 3072 -1152 270 0 ]
[ 20 2944 -1152 270 0 ]
[ 20 2816 -1152 270 0 ]
[ 20 2688 -1152 270 0 ]
[ 20 2560 -1152 270 0 ]
[ 20 2432 -1152 270 0 ]
[ 20 2304 -1152 270 0 ]
[ 20 2304 -1024 270 0 ]
[ 20 2304 -896 270 0 ]
[ 20 2432 -1024 270 0 ]
[ 20 2560 -1024 270 0 ]
[ 20 2688 -1024 270 0 ]
[ 20 2816 -1024 270 0 ]
[ 20 2944 -1024 270 0 ]
[ 20 3072 -1024 270 0 ]
[ 20 3200 -1024 270 0 ]
[ 20 3328 -1024 270 0 ]
[ 20 3456 -1024 270 0 ]
[ 20 3584 -1024 270 0 ]
[ 20 3584 -896 270 0 ]
[ 20 3456 -896 270 0 ]
[ 20 3328 -896 270 0 ]
[ 20 3200 -896 270 0 ]
[ 20 3072 -896 270 0 ]
[ 20 2944 -896 270 0 ]
[ 20 2816 -896 270 0 ]
[ 20 2688 -896 270 0 ]
[ 20 2560 -896 270 0 ]
[ 20 2432 -896 270 0 ]
[ 20 2432 -768 270 0 ]
[ 20 2304 -768 270 0 ]
[ 20 2304 128 270 0 ]
[ 20 2304 0 270 0 ]
[ 20 2304 -128 270 0 ]
[ 20 2304 -640 270 0 ]
[ 20 2432 -640 270 0 ]
[ 20 2688 -640 270 0 ]
[ 20 2816 -640 270 0 ]
[ 20 3328 -768 270 0 ]
[ 20 3456 -768 270 0 ]
[ 20 3584 -768 270 0 ]
[ 20 3584 -640 270 0 ]
[ 20 3584 -512 270 0 ]
[ 20 3584 -384 270 0 ]
[ 20 3584 -256 270 0 ]
[ 20 3584 -128 270 0 ]
[ 20 3584 0 270 0 ]
[ 20 3584 128 270 0 ]
[ 20 3456 128 270 0 ]
[ 20 3328 128 270 0 ]
[ 20 2944 128 270 0 ]
[ 20 2688 128 270 0 ]
[ 20 2560 -128 270 0 ]
[ 20 2560 -512 270 0 ]
[ 20 2560 -640 270 0 ]
[ 20 2560 -768 270 0 ]
[ 20 2688 -768 270 0 ]
[ 20 2816 -768 270 0 ]
[ 20 2944 -768 270 0 ]
[ 20 3072 -768 270 0 ]
[ 20 3200 -768 270 0 ]
[ 20 3456 -640 270 0 ]
[ 20 3328 -640 270 0 ]
[ 20 3200 -640 270 0 ]
[ 20 3072 -640 270 0 ]
[ 20 2944 -640 270 0 ]
[ 20 2944 -512 270 0 ]
[ 20 2816 -512 270 0 ]
[ 20 2304 -256 270 0 ]
[ 20 2304 -384 270 0 ]
[ 20 2304 -512 270 0 ]
[ 20 2432 -512 270 0 ]
[ 20 2432 -384 270 0 ]
[ 20 2432 -256 270 0 ]
[ 20 2432 -128 270 0 ]
[ 20 2432 0 270 0 ]
[ 20 2432 128 270 0 ]
[ 20 2560 128 270 0 ]
[ 20 2560 0 270 0 ]
[ 20 3072 0 270 0 ]
[ 20 3328 -128 270 0 ]
[ 20 3328 0 270 0 ]
[ 20 3456 0 270 0 ]
[ 20 3456 -128 270 0 ]
[ 20 3456 -256 270 0 ]
[ 20 3456 -384 270 0 ]
[ 20 3456 -512 270 0 ]
[ 20 3328 -512 270 0 ]
[ 20 3072 -128 270 0 ]
[ 20 2944 0 270 0 ]
[ 20 2816 128 270 0 ]
[ 20 2816 0 270 0 ]
[ 20 2944 -128 270 0 ]
[ 20 2944 -256 270 0 ]
[ 20 3072 -256 270 0 ]
[ 20 3200 -128 270 0 ]
[ 20 3200 128 270 0 ]
[ 20 3072 128 270 0 ]
[ 20 3200 0 270 0 ]
[ 20 2688 -512 270 0 ]
[ 20 2560 -256 270 0 ]
[ 20 2688 -256 270 0 ]
[ 20 2688 -128 270 0 ]
[ 20 2688 0 270 0 ]
[ 20 2816 -128 270 0 ]
[ 20 2816 -256 270 0 ]
[ 20 3072 -512 270 0 ]
[ 20 3200 -512 270 0 ]
[ 20 3200 -384 270 0 ]
[ 20 3328 -384 270 0 ]
[ 20 3328 -256 270 0 ]
[ 20 3200 -256 270 0 ]
[ 20 3072 -384 270 0 ]
[ 20 2944 -384 270 0 ]
[ 20 2816 -384 270 0 ]
[ 20 2688 -384 270 0 ]
[ 20 2560 -384 270 0 ]
[ 24 2176 -128 270 lmode 1 1 ]
[ 24 2176 -256 270 lmode 1 1 ]
[ 24 2176 0 270 lmode 1 1 ]
[ 24 2176 128 270 lmode 1 1 ]
[ 19 1664 384 90 0 ]
[ 19 1792 384 90 0 ]
[ 19 1920 384 90 0 ]
[ 19 2048 384 90 0 ]
[ 6 512 128 90 0 ]
[ 6 512 0 90 0 ]
[ 6 512 -128 90 0 ]
[ 6 512 -256 90 0 ]
[ 24 640 -128 90 lmode 0 1 ]
[ 13 768 128 90 0 ]
[ 24 640 -256 90 lmode 0 1 ]
[ 24 640 0 90 lmode 0 1 ]
[ 24 640 128 90 lmode 0 1 ]
[ 4 2944 1152 180 0 ]
[ 4 2944 1024 180 0 ]
[ 4 2944 1280 180 0 ]
[ 41 3456 1152 180 barmode 0 1 ]
[ 41 3456 1280 180 barmode 0 1 ]
[ 41 3456 1024 180 barmode 0 1 ]
[ 40 3072 1408 180 barmode 0 0 ]
[ 40 3200 1408 180 barmode 0 0 ]
[ 40 3328 1408 180 barmode 0 0 ]
[ 40 3584 1408 180 barmode 0 0 ]
[ 40 3712 1408 180 barmode 0 0 ]
[ 40 3840 1280 180 barmode 0 0 ]
[ 40 3840 1152 180 barmode 0 0 ]
[ 41 3840 1536 180 barmode 0 1 ]
[ 41 3840 1664 180 barmode 0 1 ]
[ 41 3968 1408 180 barmode 0 1 ]
[ 41 4096 1408 180 barmode 0 1 ]
[ 41 4224 1408 180 barmode 0 1 ]
[ 41 3840 1792 180 barmode 0 1 ]
[ 41 3456 1536 180 barmode 0 1 ]
[ 41 3456 1664 180 barmode 0 1 ]
[ 41 3456 1792 180 barmode 0 1 ]
[ 21 3072 1024 90 0 ]
[ 21 3200 1024 90 0 ]
[ 21 3328 1024 90 0 ]
[ 21 3328 1152 90 0 ]
[ 21 3072 1280 90 0 ]
[ 21 3072 1152 90 0 ]
[ 21 3200 1152 90 0 ]
[ 21 3200 1280 90 0 ]
[ 21 3328 1280 90 0 ]
[ 21 3584 1024 90 0 ]
[ 21 3712 1024 90 0 ]
[ 21 3712 1152 90 0 ]
[ 21 3712 1280 90 0 ]
[ 21 3584 1280 90 0 ]
[ 21 3584 1152 90 0 ]
[ 21 3968 1024 90 0 ]
[ 21 4096 1024 90 0 ]
[ 21 3968 1152 90 0 ]
[ 21 3968 1280 90 0 ]
[ 21 4096 1280 90 0 ]
[ 21 4096 1152 90 0 ]
[ 21 4224 1024 90 0 ]
[ 21 4224 1152 90 0 ]
[ 21 4224 1280 90 0 ]
[ 40 3840 1024 90 barmode 0 0 ]
[ 21 3968 1536 90 0 ]
[ 21 4096 1664 90 0 ]
[ 21 4224 1664 90 0 ]
[ 21 4224 1792 90 0 ]
[ 21 4096 1792 90 0 ]
[ 21 3968 1792 90 0 ]
[ 21 3968 1664 90 0 ]
[ 21 4096 1536 90 0 ]
[ 21 4224 1536 90 0 ]
[ 21 3072 1536 90 0 ]
[ 21 3200 1536 90 0 ]
[ 21 3328 1792 90 0 ]
[ 21 3200 1792 90 0 ]
[ 21 3072 1792 90 0 ]
[ 21 3072 1664 90 0 ]
[ 21 3200 1664 90 0 ]
[ 21 3328 1664 90 0 ]
[ 21 3328 1536 90 0 ]
[ 21 3584 1536 90 0 ]
[ 21 3584 1664 90 0 ]
[ 21 3584 1792 90 0 ]
[ 21 3712 1792 90 0 ]
[ 21 3712 1664 90 0 ]
[ 21 3712 1536 90 0 ]
[ 14 3072 896 180 0 ]
[ 14 3200 896 180 0 ]
[ 14 3328 896 180 0 ]
[ 14 3456 896 180 0 ]
[ 14 3584 896 180 0 ]
[ 14 3712 896 180 0 ]
[ 14 3840 896 180 0 ]
[ 14 3968 896 180 0 ]
[ 14 4096 896 180 0 ]
[ 14 4224 896 180 0 ]
[ 14 4352 896 180 0 ]
[ 14 4352 1024 180 0 ]
[ 14 4352 1152 180 0 ]
[ 14 4352 1280 180 0 ]
[ 14 4352 1408 180 0 ]
[ 14 4352 1536 180 0 ]
[ 14 4352 1664 180 0 ]
[ 14 4352 1792 180 0 ]
[ 14 2944 1536 180 0 ]
[ 14 2944 1664 180 0 ]
[ 14 2944 1792 180 0 ]
[ 14 2944 1920 180 0 ]
[ 14 3072 1920 180 0 ]
[ 14 3200 1920 180 0 ]
[ 14 3328 1920 180 0 ]
[ 14 3456 1920 180 0 ]
[ 14 3840 1920 180 0 ]
[ 14 3968 1920 180 0 ]
[ 14 4096 1920 180 0 ]
[ 14 4224 1920 180 0 ]
[ 14 4352 1920 180 0 ]
[ 16 4480 1152 0 crystal 0 1 ]
[ 16 4608 1152 0 crystal 0 1 ]
[ 16 4608 1280 0 crystal 0 1 ]
[ 16 4608 1408 0 crystal 0 1 ]
[ 16 4608 1536 0 crystal 0 1 ]
[ 16 4608 1664 0 crystal 0 1 ]
[ 16 4480 1664 0 crystal 1 1 ]
[ 16 4480 1792 0 crystal 1 1 ]
[ 16 4608 1792 0 crystal 1 1 ]
[ 16 4736 1792 0 crystal 1 1 ]
[ 16 4864 1792 0 crystal 1 1 ]
[ 16 4992 1792 0 crystal 1 1 ]
[ 16 4992 1664 0 crystal 1 1 ]
[ 16 4992 1536 0 crystal 1 1 ]
[ 16 4992 1408 0 crystal 1 1 ]
[ 16 5120 1408 0 crystal 1 1 ]
[ 16 5248 1408 0 crystal 1 1 ]
[ 16 4480 1024 0 crystal 2 1 ]
[ 16 4480 1280 0 crystal 2 1 ]
[ 16 4480 1408 0 crystal 2 1 ]
[ 16 4480 1536 0 crystal 2 1 ]
[ 16 4608 1024 0 crystal 2 1 ]
[ 16 4736 1024 0 crystal 2 1 ]
[ 16 4864 1024 0 crystal 2 1 ]
[ 16 4992 1024 0 crystal 2 1 ]
[ 16 5120 1024 0 crystal 2 1 ]
[ 16 5248 1024 0 crystal 2 1 ]
[ 16 5248 1152 0 crystal 2 1 ]
[ 16 5248 1280 0 crystal 2 1 ]
[ 16 5120 1280 0 crystal 2 1 ]
[ 16 5120 1152 0 crystal 2 1 ]
[ 16 4992 1152 0 crystal 2 1 ]
[ 16 4736 1536 0 crystal 2 1 ]
[ 16 4736 1664 0 crystal 2 1 ]
[ 16 4864 1536 0 crystal 2 1 ]
[ 16 4864 1408 0 crystal 2 1 ]
[ 16 4864 1152 0 crystal 2 1 ]
[ 16 4864 1280 0 crystal 2 1 ]
[ 16 4736 1152 0 crystal 2 1 ]
[ 16 4736 1280 0 crystal 2 1 ]
[ 16 4864 1664 0 crystal 2 1 ]
[ 16 5248 1536 0 crystal 2 1 ]
[ 16 5120 1792 0 crystal 2 1 ]
[ 16 5248 1792 0 crystal 2 1 ]
[ 16 5248 1664 0 crystal 2 1 ]
[ 16 5120 1664 0 crystal 2 1 ]
[ 16 5120 1536 0 crystal 2 1 ]
[ 16 4480 1920 0 crystal 2 1 ]
[ 16 4736 1920 0 crystal 2 1 ]
[ 16 4864 1920 0 crystal 2 1 ]
[ 16 4992 1920 0 crystal 2 1 ]
[ 16 5120 1920 0 crystal 2 1 ]
[ 16 5248 1920 0 crystal 2 1 ]
[ 16 3712 2048 0 crystal 3 1 ]
[ 16 3840 2048 0 crystal 3 1 ]
[ 16 3840 2176 0 crystal 3 1 ]
[ 16 3968 2176 0 crystal 3 1 ]
[ 16 4096 2048 0 crystal 3 1 ]
[ 16 4096 2176 0 crystal 3 1 ]
[ 16 4224 2176 0 crystal 3 1 ]
[ 16 4352 2176 0 crystal 3 1 ]
[ 16 4480 2176 0 crystal 3 1 ]
[ 16 4608 2176 0 crystal 3 1 ]
[ 16 4608 2048 0 crystal 3 1 ]
[ 16 4608 1920 0 crystal 3 1 ]
[ 4 3584 1920 90 0 ]
[ 4 3712 1920 90 0 ]
[ 15 3328 2176 0 crystal 4 0 ]
[ 15 3584 2176 0 crystal 4 0 ]
[ 15 3456 2048 0 crystal 4 0 ]
[ 15 3200 2048 0 crystal 4 0 ]
[ 15 3072 2176 0 crystal 4 0 ]
[ 16 4736 2048 0 crystal 5 1 ]
[ 16 3712 2176 0 crystal 5 1 ]
[ 16 3968 2048 0 crystal 5 1 ]
[ 16 3328 2048 0 crystal 5 1 ]
[ 16 3200 2176 0 crystal 5 1 ]
[ 16 3072 2048 0 crystal 5 1 ]
[ 16 3456 2176 0 crystal 5 1 ]
[ 16 3584 2048 0 crystal 5 1 ]
[ 16 4736 2176 0 crystal 5 1 ]
[ 16 4864 2176 0 crystal 5 1 ]
[ 16 4992 2176 0 crystal 5 1 ]
[ 16 5120 2176 0 crystal 5 1 ]
[ 16 5248 2176 0 crystal 5 1 ]
[ 16 5120 2048 0 crystal 5 1 ]
[ 16 4992 2048 0 crystal 5 1 ]
[ 16 4864 2048 0 crystal 5 1 ]
[ 16 4480 2048 0 crystal 5 1 ]
[ 16 4352 2048 0 crystal 5 1 ]
[ 16 4224 2048 0 crystal 5 1 ]
[ 14 4736 1408 0 0 ]
[ 14 4992 1280 0 0 ]
[ 14 5248 2048 0 0 ]
[ 4 3584 2304 270 0 ]
[ 4 3712 2304 270 0 ]
[ 6 3712 2432 270 0 ]
[ 6 3584 2432 270 0 ]
[ 10 3584 2560 270 0 ]
[ 10 3712 2560 270 0 ]
[ 10 3840 2432 540 0 ]
[ 10 3456 2432 360 0 ]
[ 14 2944 2048 0 0 ]
[ 14 2944 2176 0 0 ]
[ 14 3072 2304 0 0 ]
[ 14 3200 2304 0 0 ]
[ 14 3328 2304 0 0 ]
[ 14 3968 2304 0 0 ]
[ 14 4096 2304 0 0 ]
[ 14 4224 2304 0 0 ]
[ 14 4352 2304 0 0 ]
[ 14 4480 2304 0 0 ]
[ 14 4608 2304 0 0 ]
[ 14 4736 2304 0 0 ]
[ 14 4864 2304 0 0 ]
[ 14 4992 2304 0 0 ]
[ 14 5120 2304 0 0 ]
[ 14 5248 2304 0 0 ]
[ 14 5376 2304 0 0 ]
[ 14 5376 2176 0 0 ]
[ 14 5376 2048 0 0 ]
[ 14 5376 1920 0 0 ]
[ 14 5376 1792 0 0 ]
[ 14 5376 1664 0 0 ]
[ 14 5376 1536 0 0 ]
[ 14 5376 1408 0 0 ]
[ 14 5376 1280 0 0 ]
[ 14 5376 1152 0 0 ]
[ 14 5376 1024 0 0 ]
[ 14 5376 896 0 0 ]
[ 14 5248 896 0 0 ]
[ 14 5120 896 0 0 ]
[ 14 4992 896 0 0 ]
[ 14 4864 896 0 0 ]
[ 14 4736 896 0 0 ]
[ 14 4608 896 0 0 ]
[ 14 4480 896 0 0 ]
[ 7 1664 1280 0 ]
[ 7 2048 1280 2 ]
[ 9 1920 1280 0 3 ]
[ 9 1792 1280 0 3 ]
[ 9 1664 1152 0 4 ]
[ 9 1664 1024 0 3 ]
[ 9 1664 896 0 1 ]
[ 9 1664 768 0 4 ]
[ 9 1920 512 0 1 ]
[ 9 2048 640 0 4 ]
[ 9 1920 640 0 4 ]
[ 9 1792 512 0 2 ]
[ 9 1664 640 0 5 ]
[ 9 1792 640 0 1 ]
[ 9 1792 768 0 3 ]
[ 9 1792 896 0 0 ]
[ 9 1792 1024 0 4 ]
[ 9 1792 1152 0 5 ]
[ 9 1920 1152 0 3 ]
[ 9 2048 1152 0 4 ]
[ 9 2304 1152 0 5 ]
[ 9 2432 1152 0 2 ]
[ 9 2560 1152 0 5 ]
[ 9 2688 1152 0 0 ]
[ 9 2816 1024 0 3 ]
[ 9 2816 1152 0 0 ]
[ 9 2816 1280 0 1 ]
[ 9 2688 1280 0 4 ]
[ 9 2560 1280 0 1 ]
[ 9 2432 1280 0 4 ]
[ 9 2304 1280 0 0 ]
[ 9 2176 1280 0 0 ]
[ 9 2176 1152 0 5 ]
[ 9 2688 1024 0 2 ]
[ 9 2560 1024 0 4 ]
[ 9 2432 1024 0 0 ]
[ 9 2304 1024 0 1 ]
[ 9 2176 1024 0 4 ]
[ 9 2048 1024 0 1 ]
[ 9 1920 1024 0 0 ]
[ 9 2048 768 0 5 ]
[ 9 2048 896 0 1 ]
[ 9 1920 896 0 3 ]
[ 9 1920 768 0 0 ]
[ 8 2048 512 0 ]
[ 8 1664 512 2 ]
[ 100 1088 -49 282 ]
[ 100 896 -896 468 ]
[ 100 1664 -896 468 ]
[ 100 3712 1408 731 ]
[ 104 2959 923 Shift ]
Electric
PLayer 1034.86 -41.9271