Does_not_exist
Map_basic
[ 10 512 384 0 0 ]
[ 11 512 512 90 0 ]
[ 11 512 640 90 0 ]
[ 11 512 896 90 0 ]
[ 11 512 1024 90 0 ]
[ 11 512 1280 90 0 ]
[ 11 512 1408 90 0 ]
[ 11 512 1536 90 0 ]
[ 11 512 1664 90 0 ]
[ 11 512 1792 90 0 ]
[ 10 512 1920 0 0 ]
[ 11 512 2048 90 0 ]
[ 11 512 2304 90 0 ]
[ 11 640 384 0 0 ]
[ 11 768 384 0 0 ]
[ 11 768 2688 0 0 ]
[ 11 1024 384 0 0 ]
[ 11 1024 2688 0 0 ]
[ 11 1152 384 0 0 ]
[ 11 1152 2688 0 0 ]
[ 10 1280 384 0 0 ]
[ 11 1280 2048 90 0 ]
[ 11 1280 2432 90 0 ]
[ 11 1280 2560 90 0 ]
[ 10 1280 2688 0 0 ]
[ 11 1408 384 0 0 ]
[ 11 1408 1920 0 0 ]
[ 11 1536 1920 0 0 ]
[ 11 1792 384 0 0 ]
[ 11 1792 1920 0 0 ]
[ 11 1920 384 0 0 ]
[ 11 1920 1920 0 0 ]
[ 10 2048 384 0 0 ]
[ 11 2048 1280 90 0 ]
[ 11 2048 1408 90 0 ]
[ 10 2048 1920 0 0 ]
[ 11 2176 384 0 0 ]
[ 11 2176 1152 0 0 ]
[ 11 2176 1920 0 0 ]
[ 11 2304 384 0 0 ]
[ 11 2304 1152 0 0 ]
[ 11 2304 1920 0 0 ]
[ 11 2560 1152 0 0 ]
[ 11 2560 1920 0 0 ]
[ 11 2688 384 0 0 ]
[ 11 2688 1152 0 0 ]
[ 11 2688 1920 0 0 ]
[ 10 2816 384 0 0 ]
[ 11 2816 512 90 0 ]
[ 11 2816 640 90 0 ]
[ 11 2816 896 90 0 ]
[ 11 2816 1024 90 0 ]
[ 10 2816 1152 0 0 ]
[ 11 2816 1280 90 0 ]
[ 11 2816 1408 90 0 ]
[ 11 2816 1664 90 0 ]
[ 11 2816 1792 90 0 ]
[ 11 512 768 90 0 ]
[ 11 896 384 180 0 ]
[ 11 1536 384 180 0 ]
[ 11 1664 384 180 0 ]
[ 11 2432 384 180 0 ]
[ 11 2560 384 180 0 ]
[ 11 2816 768 270 0 ]
[ 11 1664 1920 540 0 ]
[ 10 512 2688 180 0 ]
[ 11 512 2432 450 0 ]
[ 11 512 2560 90 0 ]
[ 11 640 2688 180 0 ]
[ 10 2816 1920 180 0 ]
[ 11 896 2688 180 0 ]
[ 10 2432 1152 180 0 ]
[ 10 2432 1536 180 0 ]
[ 10 2432 1919 180 0 ]
[ 10 2816 1536 180 0 ]
[ 11 2688 1536 180 0 ]
[ 11 2559 1536 180 0 ]
[ 11 2432 1280 270 0 ]
[ 11 2432 1408 270 0 ]
[ 11 2304 1536 360 0 ]
[ 11 2176 1536 0 0 ]
[ 15 2047 1152 0 crystal 0 1 ]
[ 3 2432 768 0 2 ]
[ 2 2688 1792 90 dmode 1 0 ]
[ 30 1024 2432 180 barmode 1 ]
[ 10 640 2560 90 0 ]
[ 10 1152 2560 90 0 ]
[ 10 1152 2304 90 0 ]
[ 10 640 2304 90 0 ]
[ 11 768 2304 180 0 ]
[ 11 896 2304 180 0 ]
[ 11 1024 2304 180 0 ]
[ 11 1152 2432 270 0 ]
[ 11 1024 2560 360 0 ]
[ 11 768 2560 0 0 ]
[ 11 640 2432 90 0 ]
[ 30 768 2432 90 barmode 1 ]
[ 11 896 2432 180 0 ]
[ 28 896 2560 0 barmode 2 ]
[ 3 895 1536 0 2 ]
[ 3 896 768 0 2 ]
[ 10 2048 1536 0 0 ]
[ 28 1663 1536 0 barmode 4 ]
[ 3 1664 768 0 2 ]
[ 11 1280 2304 90 0 ]
[ 19 1280 2176 0 2 ]
[ 19 512 2176 0 2 ]
[ 3 512 1152 0 2 ]
[ 3 1280 1152 0 2 ]
[ 3 1280 1920 0 2 ]
[ 31 2176 1280 0 0 ]
[ 31 2304 1280 0 0 ]
[ 31 2304 1408 0 0 ]
[ 31 2176 1408 0 0 ]
[ 31 2688 1280 0 0 ]
[ 31 2688 1408 0 0 ]
[ 31 2560 1408 0 0 ]
[ 31 2560 1280 0 0 ]
Movables
Map_floor
[ 16 2304 768 270 crystal 0 1 ]
[ 16 2304 640 270 crystal 0 1 ]
[ 16 2432 640 270 crystal 0 1 ]
[ 16 2560 640 270 crystal 0 1 ]
[ 16 2560 768 270 crystal 0 1 ]
[ 16 2560 896 270 crystal 0 1 ]
[ 16 2432 896 270 crystal 0 1 ]
[ 16 2304 896 270 crystal 0 1 ]
[ 21 2176 896 270 0 ]
[ 21 2176 768 270 0 ]
[ 21 2176 640 270 0 ]
[ 21 2176 512 270 0 ]
[ 21 2304 512 270 0 ]
[ 21 2432 512 270 0 ]
[ 21 2560 512 270 0 ]
[ 21 2688 512 270 0 ]
[ 21 2688 640 270 0 ]
[ 21 2688 768 270 0 ]
[ 21 2688 896 270 0 ]
[ 21 2688 1024 270 0 ]
[ 21 2560 1024 270 0 ]
[ 21 2432 1024 270 0 ]
[ 21 2304 1024 270 0 ]
[ 21 2176 1024 270 0 ]
[ 2 2048 1024 270 dmode 0 0 ]
[ 2 2048 896 270 dmode 0 0 ]
[ 2 2048 768 270 dmode 0 0 ]
[ 2 2048 640 270 dmode 0 0 ]
[ 2 2048 512 270 dmode 0 0 ]
[ 3 2048 1664 270 lmode 4 1 ]
[ 3 2048 1792 270 lmode 4 1 ]
[ 42 2176 384 0 0 ]
[ 42 2304 384 0 0 ]
[ 42 2432 384 0 0 ]
[ 42 2560 384 0 0 ]
[ 42 2688 384 0 0 ]
[ 42 2816 384 0 0 ]
[ 42 2816 512 0 0 ]
[ 42 2816 640 0 0 ]
[ 42 2816 768 0 0 ]
[ 42 2816 896 0 0 ]
[ 42 2816 1024 0 0 ]
[ 42 2048 1280 0 0 ]
[ 42 2048 1408 0 0 ]
[ 21 2304 1664 90 0 ]
[ 21 2176 1664 90 0 ]
[ 21 2176 1792 90 0 ]
[ 21 2304 1792 90 0 ]
[ 21 2432 1792 90 0 ]
[ 21 2560 1792 90 0 ]
[ 21 2688 1792 90 0 ]
[ 21 2688 1664 90 0 ]
[ 21 2560 1664 90 0 ]
[ 21 2432 1664 90 0 ]
[ 2 1408 1152 180 dmode 1 0 ]
[ 2 1536 1152 180 dmode 1 0 ]
[ 2 1664 1152 180 dmode 1 0 ]
[ 2 1791 1152 180 dmode 1 0 ]
[ 2 1920 1152 180 dmode 1 0 ]
[ 2 1280 512 270 dmode 1 0 ]
[ 2 1280 640 270 dmode 1 0 ]
[ 2 1280 768 270 dmode 1 0 ]
[ 2 1280 896 270 dmode 1 0 ]
[ 2 1280 1024 270 dmode 1 0 ]
[ 3 1280 1280 270 dmode 1 1 ]
[ 3 1280 1536 270 dmode 1 1 ]
[ 3 1280 1664 270 dmode 1 1 ]
[ 3 1280 1792 270 dmode 1 1 ]
[ 3 1280 1408 270 dmode 1 1 ]
[ 3 768 1152 360 dmode 1 1 ]
[ 3 640 1152 0 dmode 1 1 ]
[ 3 896 1152 0 dmode 1 1 ]
[ 3 1024 1152 0 dmode 1 1 ]
[ 3 1152 1152 0 dmode 1 1 ]
[ 42 1152 2432 0 0 ]
[ 40 640 2048 180 barmode 3 0 ]
[ 40 768 2048 180 barmode 3 0 ]
[ 40 895 2048 180 barmode 3 0 ]
[ 40 1024 2048 180 barmode 3 0 ]
[ 40 1152 2048 180 barmode 3 0 ]
[ 40 640 2176 0 barmode 2 0 ]
[ 40 768 2176 0 barmode 2 0 ]
[ 40 896 2176 0 barmode 2 0 ]
[ 40 1024 2176 0 barmode 2 0 ]
[ 40 1152 2176 0 barmode 2 0 ]
[ 41 896 1408 0 barmode 2 1 ]
[ 41 768 1408 0 barmode 2 1 ]
[ 41 768 1536 0 barmode 2 1 ]
[ 41 768 1664 0 barmode 2 1 ]
[ 41 896 1664 0 barmode 2 1 ]
[ 41 1024 1664 0 barmode 2 1 ]
[ 41 1024 1408 0 barmode 2 1 ]
[ 41 1024 1536 0 barmode 2 1 ]
[ 14 640 1536 0 0 ]
[ 14 640 1664 0 0 ]
[ 14 640 1792 0 0 ]
[ 14 768 1792 0 0 ]
[ 14 896 1792 0 0 ]
[ 14 1024 1792 0 0 ]
[ 14 1152 1792 0 0 ]
[ 14 1152 1664 0 0 ]
[ 14 1152 1536 0 0 ]
[ 14 1152 1408 0 0 ]
[ 14 1152 1280 0 0 ]
[ 14 1024 1280 0 0 ]
[ 14 896 1280 0 0 ]
[ 14 768 1280 0 0 ]
[ 14 640 1280 0 0 ]
[ 14 640 1408 0 0 ]
[ 11 640 512 0 0 ]
[ 11 768 512 0 0 ]
[ 11 896 512 0 0 ]
[ 11 1023 512 0 0 ]
[ 11 1152 512 0 0 ]
[ 11 1152 640 0 0 ]
[ 11 1152 768 0 0 ]
[ 11 1152 896 0 0 ]
[ 11 1152 1024 0 0 ]
[ 11 1023 1024 0 0 ]
[ 11 896 1024 0 0 ]
[ 11 768 1024 0 0 ]
[ 11 640 640 0 0 ]
[ 11 640 768 0 0 ]
[ 11 640 896 0 0 ]
[ 11 640 1024 0 0 ]
[ 39 1536 1664 0 barmode 4 1 ]
[ 39 1536 1536 0 barmode 4 1 ]
[ 39 1536 1408 0 barmode 4 1 ]
[ 39 1664 1408 0 barmode 4 1 ]
[ 39 1792 1408 0 barmode 4 1 ]
[ 39 1792 1536 0 barmode 4 1 ]
[ 39 1664 1664 0 barmode 4 1 ]
[ 39 1408 1280 0 barmode 4 1 ]
[ 39 1536 1280 0 barmode 4 1 ]
[ 39 1664 1280 0 barmode 4 1 ]
[ 39 1792 1280 0 barmode 4 1 ]
[ 39 1920 1280 0 barmode 4 1 ]
[ 39 1920 1408 0 barmode 4 1 ]
[ 39 1920 1536 0 barmode 4 1 ]
[ 39 1920 1664 0 barmode 4 1 ]
[ 39 1792 1664 0 barmode 4 1 ]
[ 39 1792 1792 0 barmode 4 1 ]
[ 39 1664 1792 0 barmode 4 1 ]
[ 39 1536 1792 0 barmode 4 1 ]
[ 39 1408 1792 0 barmode 4 1 ]
[ 39 1408 1664 0 barmode 4 1 ]
[ 39 1408 1536 0 barmode 4 1 ]
[ 39 1408 1408 0 barmode 4 1 ]
[ 39 1920 1792 0 barmode 4 1 ]
[ 14 1408 512 0 0 ]
[ 14 1536 512 0 0 ]
[ 14 1664 512 0 0 ]
[ 14 1791 512 0 0 ]
[ 14 1920 512 0 0 ]
[ 14 1920 640 0 0 ]
[ 14 1791 640 0 0 ]
[ 14 1664 640 0 0 ]
[ 14 1536 640 0 0 ]
[ 14 1408 640 0 0 ]
[ 14 1408 768 0 0 ]
[ 14 1408 896 0 0 ]
[ 14 1536 896 0 0 ]
[ 14 1536 768 0 0 ]
[ 14 1664 768 0 0 ]
[ 14 1664 896 0 0 ]
[ 14 1791 896 0 0 ]
[ 14 1791 768 0 0 ]
[ 14 1920 768 0 0 ]
[ 14 1920 896 0 0 ]
[ 14 1920 1023 0 0 ]
[ 14 1791 1023 0 0 ]
[ 14 1664 1023 0 0 ]
[ 14 1536 1023 0 0 ]
[ 14 1408 1023 0 0 ]
[ 41 896 1920 0 barmode 3 1 ]
[ 41 768 1920 0 barmode 3 1 ]
[ 41 640 1920 0 barmode 3 1 ]
[ 41 1024 1920 0 barmode 3 1 ]
[ 41 1152 1920 0 barmode 3 1 ]
[ 40 768 640 0 barmode 2 0 ]
[ 40 896 640 0 barmode 2 0 ]
[ 40 1024 640 0 barmode 2 0 ]
[ 40 1024 768 0 barmode 2 0 ]
[ 40 1024 896 0 barmode 2 0 ]
[ 40 896 896 0 barmode 2 0 ]
[ 40 768 896 0 barmode 2 0 ]
[ 40 768 768 0 barmode 2 0 ]
[ 6 2176 1408 90 0 ]
[ 6 2176 1280 90 0 ]
[ 6 2304 1280 90 0 ]
[ 6 2304 1408 90 0 ]
[ 6 2560 1280 90 0 ]
[ 6 2688 1280 90 0 ]
[ 6 2688 1408 90 0 ]
[ 6 2560 1408 90 0 ]
[ 43 2432 1280 180 0 ]
[ 43 2432 1408 360 1 ]
[ 43 1280 2176 180 0 ]
[ 43 512 2176 360 1 ]
Electric
[ 36 2432 1152 0 crystal 0 ]
[ 25 2048 1152 180 ]
[ 26 2176 1152 180 ]
[ 26 2304 1152 180 ]
[ 26 2560 1152 180 ]
[ 26 2688 1152 180 ]
[ 26 2816 1280 270 ]
[ 26 2816 1408 270 ]
[ 26 2688 1536 360 ]
[ 26 2560 1536 0 ]
[ 26 2304 1536 0 ]
[ 26 2176 1536 0 ]
[ 26 2432 1536 0 ]
[ 37 2048 1536 180 lmode 4 ]
[ 28 2816 1536 270 ]
[ 26 2816 1664 270 ]
[ 26 2688 1920 360 ]
[ 26 2560 1920 0 ]
[ 26 2304 1920 0 ]
[ 26 2176 1920 0 ]
[ 26 2432 1920 0 ]
[ 27 2816 1920 0 ]
[ 27 2816 1152 270 ]
[ 26 2048 1920 360 ]
[ 26 1919 1920 0 ]
[ 26 1792 1920 0 ]
[ 26 1664 1920 0 ]
[ 26 1536 1920 0 ]
[ 26 1408 1920 0 ]
[ 27 1280 1920 180 ]
[ 26 1280 2048 270 ]
[ 26 1280 2176 270 ]
[ 26 1280 2304 270 ]
[ 26 1280 2432 270 ]
[ 26 1280 2560 270 ]
[ 26 1152 2688 360 ]
[ 26 1024 2688 0 ]
[ 26 896 2688 0 ]
[ 26 640 2688 0 ]
[ 26 768 2688 0 ]
[ 26 511 2560 90 ]
[ 26 511 2432 90 ]
[ 26 511 2304 90 ]
[ 26 511 2048 90 ]
[ 27 511 2688 450 ]
[ 27 1280 2688 360 ]
[ 26 511 2176 90 ]
[ 26 511 1920 90 ]
[ 26 511 1664 90 ]
[ 26 511 1792 90 ]
[ 26 511 1536 90 ]
[ 26 511 1280 90 ]
[ 26 511 1152 90 ]
[ 26 511 1408 90 ]
[ 26 511 1024 90 ]
[ 26 511 896 90 ]
[ 26 511 640 90 ]
[ 26 511 512 90 ]
[ 26 511 768 90 ]
[ 26 640 384 180 ]
[ 26 768 384 180 ]
[ 26 896 384 180 ]
[ 26 1024 384 180 ]
[ 26 1280 384 180 ]
[ 26 1536 384 180 ]
[ 26 1920 384 180 ]
[ 26 1664 384 180 ]
[ 26 1792 384 180 ]
[ 26 1407 384 180 ]
[ 26 1152 384 180 ]
[ 27 511 384 540 ]
[ 37 2048 384 360 dmode 0 ]
[ 26 2816 1792 90 ]
[ 37 1024 2432 360 lmode 2 ]
[ 37 768 2432 180 barmode 3 ]
[ 33 896 2432 0 barmode 1 ]
[ 28 896 2304 180 ]
[ 26 1024 2304 0 ]
[ 26 768 2304 0 ]
[ 30 1152 2304 0 1 ]
[ 26 1024 2560 0 ]
[ 26 768 2560 0 ]
[ 31 1152 2560 0 0 ]
[ 35 896 2560 0 barmode 2 1 ]
[ 26 640 2432 90 ]
[ 27 640 2560 90 ]
[ 27 640 2304 180 ]
PLayer 1804.43 976.081