Does_not_exist
Map_basic
[ 1 384 256 0 4 ]
[ 7 384 384 90 0 ]
[ 7 384 512 90 0 ]
[ 7 384 640 90 0 ]
[ 1 384 768 270 1 ]
[ 7 512 256 0 0 ]
[ 7 512 768 0 0 ]
[ 7 640 256 0 0 ]
[ 7 640 768 0 0 ]
[ 7 768 256 0 0 ]
[ 7 768 768 0 0 ]
[ 7 896 256 0 0 ]
[ 7 896 768 0 0 ]
[ 7 1024 256 0 0 ]
[ 7 1024 768 0 0 ]
[ 7 1152 256 0 0 ]
[ 7 1152 768 0 0 ]
[ 1 1280 256 270 3 ]
[ 3 1280 384 0 1 ]
[ 3 1280 512 0 1 ]
[ 3 1280 640 0 1 ]
[ 1 1280 768 180 2 ]
[ 31 512 383 360 0 ]
[ 31 512 512 0 0 ]
[ 31 512 639 0 0 ]
Movables
[ 896 512 2 ]
[ 896 640 2 ]
[ 896 384 2 ]
Map_floor
[ 6 512 384 0 0 ]
[ 6 512 512 0 0 ]
[ 6 512 640 0 0 ]
[ 10 640 384 180 0 ]
[ 10 640 512 180 0 ]
[ 10 640 640 180 0 ]
[ 6 512 640 0 0 ]
[ 10 640 512 180 0 ]
[ 10 640 640 180 0 ]
[ 1 768 384 0 0 ]
[ 1 1024 384 270 0 ]
[ 1 1152 384 90 0 ]
[ 1 1152 512 270 0 ]
[ 1 1152 640 0 0 ]
[ 1 1024 640 90 0 ]
[ 1 1024 512 270 0 ]
[ 1 768 512 0 0 ]
[ 1 768 640 270 0 ]
[ 1 896 512 270 0 ]
[ 44 896 384 0 6 ]
[ 44 896 640 0 6 ]
Electric
PLayer 639.138 445.17