Does_not_exist
Map_basic
[ 10 640 511 270 0 ]
[ 10 1664 1024 270 0 ]
[ 10 1152 1024 270 0 ]
[ 10 640 1024 270 0 ]
[ 10 640 1536 270 0 ]
[ 11 768 512 360 0 ]
[ 11 1024 512 0 0 ]
[ 11 1280 512 0 0 ]
[ 11 1408 512 0 0 ]
[ 11 1536 512 0 0 ]
[ 11 1664 639 90 0 ]
[ 11 1664 768 90 0 ]
[ 11 1664 896 90 0 ]
[ 10 1664 512 180 0 ]
[ 11 640 639 270 0 ]
[ 11 640 896 270 0 ]
[ 11 640 1152 270 0 ]
[ 11 640 1279 270 0 ]
[ 11 640 1408 270 0 ]
[ 11 768 1536 360 0 ]
[ 11 896 1536 0 0 ]
[ 11 1024 1536 0 0 ]
[ 11 1664 1408 90 0 ]
[ 11 1664 1279 90 0 ]
[ 11 1664 1152 90 0 ]
[ 11 1152 1152 90 0 ]
[ 11 1152 1408 90 0 ]
[ 11 1152 1280 90 0 ]
[ 11 1280 1024 180 0 ]
[ 11 1408 1024 180 0 ]
[ 11 1535 1024 180 0 ]
[ 15 640 768 1440 crystal 0 1 ]
[ 15 896 512 0 crystal 1 1 ]
[ 10 1152 512 0 0 ]
[ 3 1664 1536 0 2 ]
[ 3 1152 1536 0 2 ]
[ 8 1152 2048 180 0 ]
[ 8 1664 2048 180 0 ]
[ 8 1152 2560 180 0 ]
[ 8 2176 2048 180 0 ]
[ 8 2176 2560 180 0 ]
[ 8 2688 2048 180 0 ]
[ 8 2688 2560 180 0 ]
[ 8 1152 3072 180 0 ]
[ 8 1664 3072 180 0 ]
[ 8 2176 3072 180 0 ]
[ 8 2688 3072 180 0 ]
[ 9 1792 2048 180 0 ]
[ 9 1920 2048 180 0 ]
[ 9 2048 2048 180 0 ]
[ 9 2176 2176 270 0 ]
[ 9 2176 2432 270 0 ]
[ 9 2688 2176 90 0 ]
[ 9 2688 2432 90 0 ]
[ 9 2688 2688 90 0 ]
[ 9 2688 2944 90 0 ]
[ 9 2560 3072 180 0 ]
[ 9 2304 3072 180 0 ]
[ 9 1792 2560 180 0 ]
[ 9 2048 2560 180 0 ]
[ 9 1792 3072 360 0 ]
[ 9 2048 3072 0 0 ]
[ 9 2176 2688 90 0 ]
[ 9 2176 2816 90 0 ]
[ 9 2176 2944 90 0 ]
[ 9 1280 2560 180 0 ]
[ 9 1408 2560 180 0 ]
[ 9 1536 2560 180 0 ]
[ 9 1152 2688 270 0 ]
[ 9 1152 2944 270 0 ]
[ 8 1664 2560 0 0 ]
[ 8 1152 3584 0 0 ]
[ 8 1664 3584 0 0 ]
[ 8 2176 3584 0 0 ]
[ 8 2688 3584 0 0 ]
[ 9 1152 1664 90 0 ]
[ 9 1152 1792 90 0 ]
[ 9 1152 1920 90 0 ]
[ 9 1152 2176 90 0 ]
[ 9 1152 2432 90 0 ]
[ 9 1152 3200 90 0 ]
[ 9 1152 3328 90 0 ]
[ 9 1152 3456 90 0 ]
[ 9 2304 3584 180 0 ]
[ 9 2432 3584 180 0 ]
[ 9 2560 3584 180 0 ]
[ 9 2688 3200 270 0 ]
[ 9 2688 3328 270 0 ]
[ 9 2688 3456 270 0 ]
[ 9 1664 3200 270 0 ]
[ 9 1664 3456 270 0 ]
[ 14 1536 2432 0 0 ]
[ 14 2048 2176 0 2 ]
[ 14 2560 3200 0 1 ]
[ 14 1280 3456 0 0 ]
[ 3 1920 3072 0 0 ]
[ 3 1664 3328 0 0 ]
[ 9 1152 2304 90 0 ]
[ 3 1920 2560 0 0 ]
[ 8 2176 4096 0 0 ]
[ 8 2688 4096 0 0 ]
[ 9 2432 4096 0 0 ]
[ 9 2304 4096 0 0 ]
[ 9 2560 4096 0 0 ]
[ 9 2688 3968 90 0 ]
[ 9 2688 3712 90 0 ]
[ 9 2688 3840 90 0 ]
[ 9 2048 4096 180 0 ]
[ 9 1920 4096 180 0 ]
[ 9 1792 4096 180 0 ]
[ 9 1536 4096 180 0 ]
[ 9 1408 4096 180 0 ]
[ 9 1280 4096 180 0 ]
[ 8 1663 4096 180 0 ]
[ 8 1152 4096 180 0 ]
[ 9 1152 3968 270 0 ]
[ 9 1152 3712 270 0 ]
[ 9 1920 3584 360 0 ]
[ 9 1792 3584 0 0 ]
[ 9 2048 3584 0 0 ]
[ 9 1280 3584 0 0 ]
[ 9 1536 3584 0 0 ]
[ 18 1663 3840 0 0 ]
[ 6 2176 3840 0 0 ]
[ 6 1408 3584 0 0 ]
[ 9 1663 3712 90 0 ]
[ 9 1663 3968 90 0 ]
[ 9 2176 3968 90 0 ]
[ 9 2176 3712 90 0 ]
[ 8 2688 1536 90 0 ]
[ 9 1792 1536 180 0 ]
[ 9 1920 1536 180 0 ]
[ 9 2048 1536 180 0 ]
[ 9 2304 1536 180 0 ]
[ 9 2432 1536 180 0 ]
[ 9 2560 1536 180 0 ]
[ 9 2688 1664 270 0 ]
[ 9 2688 1792 270 0 ]
[ 9 2688 1920 270 0 ]
[ 3 2176 2304 0 0 ]
[ 3 2688 2304 0 0 ]
[ 3 2432 3072 0 0 ]
[ 3 2688 2816 0 0 ]
[ 3 1152 3840 0 0 ]
[ 3 1152 2816 0 0 ]
[ 3 2176 1536 0 0 ]
[ 14 2560 1920 0 2 ]
[ 31 1280 1536 0 0 ]
[ 31 1408 1536 0 0 ]
[ 31 1536 1536 0 0 ]
Movables
[ 896 1280 1 ]
Map_floor
[ 14 768 512 180 0 ]
[ 14 896 512 180 0 ]
[ 14 1024 512 180 0 ]
[ 14 1152 512 180 0 ]
[ 14 1280 512 180 0 ]
[ 14 1408 512 180 0 ]
[ 14 1536 512 180 0 ]
[ 14 1664 640 180 0 ]
[ 14 1664 768 180 0 ]
[ 14 1664 896 180 0 ]
[ 14 1664 1152 180 0 ]
[ 14 1664 1024 180 0 ]
[ 14 1536 1024 180 0 ]
[ 14 1408 1024 180 0 ]
[ 14 1280 1024 180 0 ]
[ 14 1152 1152 180 0 ]
[ 14 1152 1280 180 0 ]
[ 14 1152 1408 180 0 ]
[ 14 1024 1536 180 0 ]
[ 14 896 1536 180 0 ]
[ 14 768 1536 180 0 ]
[ 14 640 1408 180 0 ]
[ 14 640 1280 180 0 ]
[ 14 640 1152 180 0 ]
[ 14 640 1024 180 0 ]
[ 14 640 896 180 0 ]
[ 14 640 768 180 0 ]
[ 14 640 640 180 0 ]
[ 14 1664 1280 180 0 ]
[ 14 1664 1408 180 0 ]
[ 21 768 640 180 0 ]
[ 21 896 640 180 0 ]
[ 21 1024 640 180 0 ]
[ 21 896 768 180 0 ]
[ 21 768 768 180 0 ]
[ 21 768 896 180 0 ]
[ 21 1024 768 180 0 ]
[ 21 1024 896 180 0 ]
[ 21 896 896 180 0 ]
[ 15 768 1024 0 crystal 1 0 ]
[ 15 896 1024 0 crystal 1 0 ]
[ 15 1024 1024 0 crystal 1 0 ]
[ 16 1152 896 0 crystal 1 1 ]
[ 16 1152 768 0 crystal 1 1 ]
[ 16 1152 640 0 crystal 1 1 ]
[ 43 1536 640 180 0 ]
[ 43 1536 1152 180 0 ]
[ 17 1280 1152 180 dmode 1 0 ]
[ 3 1408 1536 180 dmode 1 1 ]
[ 3 1280 1536 180 dmode 1 1 ]
[ 3 1536 1536 180 dmode 1 1 ]
[ 21 1280 1280 180 0 ]
[ 21 1280 1408 180 0 ]
[ 21 1408 1408 180 0 ]
[ 21 1408 1280 180 0 ]
[ 21 1536 1280 180 0 ]
[ 21 1536 1408 180 0 ]
[ 11 768 1408 180 0 ]
[ 11 768 1280 180 0 ]
[ 11 768 1152 180 0 ]
[ 11 1024 1408 180 0 ]
[ 11 1024 1280 180 0 ]
[ 11 1024 1152 180 0 ]
[ 11 896 1152 180 0 ]
[ 11 896 1280 180 0 ]
[ 11 1280 640 180 0 ]
[ 11 1280 768 180 0 ]
[ 11 1280 896 180 0 ]
[ 11 1408 768 180 0 ]
[ 11 1408 896 180 0 ]
[ 11 1536 768 180 0 ]
[ 11 1536 896 180 0 ]
[ 15 1408 640 180 crystal 0 0 ]
[ 21 1408 1152 180 0 ]
[ 16 896 1408 180 crystal 0 1 ]
[ 18 2304 2560 360 9 ]
[ 18 2432 2560 0 9 ]
[ 18 2560 2560 0 9 ]
[ 18 1663 2688 90 9 ]
[ 18 1663 2816 90 9 ]
[ 18 1663 2944 90 9 ]
[ 18 1280 3072 180 9 ]
[ 18 1408 3072 180 9 ]
[ 18 1536 3072 180 9 ]
[ 18 2176 3200 270 9 ]
[ 18 2176 3328 270 9 ]
[ 18 2176 3456 270 9 ]
[ 18 1663 2176 270 9 ]
[ 18 1663 2304 270 9 ]
[ 18 1663 2432 270 9 ]
[ 18 1280 2048 360 9 ]
[ 18 1408 2048 0 9 ]
[ 18 1536 2048 0 9 ]
[ 9 1536 1792 0 5 ]
[ 9 1536 1664 0 2 ]
[ 9 1408 1664 0 0 ]
[ 9 1280 1664 0 4 ]
[ 9 1280 1792 0 0 ]
[ 9 1536 1920 0 1 ]
[ 9 1280 1920 0 3 ]
[ 9 1536 2176 0 1 ]
[ 9 1408 2176 0 3 ]
[ 9 1280 2176 0 5 ]
[ 9 1280 2304 0 3 ]
[ 9 1280 2432 0 3 ]
[ 9 1408 2432 0 2 ]
[ 9 1536 2304 0 3 ]
[ 9 1536 2432 0 4 ]
[ 9 2048 2176 0 2 ]
[ 9 2048 2432 0 5 ]
[ 9 1920 2432 0 3 ]
[ 9 1792 2432 0 0 ]
[ 9 1792 2304 0 1 ]
[ 9 2048 2304 0 3 ]
[ 9 1792 2176 0 0 ]
[ 9 1920 2176 0 3 ]
[ 9 2304 2688 0 1 ]
[ 9 2304 2816 0 1 ]
[ 9 2432 2944 0 2 ]
[ 9 2560 2944 0 5 ]
[ 9 2560 2688 0 3 ]
[ 9 2560 2816 0 5 ]
[ 9 2432 2688 0 3 ]
[ 9 2304 2944 0 3 ]
[ 9 1920 2688 0 3 ]
[ 9 1792 2688 0 5 ]
[ 9 1792 2816 0 0 ]
[ 9 2048 2688 0 1 ]
[ 9 2048 2816 0 4 ]
[ 9 2048 2944 0 5 ]
[ 9 1920 2944 0 2 ]
[ 9 1792 2944 0 1 ]
[ 9 1536 2688 0 2 ]
[ 9 1408 2688 0 3 ]
[ 9 1280 2688 0 1 ]
[ 9 1280 2816 0 4 ]
[ 9 1280 2944 0 1 ]
[ 9 1408 2944 0 4 ]
[ 9 1536 2944 0 2 ]
[ 9 1536 2816 0 5 ]
[ 9 1280 3200 0 1 ]
[ 9 1280 3328 0 0 ]
[ 9 1280 3456 0 0 ]
[ 9 1408 3456 0 5 ]
[ 9 1536 3456 0 0 ]
[ 9 1536 3328 0 2 ]
[ 9 1536 3200 0 2 ]
[ 9 1408 3200 0 4 ]
[ 9 1920 3200 0 0 ]
[ 9 2048 3200 0 4 ]
[ 9 2048 3328 0 2 ]
[ 9 2048 3456 0 1 ]
[ 9 1920 3456 0 0 ]
[ 9 1792 3456 0 1 ]
[ 9 1792 3328 0 3 ]
[ 9 1792 3200 0 5 ]
[ 9 2304 3200 0 1 ]
[ 9 2432 3200 0 3 ]
[ 9 2560 3200 0 2 ]
[ 9 2560 3328 0 1 ]
[ 9 2304 3456 0 0 ]
[ 9 2304 3328 0 3 ]
[ 9 2432 3456 0 1 ]
[ 9 2560 3456 0 0 ]
[ 7 1920 2304 3 ]
[ 7 1408 2816 1 ]
[ 8 1920 3328 1 ]
[ 8 1408 3328 0 ]
[ 8 1920 2816 3 ]
[ 7 2432 2816 0 ]
[ 9 1408 1920 0 3 ]
[ 7 1408 2304 4 ]
[ 8 2432 3840 4 ]
[ 9 1280 3712 90 1 ]
[ 9 1280 3840 90 2 ]
[ 9 1408 3840 90 4 ]
[ 9 1408 3584 90 1 ]
[ 9 1408 3712 90 4 ]
[ 9 1536 3712 90 1 ]
[ 9 1536 3840 90 1 ]
[ 9 1280 3968 90 4 ]
[ 9 1408 3968 90 1 ]
[ 9 1536 3968 90 3 ]
[ 9 1663 3840 90 2 ]
[ 9 1792 3712 90 2 ]
[ 9 1920 3712 90 5 ]
[ 9 2048 3712 90 4 ]
[ 9 2048 3840 90 2 ]
[ 9 2048 3968 90 1 ]
[ 9 1920 3968 90 4 ]
[ 9 1792 3968 90 0 ]
[ 9 1792 3840 90 5 ]
[ 9 1920 3840 90 1 ]
[ 9 2176 3840 90 5 ]
[ 9 2304 3840 90 5 ]
[ 9 2304 3712 90 5 ]
[ 9 2432 3712 90 3 ]
[ 9 2560 3712 90 0 ]
[ 9 2560 3840 90 5 ]
[ 9 2560 3968 90 4 ]
[ 9 2432 3968 90 4 ]
[ 9 2304 3968 90 2 ]
[ 8 1408 1792 2 ]
[ 7 2432 3328 2 ]
[ 6 2432 2432 90 0 ]
[ 6 2304 2432 90 0 ]
[ 6 2304 2304 90 0 ]
[ 6 2560 2176 90 0 ]
[ 6 2560 2432 90 0 ]
[ 6 2560 2304 90 0 ]
[ 6 2432 2304 90 0 ]
[ 6 2432 2176 90 0 ]
[ 6 2304 2176 90 0 ]
[ 9 1664 1664 270 3 ]
[ 9 1792 1664 270 5 ]
[ 9 1920 1664 270 1 ]
[ 9 2048 1664 270 3 ]
[ 9 2176 1664 270 0 ]
[ 9 2304 1664 270 3 ]
[ 9 2432 1664 270 1 ]
[ 9 2560 1664 270 5 ]
[ 9 2560 1792 270 1 ]
[ 9 2560 1920 270 2 ]
[ 9 2432 1920 270 5 ]
[ 9 2304 1920 270 1 ]
[ 9 2176 1920 270 3 ]
[ 9 2048 1920 270 0 ]
[ 9 1920 1920 270 3 ]
[ 9 1792 1920 270 0 ]
[ 9 1664 1920 270 5 ]
[ 9 1664 1792 270 0 ]
[ 9 1792 1792 270 2 ]
[ 9 1920 1792 270 4 ]
[ 9 2048 1792 270 0 ]
[ 9 2176 1792 270 3 ]
[ 9 2304 1792 270 0 ]
[ 9 2432 1792 270 5 ]
[ 18 2432 2048 360 9 ]
[ 18 2304 2048 0 9 ]
[ 18 2560 2048 0 9 ]
[ 100 1152 1024 600 ]
Electric
PLayer 920.958 835.962