Does_not_exist
Map_basic
[ 8 -128 1024 0 0 ]
[ 8 2816 1024 180 0 ]
[ 8 -128 -256 0 0 ]
[ 8 2816 -256 180 0 ]
[ 9 2815 -128 90 0 ]
[ 9 2815 0 90 0 ]
[ 9 2815 128 90 0 ]
[ 9 2815 256 90 0 ]
[ 9 2815 384 90 0 ]
[ 9 2815 512 90 0 ]
[ 9 2815 640 90 0 ]
[ 9 2815 768 90 0 ]
[ 9 0 1024 0 0 ]
[ 9 128 1024 0 0 ]
[ 9 256 1024 0 0 ]
[ 9 384 1024 0 0 ]
[ 9 512 1024 0 0 ]
[ 9 640 1024 0 0 ]
[ 9 768 1024 0 0 ]
[ 9 896 1024 0 0 ]
[ 9 1024 1024 0 0 ]
[ 9 1152 1024 0 0 ]
[ 9 1280 1024 0 0 ]
[ 9 2304 1024 0 0 ]
[ 9 2432 1024 0 0 ]
[ 9 2560 1024 0 0 ]
[ 9 -128 -128 90 0 ]
[ 9 -128 0 90 0 ]
[ 9 -128 256 90 0 ]
[ 9 -128 384 90 0 ]
[ 9 -128 512 90 0 ]
[ 9 -128 640 90 0 ]
[ 9 -128 896 90 0 ]
[ 9 0 -256 0 0 ]
[ 9 128 -256 0 0 ]
[ 9 384 -256 0 0 ]
[ 9 512 -256 0 0 ]
[ 9 640 -256 0 0 ]
[ 9 768 -256 0 0 ]
[ 9 896 -256 0 0 ]
[ 9 1024 -256 0 0 ]
[ 9 1152 -256 0 0 ]
[ 9 2304 -256 0 0 ]
[ 9 2432 -256 0 0 ]
[ 9 2560 -256 0 0 ]
[ 9 2688 -256 0 0 ]
[ 9 1408 1024 0 0 ]
[ 9 1536 1024 0 0 ]
[ 9 1664 1024 0 0 ]
[ 9 1792 1024 0 0 ]
[ 9 1920 1024 0 0 ]
[ 9 2048 1024 0 0 ]
[ 9 2176 1024 0 0 ]
[ 9 1408 -256 0 0 ]
[ 9 1664 -256 0 0 ]
[ 9 1792 -256 0 0 ]
[ 9 1920 -256 0 0 ]
[ 9 2048 -256 0 0 ]
[ 9 2176 -256 0 0 ]
[ 17 512 512 0 0 ]
[ 17 512 768 0 0 ]
[ 17 896 512 0 0 ]
[ 17 768 512 0 0 ]
[ 17 1024 512 0 0 ]
[ 17 1152 512 0 0 ]
[ 17 1280 512 0 0 ]
[ 17 1408 512 0 0 ]
[ 17 1535 512 0 0 ]
[ 17 1664 512 0 0 ]
[ 17 1792 512 0 0 ]
[ 17 384 0 0 0 ]
[ 17 640 0 0 0 ]
[ 17 896 0 0 0 ]
[ 17 1024 0 0 0 ]
[ 17 1152 0 0 0 ]
[ 17 1792 0 0 0 ]
[ 17 1920 0 0 0 ]
[ 17 2048 0 0 0 ]
[ 17 2176 0 0 0 ]
[ 17 2304 0 0 0 ]
[ 17 2432 0 0 0 ]
[ 17 2560 0 0 0 ]
[ 17 2560 128 0 0 ]
[ 17 2688 384 0 0 ]
[ 17 2432 384 0 0 ]
[ 17 2176 384 0 0 ]
[ 17 2048 384 0 0 ]
[ 17 2432 512 0 0 ]
[ 17 2432 640 0 0 ]
[ 17 2432 768 0 0 ]
[ 17 2432 896 0 0 ]
[ 17 2304 384 0 0 ]
[ 17 2304 256 0 0 ]
[ 17 384 512 0 0 ]
[ 17 384 640 0 0 ]
[ 17 384 768 0 0 ]
[ 3 256 -256 0 0 ]
[ 17 640 768 0 0 ]
[ 17 768 768 0 0 ]
[ 17 896 768 0 0 ]
[ 17 1024 768 0 0 ]
[ 17 1152 768 0 0 ]
[ 17 1280 768 0 0 ]
[ 17 1408 768 0 0 ]
[ 17 1536 768 0 0 ]
[ 17 1663 768 0 0 ]
[ 17 1792 768 0 0 ]
[ 17 1920 768 0 0 ]
[ 17 2048 768 0 0 ]
[ 17 2048 640 0 0 ]
[ 17 2176 640 0 0 ]
[ 17 640 512 0 0 ]
[ 17 128 896 0 0 ]
[ 17 128 640 0 0 ]
[ 17 128 512 0 0 ]
[ 17 128 256 0 0 ]
[ 17 256 256 0 0 ]
[ 17 384 256 0 0 ]
[ 17 512 256 0 0 ]
[ 17 640 256 0 0 ]
[ 17 768 256 0 0 ]
[ 17 0 512 0 0 ]
[ 17 384 128 0 0 ]
[ 17 0 256 0 0 ]
[ 17 1152 128 0 0 ]
[ 17 1152 256 0 0 ]
[ 17 1664 128 0 0 ]
[ 17 1664 256 0 0 ]
[ 17 2047 256 0 0 ]
[ 17 1920 256 0 0 ]
[ 17 1664 0 0 0 ]
[ 3 -128 128 0 0 ]
[ 17 1280 256 90 0 ]
[ 17 1536 256 90 0 ]
[ 17 1408 128 90 0 ]
[ 17 1408 -128 90 0 ]
[ 17 896 128 90 0 ]
[ 17 640 -128 90 0 ]
[ 3 -128 768 0 0 ]
[ 3 2688 1024 0 0 ]
[ 3 2816 895 0 0 ]
[ 3 1536 -256 0 0 ]
[ 3 1280 -256 0 0 ]
[ 3 896 256 0 0 ]
Movables
Map_floor
[ 22 2687 384 180 0 ]
[ 22 1152 384 180 0 ]
[ 22 1024 384 180 0 ]
[ 22 896 384 180 0 ]
[ 22 768 384 180 0 ]
[ 22 640 384 180 0 ]
[ 22 512 384 180 0 ]
[ 22 128 384 180 0 ]
[ 22 -1 384 180 0 ]
[ 22 -1 512 180 0 ]
[ 22 384 768 180 0 ]
[ 22 512 768 180 0 ]
[ 22 640 768 180 0 ]
[ 22 768 768 180 0 ]
[ 22 896 768 180 0 ]
[ 22 1024 768 180 0 ]
[ 22 1152 768 180 0 ]
[ 22 1280 768 180 0 ]
[ 22 2304 768 180 0 ]
[ 22 2687 640 180 0 ]
[ 22 2687 512 180 0 ]
[ 22 2560 512 180 0 ]
[ 22 128 512 180 0 ]
[ 22 -1 640 180 0 ]
[ 22 1152 640 180 0 ]
[ 22 2560 640 180 0 ]
[ 22 1280 640 180 0 ]
[ 22 1024 640 180 0 ]
[ 22 896 640 180 0 ]
[ 22 768 640 180 0 ]
[ 22 128 896 180 0 ]
[ 22 256 896 180 0 ]
[ 22 384 896 180 0 ]
[ 22 512 896 180 0 ]
[ 22 640 896 180 0 ]
[ 22 768 896 180 0 ]
[ 22 896 896 180 0 ]
[ 22 1024 896 180 0 ]
[ 22 1152 896 180 0 ]
[ 22 1280 896 180 0 ]
[ 22 2304 896 180 0 ]
[ 22 2431 896 180 0 ]
[ 22 2560 -128 180 0 ]
[ 22 2431 -128 180 0 ]
[ 22 2304 -128 180 0 ]
[ 22 1280 -128 180 0 ]
[ 22 1152 -128 180 0 ]
[ 22 1024 -128 180 0 ]
[ 22 896 -128 180 0 ]
[ 22 768 -128 180 0 ]
[ 22 640 -128 180 0 ]
[ 22 512 -128 180 0 ]
[ 22 384 -128 180 0 ]
[ 22 -1 256 180 0 ]
[ 22 128 256 180 0 ]
[ 22 512 256 180 0 ]
[ 22 640 256 180 0 ]
[ 22 768 256 180 0 ]
[ 22 896 256 180 0 ]
[ 22 1024 256 180 0 ]
[ 22 1152 256 180 0 ]
[ 22 2304 0 180 0 ]
[ 22 1280 0 180 0 ]
[ 22 1152 0 180 0 ]
[ 22 1024 0 180 0 ]
[ 22 896 0 180 0 ]
[ 22 768 0 180 0 ]
[ 22 640 0 180 0 ]
[ 22 512 0 180 0 ]
[ 22 384 0 180 0 ]
[ 22 384 128 180 0 ]
[ 22 512 128 180 0 ]
[ 22 1152 128 180 0 ]
[ 22 2304 128 180 0 ]
[ 22 2431 256 180 0 ]
[ 22 2560 128 180 0 ]
[ 22 1280 128 180 0 ]
[ 22 1024 128 180 0 ]
[ 22 896 128 180 0 ]
[ 22 768 128 180 0 ]
[ 22 640 128 180 0 ]
[ 22 0 768 270 0 ]
[ 22 512 512 180 0 ]
[ 22 2304 384 180 0 ]
[ 22 1280 256 180 0 ]
[ 22 1280 384 180 0 ]
[ 22 2304 256 180 0 ]
[ 22 2432 128 180 0 ]
[ 22 2432 0 180 0 ]
[ 22 2560 0 180 0 ]
[ 22 2688 -128 180 0 ]
[ 22 2688 0 180 0 ]
[ 22 2688 128 180 0 ]
[ 22 2688 256 180 0 ]
[ 22 2560 256 180 0 ]
[ 22 2560 384 180 0 ]
[ 22 2432 384 180 0 ]
[ 22 2432 512 180 0 ]
[ 22 2432 768 180 0 ]
[ 22 2560 896 180 0 ]
[ 22 2688 896 180 0 ]
[ 22 2688 768 180 0 ]
[ 22 2560 768 180 0 ]
[ 22 2432 640 180 0 ]
[ 22 2304 640 180 0 ]
[ 22 2304 512 180 0 ]
[ 22 1280 512 180 0 ]
[ 22 1152 512 180 0 ]
[ 22 1024 512 180 0 ]
[ 22 896 512 180 0 ]
[ 22 768 512 180 0 ]
[ 22 640 512 180 0 ]
[ 22 640 640 180 0 ]
[ 22 512 640 180 0 ]
[ 22 384 640 180 0 ]
[ 22 256 640 180 0 ]
[ 22 256 768 180 0 ]
[ 22 0 896 180 0 ]
[ 22 128 768 180 0 ]
[ 22 128 640 180 0 ]
[ 22 256 512 180 0 ]
[ 22 384 256 180 0 ]
[ 22 256 256 180 0 ]
[ 22 256 384 180 0 ]
[ 22 384 384 180 0 ]
[ 22 384 512 180 0 ]
[ 4 0 128 270 0 ]
[ 4 256 0 360 0 ]
[ 4 256 -128 0 0 ]
[ 6 0 -128 0 0 ]
[ 6 128 -128 0 0 ]
[ 6 128 0 0 0 ]
[ 6 0 0 0 0 ]
[ 22 2048 384 180 0 ]
[ 22 1920 384 180 0 ]
[ 22 1792 384 180 0 ]
[ 22 1664 384 180 0 ]
[ 22 1536 384 180 0 ]
[ 22 1408 384 180 0 ]
[ 22 1408 768 180 0 ]
[ 22 1536 768 180 0 ]
[ 22 1664 768 180 0 ]
[ 22 1792 768 180 0 ]
[ 22 1920 768 180 0 ]
[ 22 2048 768 180 0 ]
[ 22 2176 768 180 0 ]
[ 22 2048 640 180 0 ]
[ 22 2176 640 180 0 ]
[ 22 1920 640 180 0 ]
[ 22 1792 640 180 0 ]
[ 22 1664 640 180 0 ]
[ 22 1408 896 180 0 ]
[ 22 1536 896 180 0 ]
[ 22 1664 896 180 0 ]
[ 22 1792 896 180 0 ]
[ 22 1920 896 180 0 ]
[ 22 2048 896 180 0 ]
[ 22 2176 896 180 0 ]
[ 22 2176 -128 180 0 ]
[ 22 2048 -128 180 0 ]
[ 22 1920 -128 180 0 ]
[ 22 1792 -128 180 0 ]
[ 22 1664 -128 180 0 ]
[ 22 1536 -128 180 0 ]
[ 22 1408 -128 180 0 ]
[ 22 1408 256 180 0 ]
[ 22 1536 256 180 0 ]
[ 22 1664 256 180 0 ]
[ 22 1792 256 180 0 ]
[ 22 1920 256 180 0 ]
[ 22 2048 256 180 0 ]
[ 22 2176 0 180 0 ]
[ 22 2048 0 180 0 ]
[ 22 1920 0 180 0 ]
[ 22 1792 0 180 0 ]
[ 22 1664 0 180 0 ]
[ 22 1536 0 180 0 ]
[ 22 1408 0 180 0 ]
[ 22 1408 128 180 0 ]
[ 22 2048 128 180 0 ]
[ 22 2176 128 180 0 ]
[ 22 1920 128 180 0 ]
[ 22 1792 128 180 0 ]
[ 22 1664 128 180 0 ]
[ 22 1536 128 180 0 ]
[ 22 1408 512 180 0 ]
[ 22 2176 256 180 0 ]
[ 22 2176 384 180 0 ]
[ 22 2176 512 180 0 ]
[ 22 2048 512 180 0 ]
[ 22 1920 512 180 0 ]
[ 22 1792 512 180 0 ]
[ 22 1664 512 180 0 ]
[ 22 1536 512 180 0 ]
[ 22 1536 640 180 0 ]
[ 22 1408 640 180 0 ]
[ 5 256 128 270 0 ]
[ 4 128 128 450 0 ]
Electric
PLayer 503.111 625.04