Does_not_exist
Map_basic
[ 8 -1664 -384 90 0 ]
[ 8 -1153 128 90 0 ]
[ 8 -1664 640 90 0 ]
[ 8 -640 640 90 0 ]
[ 8 -640 -384 90 0 ]
[ 9 -1536 640 180 0 ]
[ 9 -1408 640 180 0 ]
[ 9 -1024 640 180 0 ]
[ 9 -896 640 180 0 ]
[ 9 -768 640 180 0 ]
[ 9 -1792 -384 180 0 ]
[ 9 -2048 -384 180 0 ]
[ 9 -1536 -384 180 0 ]
[ 9 -1408 -384 180 0 ]
[ 9 -1280 -384 180 0 ]
[ 9 -1024 -384 180 0 ]
[ 9 -896 -384 180 0 ]
[ 9 -768 -384 180 0 ]
[ 9 -512 -384 180 0 ]
[ 9 -384 -384 180 0 ]
[ 9 -256 -384 180 0 ]
[ 3 -1664 128 0 0 ]
[ 3 -1152 640 0 0 ]
[ 3 -640 128 0 0 ]
[ 3 -1152 -384 0 0 ]
[ 3 -1920 -384 0 0 ]
[ 3 -2176 -128 0 0 ]
[ 14 -256 512 0 1 ]
[ 28 -2176 384 0 barmode 0 ]
[ 7 -2176 256 90 0 ]
[ 7 -2176 512 90 0 ]
[ 1 -2176 640 90 5 ]
[ 1 -2176 128 90 0 ]
[ 1 -2688 128 90 4 ]
[ 1 -2688 640 90 3 ]
[ 7 -2560 640 180 0 ]
[ 7 -2432 640 180 0 ]
[ 7 -2304 640 180 0 ]
[ 7 -2688 256 270 0 ]
[ 7 -2688 384 270 0 ]
[ 7 -2688 512 270 0 ]
[ 13 -128 -384 270 0 ]
[ 13 384 127 270 0 ]
[ 13 384 -384 270 0 ]
[ 12 -1 127 0 2 ]
[ 12 128 127 0 0 ]
[ 12 256 127 0 1 ]
[ 12 384 0 90 1 ]
[ 12 384 -128 90 0 ]
[ 12 384 -256 90 2 ]
[ 12 -1 -384 180 1 ]
[ 12 128 -384 180 0 ]
[ 12 256 -384 180 2 ]
[ 19 -128 -128 0 3 ]
[ 12 -128 -256 270 2 ]
[ 12 -128 0 270 1 ]
[ 1 -2688 -384 0 0 ]
[ 7 -2432 -384 0 0 ]
[ 7 -2560 -384 0 0 ]
[ 7 -2304 -384 0 0 ]
[ 17 -2176 -256 90 0 ]
[ 17 -2176 0 90 0 ]
[ 7 -2688 -256 270 0 ]
[ 7 -2688 -128 270 0 ]
[ 7 -2688 0 270 0 ]
[ 29 -2176 -384 0 0 ]
[ 8 -640 1152 270 0 ]
[ 9 -512 1152 360 0 ]
[ 9 -384 1152 0 0 ]
[ 9 -256 1152 0 0 ]
[ 9 -640 768 90 0 ]
[ 9 -640 896 90 0 ]
[ 9 -640 1024 90 0 ]
[ 17 -384 640 180 0 ]
[ 17 -256 640 180 0 ]
[ 17 -512 640 180 0 ]
[ 23 -128 256 270 0 ]
[ 23 -128 384 270 0 ]
[ 23 -128 512 270 0 ]
[ 23 -128 768 270 0 ]
[ 23 -128 896 270 0 ]
[ 23 -128 1024 270 0 ]
[ 22 -128 1152 270 0 ]
[ 22 -128 640 270 0 ]
[ 4 -128 128 0 3 ]
[ 8 -1664 1152 270 0 ]
[ 9 -2176 768 450 0 ]
[ 9 -2176 896 90 0 ]
[ 9 -2176 1024 90 0 ]
[ 8 -2176 1152 90 0 ]
[ 9 -2048 1152 180 0 ]
[ 9 -1920 1152 180 0 ]
[ 9 -1792 1152 180 0 ]
[ 9 -1664 768 270 0 ]
[ 9 -1664 896 270 0 ]
[ 9 -1536 1152 360 0 ]
[ 9 -1408 1152 0 0 ]
[ 9 -1152 1152 0 0 ]
[ 9 -1024 1152 0 0 ]
[ 9 -896 1152 0 0 ]
[ 9 -768 1152 0 0 ]
[ 9 -1664 1024 270 0 ]
[ 17 -1153 1280 180 0 ]
[ 17 -1153 1408 180 0 ]
[ 17 -1280 1408 180 0 ]
[ 17 -1408 1408 180 0 ]
[ 17 -1536 1408 180 0 ]
[ 17 -1664 1408 180 0 ]
[ 17 -1792 1408 180 0 ]
[ 17 -1920 1408 180 0 ]
[ 17 -2048 1408 180 0 ]
[ 17 -2176 1408 180 0 ]
[ 17 -2304 1408 180 0 ]
[ 17 -2432 1408 180 0 ]
[ 17 -2432 1280 180 0 ]
[ 17 -2432 1152 180 0 ]
[ 17 -2432 1024 180 0 ]
[ 17 -2432 896 180 0 ]
[ 17 -2560 896 180 0 ]
[ 17 -2688 896 270 0 ]
[ 17 -2816 896 180 0 ]
[ 17 -2944 896 180 0 ]
[ 17 -2944 768 180 0 ]
[ 17 -2944 640 180 0 ]
[ 17 -2944 512 180 0 ]
[ 17 -2944 384 180 0 ]
[ 17 -2944 256 180 0 ]
[ 17 -2944 128 180 0 ]
[ 17 -2944 0 180 0 ]
[ 17 -2944 -128 180 0 ]
[ 17 -2944 -256 180 0 ]
[ 17 -2944 -384 180 0 ]
[ 17 -2944 -512 180 0 ]
[ 17 -2944 -640 180 0 ]
[ 17 -2816 -640 180 0 ]
[ 17 -2688 -640 180 0 ]
[ 17 -2560 -640 180 0 ]
[ 17 -2432 -640 180 0 ]
[ 17 -2304 -640 180 0 ]
[ 17 -2176 -640 180 0 ]
[ 17 -2048 -640 180 0 ]
[ 17 -1920 -640 180 0 ]
[ 17 -1792 -640 180 0 ]
[ 17 -1664 -640 180 0 ]
[ 17 -1536 -640 180 0 ]
[ 17 -1409 -640 180 0 ]
[ 17 -1280 -640 180 0 ]
[ 17 -1152 -640 180 0 ]
[ 17 -1024 -640 180 0 ]
[ 17 -896 -640 180 0 ]
[ 17 -768 -640 180 0 ]
[ 17 -640 -640 180 0 ]
[ 17 -512 -640 180 0 ]
[ 17 -384 -640 180 0 ]
[ 17 -256 -640 180 0 ]
[ 17 -128 -640 180 0 ]
[ 17 -128 -512 180 0 ]
[ 6 -2048 1024 0 0 ]
[ 6 -2048 768 0 0 ]
[ 6 -1792 768 0 0 ]
[ 9 -1920 640 0 0 ]
[ 9 -1792 640 0 0 ]
[ 17 -1536 896 0 0 ]
[ 17 -1408 768 0 0 ]
[ 17 -1408 1024 0 0 ]
[ 17 -1408 896 0 0 ]
[ 17 -1280 896 0 0 ]
[ 17 -1152 896 0 0 ]
[ 17 -1024 896 0 0 ]
[ 17 -896 896 0 0 ]
[ 17 -768 896 0 0 ]
[ 14 -1776 1040 0 0 ]
[ 9 -1280 640 0 0 ]
[ 17 -1280 640 0 0 ]
[ 17 -1392 752 0 0 ]
[ 17 -1376 736 0 0 ]
[ 17 -1360 720 0 0 ]
[ 17 -1296 656 0 0 ]
[ 17 -1312 672 0 0 ]
[ 17 -1328 688 0 0 ]
[ 17 -1328 688 0 0 ]
[ 17 -1424 784 0 0 ]
[ 17 -1440 800 0 0 ]
[ 17 -1456 816 0 0 ]
[ 17 -1472 832 0 0 ]
[ 17 -1488 848 0 0 ]
[ 17 -1520 864 0 0 ]
[ 17 -768 896 0 0 ]
[ 17 -896 896 0 0 ]
[ 17 -1024 896 0 0 ]
[ 17 -1152 896 0 0 ]
[ 17 -1280 896 0 0 ]
[ 17 -1408 896 0 0 ]
[ 17 -1536 896 0 0 ]
[ 17 -1520 912 0 0 ]
[ 31 -256 -512 0 0 ]
[ 17 -2048 128 0 0 ]
[ 17 -1920 128 0 0 ]
[ 17 -1792 128 0 0 ]
[ 17 -1536 128 0 0 ]
[ 17 -1408 128 0 0 ]
[ 17 -1280 128 0 0 ]
[ 17 -256 128 0 0 ]
[ 17 -384 128 0 0 ]
[ 17 -1024 128 0 0 ]
[ 17 -896 128 0 0 ]
[ 17 -768 128 0 0 ]
[ 17 -512 128 0 0 ]
[ 31 -1664 256 0 0 ]
[ 31 -1664 384 0 0 ]
[ 31 -1664 512 0 0 ]
Movables
Map_floor
[ 22 -2048 256 180 0 ]
[ 22 -768 384 180 0 ]
[ 22 -640 384 180 0 ]
[ 22 -384 384 180 0 ]
[ 22 -256 384 180 0 ]
[ 22 -1280 256 180 0 ]
[ 22 -1408 256 180 0 ]
[ 22 -1536 256 180 0 ]
[ 22 -1664 256 180 0 ]
[ 22 -1792 256 180 0 ]
[ 22 -1920 256 180 0 ]
[ 22 -1920 384 180 0 ]
[ 22 -2048 384 180 0 ]
[ 22 -2048 512 180 0 ]
[ 22 -1920 512 180 0 ]
[ 22 -1024 512 180 0 ]
[ 22 -896 512 180 0 ]
[ 22 -384 512 180 0 ]
[ 22 -256 512 180 0 ]
[ 22 -128 512 180 0 ]
[ 22 -128 384 180 0 ]
[ 22 -128 256 180 0 ]
[ 22 -256 256 180 0 ]
[ 22 -384 256 180 0 ]
[ 22 -512 256 180 0 ]
[ 22 -640 256 180 0 ]
[ 22 -768 256 180 0 ]
[ 22 -896 256 180 0 ]
[ 22 -1153 256 180 0 ]
[ 22 -1153 384 180 0 ]
[ 22 -1280 384 180 0 ]
[ 22 -1408 384 180 0 ]
[ 22 -1536 384 180 0 ]
[ 22 -1664 384 180 0 ]
[ 22 -1792 384 180 0 ]
[ 22 -1792 512 180 0 ]
[ 22 -1664 512 180 0 ]
[ 22 -1536 512 180 0 ]
[ 22 -1408 512 180 0 ]
[ 22 -1280 512 180 0 ]
[ 22 -1153 512 180 0 ]
[ 22 -1024 256 180 0 ]
[ 22 -1024 384 180 0 ]
[ 22 -896 384 180 0 ]
[ 22 -768 512 180 0 ]
[ 22 -640 512 180 0 ]
[ 22 -512 512 180 0 ]
[ 22 -512 384 180 0 ]
[ 4 -1664 -128 360 0 ]
[ 4 -1664 -256 0 0 ]
[ 4 -1664 0 0 0 ]
[ 6 -2048 -256 0 0 ]
[ 6 -1792 0 0 0 ]
[ 6 -1792 -128 0 0 ]
[ 6 -1792 -256 0 0 ]
[ 6 -1920 -256 0 0 ]
[ 6 -1920 -128 0 0 ]
[ 6 -1920 0 0 0 ]
[ 6 -2048 0 0 0 ]
[ 6 -2048 -128 0 0 ]
[ 18 -1920 128 0 9 ]
[ 18 -2048 128 0 9 ]
[ 18 -1792 128 0 9 ]
[ 18 -1536 128 0 9 ]
[ 18 -1408 128 0 9 ]
[ 18 -1280 128 0 9 ]
[ 18 -1024 128 0 9 ]
[ 18 -896 128 0 9 ]
[ 18 -768 128 0 9 ]
[ 18 -512 128 0 9 ]
[ 18 -384 128 0 9 ]
[ 18 -256 128 0 9 ]
[ 1 -2304 256 0 0 ]
[ 1 -2304 384 0 0 ]
[ 1 -2304 512 180 0 ]
[ 1 -2432 512 270 0 ]
[ 1 -2560 512 180 0 ]
[ 1 -2560 384 90 0 ]
[ 1 -2560 256 270 0 ]
[ 1 -2432 256 0 0 ]
[ 1 -2432 384 180 0 ]
[ 20 128 -128 270 0 ]
[ 20 256 -128 270 0 ]
[ 20 256 0 270 0 ]
[ 20 128 0 270 0 ]
[ 20 0 0 270 0 ]
[ 20 0 -128 270 0 ]
[ 20 0 -256 270 0 ]
[ 20 128 -256 270 0 ]
[ 20 256 -256 270 0 ]
[ 43 -2176 384 540 0 ]
[ 43 -128 -128 360 0 ]
[ 18 -2176 0 90 9 ]
[ 18 -2176 -256 90 9 ]
[ 18 -2560 128 180 7 ]
[ 18 -2432 128 180 7 ]
[ 18 -2304 128 180 7 ]
[ 21 -2560 -256 270 0 ]
[ 21 -2432 -256 270 0 ]
[ 21 -2304 -256 270 0 ]
[ 21 -2304 -128 270 0 ]
[ 21 -2304 0 270 0 ]
[ 21 -2432 0 270 0 ]
[ 21 -2560 0 270 0 ]
[ 21 -2560 -128 270 0 ]
[ 21 -2432 -128 270 0 ]
[ 18 -512 640 180 9 ]
[ 18 -384 640 180 9 ]
[ 18 -256 640 180 9 ]
[ 9 -512 768 180 3 ]
[ 9 -256 768 180 4 ]
[ 9 -256 1024 180 0 ]
[ 9 -512 1024 180 3 ]
[ 7 -384 896 0 ]
[ 9 -768 -256 180 4 ]
[ 9 -896 -256 180 2 ]
[ 9 -1024 -256 180 0 ]
[ 9 -1152 -256 180 4 ]
[ 9 -1536 -128 180 2 ]
[ 9 -1536 -256 180 4 ]
[ 9 -1536 0 180 5 ]
[ 9 -1408 0 180 1 ]
[ 9 -1280 0 180 2 ]
[ 9 -1152 0 180 4 ]
[ 9 -1024 0 180 1 ]
[ 9 -896 0 180 0 ]
[ 9 -768 0 180 4 ]
[ 9 -640 0 180 3 ]
[ 9 -512 0 180 0 ]
[ 9 -256 0 180 0 ]
[ 9 -256 -256 180 4 ]
[ 9 -512 -256 180 4 ]
[ 9 -640 -256 180 0 ]
[ 9 -640 -128 180 2 ]
[ 9 -768 -128 180 5 ]
[ 9 -896 -128 180 1 ]
[ 9 -1024 -128 180 4 ]
[ 9 -1408 -256 180 0 ]
[ 9 -1280 -256 180 2 ]
[ 9 -1280 -128 180 5 ]
[ 9 -1408 -128 180 4 ]
[ 8 -384 -128 0 ]
[ 19 -384 768 450 0 ]
[ 19 -256 896 180 0 ]
[ 19 -512 896 360 0 ]
[ 19 -384 1024 270 0 ]
[ 19 -512 -128 360 0 ]
[ 19 -384 -256 90 0 ]
[ 19 -256 -128 180 0 ]
[ 19 -384 0 270 0 ]
[ 22 -1792 640 180 0 ]
[ 22 -1920 896 180 0 ]
[ 22 -1920 1024 180 0 ]
[ 22 -2048 896 180 0 ]
[ 22 -2048 768 180 0 ]
[ 22 -1920 768 180 0 ]
[ 22 -1792 896 180 0 ]
[ 22 -1792 1024 180 0 ]
[ 22 -1664 768 180 0 ]
[ 43 -640 1024 180 1 ]
[ 18 -1280 1152 180 9 ]
[ 43 -256 -384 270 2 ]
[ 43 -128 896 540 2 ]
[ 18 -2048 640 0 9 ]
[ 18 -1280 640 0 9 ]
[ 43 -1664 1024 0 1 ]
[ 9 -1152 -128 0 2 ]
[ 22 -1792 768 270 0 ]
[ 22 -2048 1024 270 0 ]
[ 104 -1724 1011 ??? ]
Electric
PLayer -424 373