Does_not_exist
Map_basic
[ 8 2048 1792 0 0 ]
[ 9 2048 2944 90 0 ]
[ 3 2048 3072 0 0 ]
[ 9 2048 3200 90 0 ]
[ 8 2048 3328 0 0 ]
[ 9 2176 1792 0 0 ]
[ 9 2176 2816 0 0 ]
[ 9 2176 3328 0 0 ]
[ 9 2304 1792 0 0 ]
[ 9 2304 2816 0 0 ]
[ 3 2304 3328 0 0 ]
[ 9 2432 1792 0 0 ]
[ 14 2432 2688 0 0 ]
[ 9 2432 2816 0 0 ]
[ 6 2432 3072 0 0 ]
[ 9 2432 3328 0 0 ]
[ 8 2560 1792 0 0 ]
[ 9 2560 1920 90 0 ]
[ 9 2560 2048 90 0 ]
[ 9 2560 2176 90 0 ]
[ 9 2560 2432 90 0 ]
[ 9 2560 2560 90 0 ]
[ 9 2560 2688 90 0 ]
[ 8 2560 2816 0 0 ]
[ 9 2560 2944 90 0 ]
[ 9 2560 3200 90 0 ]
[ 8 2560 3328 0 0 ]
[ 9 2688 1792 0 0 ]
[ 14 2688 2432 0 1 ]
[ 9 2688 3328 0 0 ]
[ 9 2816 1792 0 0 ]
[ 9 2816 3328 90 0 ]
[ 9 2944 1792 0 0 ]
[ 9 2944 3328 0 0 ]
[ 8 3072 1792 0 0 ]
[ 9 3072 1920 90 0 ]
[ 3 3072 2048 0 0 ]
[ 9 3072 2176 90 0 ]
[ 8 3072 2304 90 0 ]
[ 9 3072 2432 90 0 ]
[ 9 3072 2560 90 0 ]
[ 9 3072 2688 90 0 ]
[ 8 3072 2816 0 0 ]
[ 8 3072 3328 0 0 ]
[ 9 3200 1792 0 0 ]
[ 14 3200 2944 0 2 ]
[ 9 3200 3328 0 0 ]
[ 9 3328 1792 0 0 ]
[ 9 3328 3328 0 0 ]
[ 9 3456 1792 0 0 ]
[ 9 3456 3328 0 0 ]
[ 8 3584 1792 0 0 ]
[ 9 3584 1920 90 0 ]
[ 15 3584 2048 0 crystal 0 1 ]
[ 9 3584 2176 90 0 ]
[ 8 3584 2304 0 0 ]
[ 9 3584 2432 90 0 ]
[ 9 3584 2560 90 0 ]
[ 9 3584 2688 90 0 ]
[ 3 3584 2816 0 0 ]
[ 9 3584 2944 90 0 ]
[ 9 3584 3072 90 0 ]
[ 9 3584 3200 90 0 ]
[ 8 3584 3328 0 0 ]
[ 8 1536 2304 0 0 ]
[ 8 1536 3328 0 0 ]
[ 8 1536 1792 0 0 ]
[ 9 1536 1920 90 0 ]
[ 9 1536 2048 90 0 ]
[ 9 1536 2176 90 0 ]
[ 9 1536 2432 90 0 ]
[ 9 1536 2560 90 0 ]
[ 9 1536 2688 90 0 ]
[ 9 1536 3200 90 0 ]
[ 9 1536 3072 90 0 ]
[ 9 1536 2944 90 0 ]
[ 9 1664 3328 180 0 ]
[ 9 1792 3328 180 0 ]
[ 9 1920 3328 180 0 ]
[ 9 1664 1792 180 0 ]
[ 9 1792 1792 180 0 ]
[ 9 1920 1792 180 0 ]
[ 9 1920 2304 180 0 ]
[ 9 1792 2304 180 0 ]
[ 9 1664 2304 180 0 ]
[ 28 2048 2304 0 barmode 9 ]
[ 28 2560 2304 0 barmode 9 ]
[ 27 2048 2816 180 dmode 9 1 ]
[ 3 1536 2816 0 0 ]
Movables
[ 2560 3072 2 ]
Map_floor
[ 9 2176 1920 0 4 ]
[ 9 2176 2048 0 4 ]
[ 9 2176 2176 270 3 ]
[ 9 2176 2432 0 1 ]
[ 9 2176 2560 180 4 ]
[ 9 2176 2688 0 1 ]
[ 9 2176 2816 0 0 ]
[ 9 2176 2944 180 2 ]
[ 9 2176 3072 90 0 ]
[ 9 2176 3200 90 1 ]
[ 9 2304 1920 0 5 ]
[ 7 2304 2048 0 ]
[ 9 2304 2176 270 1 ]
[ 9 2304 2432 90 4 ]
[ 7 2304 2560 1 ]
[ 9 2304 2688 0 1 ]
[ 9 2304 2816 270 0 ]
[ 9 2304 2944 270 3 ]
[ 8 2304 3072 2 ]
[ 9 2304 3200 0 1 ]
[ 9 2432 1920 270 5 ]
[ 9 2432 2048 0 1 ]
[ 9 2432 2176 180 4 ]
[ 9 2432 2432 180 0 ]
[ 9 2432 2560 0 3 ]
[ 9 2432 2688 90 0 ]
[ 9 2432 2816 0 1 ]
[ 9 2432 2944 180 5 ]
[ 9 2432 3072 270 4 ]
[ 9 2432 3200 0 5 ]
[ 9 2560 1920 270 5 ]
[ 9 2560 2048 270 4 ]
[ 9 2560 2176 270 4 ]
[ 9 2560 2304 0 4 ]
[ 9 2560 2432 0 5 ]
[ 9 2560 2560 90 2 ]
[ 9 2560 2688 180 2 ]
[ 9 2560 2816 90 5 ]
[ 9 2560 2944 90 3 ]
[ 12 2560 3072 270 3 ]
[ 9 2560 3200 90 0 ]
[ 9 2688 1920 90 0 ]
[ 9 2688 2048 180 5 ]
[ 9 2688 2176 0 5 ]
[ 18 2688 2304 0 9 ]
[ 9 2688 2432 90 2 ]
[ 9 2688 2560 180 3 ]
[ 9 2688 2688 180 3 ]
[ 9 2688 2816 270 3 ]
[ 9 2688 2944 270 4 ]
[ 9 2688 3072 90 3 ]
[ 9 2688 3200 90 1 ]
[ 9 2816 1920 270 2 ]
[ 9 2816 2048 270 0 ]
[ 9 2816 2176 90 5 ]
[ 9 2816 2432 180 5 ]
[ 7 2816 2560 2 ]
[ 9 2816 2688 0 2 ]
[ 9 2816 2816 180 0 ]
[ 9 2816 2944 90 2 ]
[ 9 2816 3072 180 0 ]
[ 9 2816 3200 90 3 ]
[ 9 2944 1920 90 2 ]
[ 9 2944 2048 180 0 ]
[ 9 2944 2176 270 5 ]
[ 9 2944 2432 0 1 ]
[ 9 2944 2560 0 2 ]
[ 9 2944 2688 0 0 ]
[ 9 2944 2816 270 1 ]
[ 9 2944 2944 90 2 ]
[ 9 2944 3072 90 5 ]
[ 9 2944 3200 270 0 ]
[ 9 3072 1920 90 3 ]
[ 9 3072 2048 90 4 ]
[ 12 3072 2176 270 1 ]
[ 9 3072 2304 270 3 ]
[ 9 3072 2432 270 2 ]
[ 9 3072 2560 90 4 ]
[ 9 3072 2688 0 4 ]
[ 9 3072 2816 270 1 ]
[ 16 3072 2944 0 crystal 0 0 ]
[ 16 3072 3072 0 crystal 0 0 ]
[ 16 3072 3200 0 crystal 0 0 ]
[ 40 3200 1920 0 barmode 0 0 ]
[ 40 3200 2048 0 barmode 0 0 ]
[ 40 3200 2176 0 barmode 0 0 ]
[ 15 3200 2304 0 crystal 0 1 ]
[ 9 3200 2432 180 1 ]
[ 9 3200 2560 90 3 ]
[ 9 3200 2688 0 4 ]
[ 9 3200 2816 90 1 ]
[ 9 3200 2944 180 2 ]
[ 9 3200 3072 90 3 ]
[ 9 3200 3200 90 1 ]
[ 40 3328 1920 0 barmode 0 0 ]
[ 8 3328 2048 1 ]
[ 40 3328 2176 0 barmode 0 0 ]
[ 15 3328 2304 0 crystal 0 1 ]
[ 9 3328 2432 90 1 ]
[ 8 3328 2560 0 ]
[ 9 3328 2688 0 2 ]
[ 9 3328 2816 90 0 ]
[ 9 3328 2944 90 4 ]
[ 5 3328 3072 90 0 ]
[ 4 3328 3200 0 0 ]
[ 40 3456 1920 0 barmode 0 0 ]
[ 40 3456 2048 0 barmode 0 0 ]
[ 40 3456 2176 0 barmode 0 0 ]
[ 15 3456 2304 0 crystal 0 1 ]
[ 9 3456 2432 90 4 ]
[ 9 3456 2560 180 2 ]
[ 9 3456 2688 270 2 ]
[ 9 3456 2816 270 5 ]
[ 9 3456 2944 0 0 ]
[ 4 3456 3072 90 0 ]
[ 6 3456 3200 0 0 ]
[ 12 3584 2176 180 1 ]
[ 18 2815 2304 0 9 ]
[ 18 2944 2304 0 9 ]
[ 8 1792 2048 4 ]
[ 7 1792 3072 4 ]
[ 2 2048 2432 270 dmode 9 0 ]
[ 2 2048 2560 270 dmode 9 0 ]
[ 2 2048 2688 270 dmode 9 0 ]
[ 3 2176 2304 0 dmode 9 1 ]
[ 3 2304 2304 0 dmode 9 1 ]
[ 3 2432 2304 0 dmode 9 1 ]
[ 9 1792 2560 0 2 ]
[ 9 1920 2432 0 3 ]
[ 9 1792 2432 0 3 ]
[ 9 1664 2432 0 4 ]
[ 9 1664 2560 0 1 ]
[ 9 1664 2688 0 0 ]
[ 9 1664 2816 0 0 ]
[ 9 1664 2944 0 5 ]
[ 9 1664 3072 0 5 ]
[ 9 1664 3200 0 0 ]
[ 9 1792 3200 0 5 ]
[ 9 1920 3200 0 5 ]
[ 9 1920 3072 0 2 ]
[ 9 1920 2944 0 3 ]
[ 9 1792 2688 0 4 ]
[ 9 1920 2560 0 3 ]
[ 9 1920 2688 0 1 ]
[ 9 1920 2816 0 0 ]
[ 9 1792 2816 0 0 ]
[ 9 1792 2944 0 1 ]
[ 9 1920 1920 0 5 ]
[ 9 1792 1920 0 2 ]
[ 9 1664 1920 0 5 ]
[ 9 1664 2048 0 0 ]
[ 9 1664 2176 0 5 ]
[ 9 1792 2176 0 4 ]
[ 9 1920 2176 0 5 ]
[ 9 1920 2048 0 2 ]
[ 9 2048 1920 0 4 ]
[ 9 2048 2048 0 2 ]
[ 9 2048 2176 0 2 ]
[ 100 2560 2560 937 ]
Electric
PLayer 1875.6 2556.47