Does_not_exist
Map_basic
[ 1 2560 640 0 4 ]
[ 1 2048 640 0 2 ]
[ 1 2048 1152 0 3 ]
[ 1 2560 1152 0 0 ]
[ 1 3072 640 0 3 ]
[ 1 3072 1152 0 0 ]
[ 7 2176 1152 180 0 ]
[ 7 2304 1152 180 0 ]
[ 7 2432 1152 180 0 ]
[ 7 2688 1152 180 0 ]
[ 7 2816 1152 180 0 ]
[ 7 2944 1152 180 0 ]
[ 7 2176 640 180 0 ]
[ 7 2432 640 180 0 ]
[ 7 2688 640 180 0 ]
[ 7 2816 640 180 0 ]
[ 7 2944 640 180 0 ]
[ 7 2048 768 270 0 ]
[ 7 2048 896 270 0 ]
[ 7 2048 1024 270 0 ]
[ 7 3200 640 360 0 ]
[ 7 3328 640 0 0 ]
[ 7 3456 640 0 0 ]
[ 7 3200 1152 0 0 ]
[ 7 3328 1152 0 0 ]
[ 7 3456 1152 0 0 ]
[ 2 2304 640 90 dmode 10 0 ]
[ 18 2816 896 0 0 ]
[ 16 3584 1152 0 1 ]
[ 16 3584 640 0 1 ]
[ 9 3712 1152 0 0 ]
[ 9 3840 1152 0 0 ]
[ 9 3968 1152 0 0 ]
[ 9 4096 1152 0 0 ]
[ 9 3712 640 0 0 ]
[ 9 3840 640 0 0 ]
[ 9 3968 640 0 0 ]
[ 9 4096 640 0 0 ]
[ 9 4224 640 0 0 ]
[ 9 4352 640 0 0 ]
[ 9 4224 1152 0 0 ]
[ 9 4352 1152 0 0 ]
[ 17 4224 1024 0 0 ]
[ 17 3968 1024 0 0 ]
[ 17 4352 768 0 0 ]
[ 17 4096 768 0 0 ]
[ 17 3840 768 0 0 ]
[ 17 3712 1024 0 0 ]
[ 13 4992 1152 180 0 ]
[ 4 4480 1152 0 3 ]
[ 4 4480 640 0 3 ]
[ 25 4608 640 180 0 ]
[ 25 4736 640 180 0 ]
[ 25 4864 640 180 0 ]
[ 25 4608 1152 180 0 ]
[ 25 4736 1152 180 0 ]
[ 25 4864 1152 180 0 ]
[ 25 5120 1152 180 0 ]
[ 25 5248 1152 180 0 ]
[ 25 5376 1152 180 0 ]
[ 25 5120 640 180 0 ]
[ 25 5248 640 180 0 ]
[ 13 5504 640 180 0 ]
[ 13 5504 1152 180 0 ]
[ 24 4992 640 270 lmode 0 0 ]
[ 4 5376 640 0 3 ]
[ 25 5632 1152 180 0 ]
[ 25 5760 1152 180 0 ]
[ 25 5888 1152 180 0 ]
[ 25 6016 1152 180 0 ]
[ 25 5632 640 180 0 ]
[ 25 5760 640 180 0 ]
[ 25 5888 640 180 0 ]
[ 25 6016 640 180 0 ]
[ 6 6144 768 0 3 ]
[ 6 6144 896 0 3 ]
[ 6 6144 1023 0 3 ]
[ 13 6144 1152 180 0 ]
[ 13 6144 640 180 0 ]
[ 10 7168 1152 180 0 ]
[ 10 7168 640 180 0 ]
[ 11 6272 640 180 0 ]
[ 11 6400 640 180 0 ]
[ 11 6528 640 180 0 ]
[ 11 6272 1152 180 0 ]
[ 11 6400 1152 180 0 ]
[ 11 6528 1152 180 0 ]
[ 11 6784 1152 180 0 ]
[ 11 6912 1152 180 0 ]
[ 11 7040 1152 180 0 ]
[ 11 6912 640 180 0 ]
[ 11 7040 640 180 0 ]
[ 15 6656 640 360 crystal 0 1 ]
[ 15 6656 1152 0 crystal 1 1 ]
[ 10 6656 128 0 0 ]
[ 10 6144 128 0 0 ]
[ 11 6144 384 90 0 ]
[ 11 6144 512 90 0 ]
[ 11 6144 256 90 0 ]
[ 11 6272 128 180 0 ]
[ 11 6400 128 180 0 ]
[ 11 6528 128 180 0 ]
[ 11 6784 128 180 0 ]
[ 11 6912 128 180 0 ]
[ 11 7040 128 180 0 ]
[ 11 7552 128 180 0 ]
[ 11 7680 128 180 0 ]
[ 11 9216 128 180 0 ]
[ 11 9344 128 180 0 ]
[ 11 9472 128 180 0 ]
[ 11 9600 128 180 0 ]
[ 11 9728 128 180 0 ]
[ 11 10496 128 180 0 ]
[ 11 10368 128 180 0 ]
[ 11 10240 128 180 0 ]
[ 11 10112 128 180 0 ]
[ 11 9984 128 180 0 ]
[ 11 9856 128 180 0 ]
[ 11 7168 128 180 0 ]
[ 11 7296 128 180 0 ]
[ 11 7424 128 180 0 ]
[ 11 7296 640 180 0 ]
[ 11 7424 640 180 0 ]
[ 11 7552 640 180 0 ]
[ 11 7680 640 180 0 ]
[ 11 9216 640 180 0 ]
[ 11 9344 640 180 0 ]
[ 11 9472 640 180 0 ]
[ 11 9600 640 180 0 ]
[ 11 9728 640 180 0 ]
[ 11 9856 640 180 0 ]
[ 11 9984 640 180 0 ]
[ 11 10112 640 180 0 ]
[ 11 10240 640 180 0 ]
[ 11 10368 640 180 0 ]
[ 11 10496 640 180 0 ]
[ 11 6784 640 180 0 ]
[ 11 7808 128 180 0 ]
[ 11 7936 128 180 0 ]
[ 11 8064 128 180 0 ]
[ 11 8192 128 180 0 ]
[ 11 8320 128 180 0 ]
[ 11 8960 128 180 0 ]
[ 11 8832 128 180 0 ]
[ 11 8704 128 180 0 ]
[ 11 8576 128 180 0 ]
[ 11 8448 128 180 0 ]
[ 11 7936 640 180 0 ]
[ 11 8064 640 180 0 ]
[ 11 8192 640 180 0 ]
[ 11 8320 640 180 0 ]
[ 11 8448 640 180 0 ]
[ 11 8576 640 180 0 ]
[ 11 8704 640 180 0 ]
[ 11 8832 640 180 0 ]
[ 11 8960 640 180 0 ]
[ 11 9088 128 180 0 ]
[ 11 9088 640 180 0 ]
[ 10 7808 640 180 0 ]
[ 11 7808 768 270 0 ]
[ 11 7808 1024 270 0 ]
[ 29 7808 896 0 0 ]
[ 10 10624 128 180 0 ]
[ 10 10624 640 180 0 ]
[ 11 10624 512 270 0 ]
[ 11 10624 384 270 0 ]
[ 11 10624 256 270 0 ]
[ 8 7296 1664 270 0 ]
[ 8 7808 1664 270 0 ]
[ 8 7808 1152 270 0 ]
[ 8 7296 1152 270 0 ]
[ 9 7296 1280 270 0 ]
[ 9 7296 1408 270 0 ]
[ 9 7296 1536 270 0 ]
[ 9 7808 1280 270 0 ]
[ 9 7808 1408 270 0 ]
[ 9 7808 1536 270 0 ]
[ 9 7424 1664 360 0 ]
[ 9 7552 1664 0 0 ]
[ 9 7680 1664 0 0 ]
[ 17 7552 1152 0 0 ]
[ 17 7680 1152 0 0 ]
[ 3 26880 16896 0 0 ]
[ 17 26752 16768 180 0 ]
[ 17 26880 16768 180 0 ]
[ 17 27008 16768 180 0 ]
[ 17 27008 16896 180 0 ]
[ 17 27008 17024 180 0 ]
[ 17 26880 17024 180 0 ]
[ 17 26752 17024 180 0 ]
[ 17 26752 16896 180 0 ]
[ 19 6400 384 0 2 ]
[ 31 2304 768 0 0 ]
[ 31 2432 768 0 0 ]
[ 31 2432 896 0 0 ]
[ 31 2304 896 0 0 ]
[ 31 2176 768 0 0 ]
[ 31 2176 896 0 0 ]
[ 31 2176 1024 0 0 ]
[ 31 2304 1024 0 0 ]
[ 31 2432 1024 0 0 ]
[ 31 7552 1408 0 1 ]
Movables
[ 6656 1024 1 ]
[ 6656 768 1 ]
[ 5760 896 0 ]
[ 5760 767 0 ]
[ 5760 1024 0 ]
Map_floor
[ 17 2816 896 0 dmode 9 0 ]
[ 3 3072 896 90 dmode 9 1 ]
[ 3 3072 768 90 dmode 9 1 ]
[ 3 3072 1024 90 dmode 9 1 ]
[ 3 2560 1024 90 dmode 10 1 ]
[ 3 2560 896 90 dmode 10 1 ]
[ 3 2560 768 90 dmode 10 1 ]
[ 21 2176 768 90 0 ]
[ 21 2304 768 90 0 ]
[ 21 2432 768 90 0 ]
[ 21 2432 896 90 0 ]
[ 21 2432 1024 90 0 ]
[ 21 2304 1024 90 0 ]
[ 21 2176 1024 90 0 ]
[ 21 2176 896 90 0 ]
[ 21 2304 896 90 0 ]
[ 21 2688 768 90 0 ]
[ 21 2688 896 90 0 ]
[ 21 2688 1024 90 0 ]
[ 21 2816 1024 90 0 ]
[ 21 2944 1024 90 0 ]
[ 21 2944 896 90 0 ]
[ 21 2944 768 90 0 ]
[ 21 2816 768 90 0 ]
[ 21 3200 768 90 0 ]
[ 21 3200 896 90 0 ]
[ 21 3200 1024 90 0 ]
[ 21 3328 1024 90 0 ]
[ 21 3456 1024 90 0 ]
[ 21 3456 896 90 0 ]
[ 21 3456 768 90 0 ]
[ 21 3328 768 90 0 ]
[ 21 3328 896 90 0 ]
[ 10 3584 768 360 0 ]
[ 10 3584 1024 0 0 ]
[ 10 3584 896 0 0 ]
[ 9 3712 768 0 1 ]
[ 9 3840 768 0 4 ]
[ 9 4096 768 0 3 ]
[ 9 4224 768 0 2 ]
[ 9 4352 768 0 3 ]
[ 9 4352 896 0 3 ]
[ 9 4224 896 0 4 ]
[ 9 4096 896 0 3 ]
[ 9 3968 768 0 5 ]
[ 9 3968 896 0 1 ]
[ 9 3840 896 0 5 ]
[ 9 3712 896 0 3 ]
[ 9 3712 1024 0 4 ]
[ 9 3840 1024 0 2 ]
[ 9 3968 1024 0 4 ]
[ 9 4096 1024 0 0 ]
[ 9 4224 1024 0 2 ]
[ 9 4352 1024 0 5 ]
[ 10 4480 768 180 1 ]
[ 10 4480 896 180 1 ]
[ 10 4480 1024 180 1 ]
[ 24 5504 768 270 lmode 10 1 ]
[ 24 5504 896 270 lmode 10 1 ]
[ 24 5504 1023 270 lmode 10 1 ]
[ 42 4608 768 270 0 ]
[ 42 4736 768 270 0 ]
[ 42 4864 768 270 0 ]
[ 42 4608 896 270 0 ]
[ 42 4608 1023 270 0 ]
[ 42 4864 1023 270 0 ]
[ 42 4992 1023 270 0 ]
[ 42 5376 1023 270 0 ]
[ 42 5120 1023 270 0 ]
[ 13 5632 768 180 0 ]
[ 13 6016 768 180 0 ]
[ 13 6016 896 180 0 ]
[ 13 5888 1023 180 0 ]
[ 13 6016 1023 180 0 ]
[ 4 6144 768 180 0 ]
[ 4 6144 896 180 0 ]
[ 4 6144 1023 180 0 ]
[ 14 6272 1152 180 0 ]
[ 14 6400 1152 180 0 ]
[ 14 6528 1152 180 0 ]
[ 14 6656 1152 180 0 ]
[ 14 6784 1152 180 0 ]
[ 14 6912 1152 180 0 ]
[ 14 7040 1152 180 0 ]
[ 14 7168 1152 180 0 ]
[ 16 7168 768 0 crystal 1 1 ]
[ 16 7168 896 0 crystal 1 1 ]
[ 16 7168 1024 0 crystal 1 1 ]
[ 16 6656 256 0 crystal 0 1 ]
[ 16 6656 384 0 crystal 0 1 ]
[ 16 6656 512 0 crystal 0 1 ]
[ 6 6272 256 180 0 ]
[ 6 6400 256 180 0 ]
[ 6 6528 256 180 0 ]
[ 6 6528 384 180 0 ]
[ 6 6272 512 180 0 ]
[ 6 6272 384 180 0 ]
[ 6 6400 384 180 0 ]
[ 6 6400 512 180 0 ]
[ 6 6528 512 180 0 ]
[ 10 6144 256 180 0 ]
[ 10 6144 384 180 0 ]
[ 10 6144 512 180 0 ]
[ 10 6272 128 270 0 ]
[ 10 6400 128 270 0 ]
[ 10 6528 128 270 0 ]
[ 10 6784 128 270 0 ]
[ 10 6912 128 270 0 ]
[ 10 7040 128 270 0 ]
[ 10 7168 128 270 0 ]
[ 10 7296 128 270 0 ]
[ 10 7424 128 270 0 ]
[ 10 7552 128 270 0 ]
[ 10 7680 128 270 0 ]
[ 10 9216 128 270 0 ]
[ 10 9344 128 270 0 ]
[ 10 9472 128 270 0 ]
[ 10 9600 128 270 0 ]
[ 10 9728 128 270 0 ]
[ 10 9856 128 270 0 ]
[ 10 9984 128 270 0 ]
[ 10 10112 128 270 0 ]
[ 10 10240 128 270 0 ]
[ 10 10368 128 270 0 ]
[ 10 10496 128 270 0 ]
[ 10 7296 640 90 0 ]
[ 10 7424 640 90 0 ]
[ 10 7552 640 90 0 ]
[ 10 7680 640 90 0 ]
[ 10 9216 640 90 0 ]
[ 10 9344 640 90 0 ]
[ 10 9472 640 90 0 ]
[ 10 9600 640 90 0 ]
[ 10 9728 640 90 0 ]
[ 10 9856 640 90 0 ]
[ 10 9984 640 90 0 ]
[ 10 10112 640 90 0 ]
[ 10 10240 640 90 0 ]
[ 10 10368 640 90 0 ]
[ 10 10496 640 90 0 ]
[ 10 6784 640 90 0 ]
[ 10 6912 640 90 0 ]
[ 10 7040 640 90 0 ]
[ 10 7168 640 90 0 ]
[ 10 6272 640 450 0 ]
[ 10 6400 640 90 0 ]
[ 10 6528 640 90 0 ]
[ 14 6784 256 90 0 ]
[ 14 6784 384 90 0 ]
[ 14 6784 512 90 0 ]
[ 14 6912 512 90 0 ]
[ 14 7040 512 90 0 ]
[ 14 10240 512 90 0 ]
[ 14 10112 512 90 0 ]
[ 14 9984 512 90 0 ]
[ 14 9856 512 90 0 ]
[ 14 9728 512 90 0 ]
[ 14 9600 512 90 0 ]
[ 14 9472 512 90 0 ]
[ 14 9344 512 90 0 ]
[ 14 9216 512 90 0 ]
[ 14 7680 512 90 0 ]
[ 14 7552 512 90 0 ]
[ 14 7424 512 90 0 ]
[ 14 7296 512 90 0 ]
[ 14 7168 512 90 0 ]
[ 14 7168 384 90 0 ]
[ 14 7040 384 90 0 ]
[ 14 6912 384 90 0 ]
[ 14 6912 256 90 0 ]
[ 14 7040 256 90 0 ]
[ 14 7168 256 90 0 ]
[ 14 7296 256 90 0 ]
[ 14 7424 256 90 0 ]
[ 14 7552 256 90 0 ]
[ 14 7680 256 90 0 ]
[ 14 9216 256 90 0 ]
[ 14 9344 256 90 0 ]
[ 14 9472 256 90 0 ]
[ 14 9600 256 90 0 ]
[ 14 9728 256 90 0 ]
[ 14 10496 256 90 0 ]
[ 14 10368 256 90 0 ]
[ 14 10240 256 90 0 ]
[ 14 10112 256 90 0 ]
[ 14 9984 256 90 0 ]
[ 14 9856 256 90 0 ]
[ 14 9600 384 90 0 ]
[ 14 9344 384 90 0 ]
[ 14 7680 384 90 0 ]
[ 14 7296 384 90 0 ]
[ 14 7424 384 90 0 ]
[ 14 7552 384 90 0 ]
[ 14 9216 384 90 0 ]
[ 14 9472 384 90 0 ]
[ 14 9728 384 90 0 ]
[ 14 9856 384 90 0 ]
[ 14 9984 384 90 0 ]
[ 14 10112 384 90 0 ]
[ 14 10240 384 90 0 ]
[ 14 10368 384 90 0 ]
[ 14 10368 512 90 0 ]
[ 14 10496 512 90 0 ]
[ 14 10496 384 90 0 ]
[ 10 7808 128 270 0 ]
[ 10 7936 128 270 0 ]
[ 10 8064 128 270 0 ]
[ 10 8192 128 270 0 ]
[ 10 8320 128 270 0 ]
[ 10 8448 128 270 0 ]
[ 10 8576 128 270 0 ]
[ 10 8704 128 270 0 ]
[ 10 8832 128 270 0 ]
[ 10 8960 128 270 0 ]
[ 10 9088 128 270 0 ]
[ 10 7808 640 90 0 ]
[ 10 7936 640 90 0 ]
[ 10 8064 640 90 0 ]
[ 10 8192 640 90 0 ]
[ 10 8320 640 90 0 ]
[ 10 8448 640 90 0 ]
[ 10 8576 640 90 0 ]
[ 10 8704 640 90 0 ]
[ 10 8832 640 90 0 ]
[ 10 8960 640 90 0 ]
[ 10 9088 640 90 0 ]
[ 14 8832 512 90 0 ]
[ 14 8704 512 90 0 ]
[ 14 8576 512 90 0 ]
[ 14 8448 512 90 0 ]
[ 14 8320 512 90 0 ]
[ 14 8192 512 90 0 ]
[ 14 8064 512 90 0 ]
[ 14 7936 512 90 0 ]
[ 14 7808 512 90 0 ]
[ 14 7808 256 90 0 ]
[ 14 7936 256 90 0 ]
[ 14 8064 256 90 0 ]
[ 14 8192 256 90 0 ]
[ 14 8320 256 90 0 ]
[ 14 9088 256 90 0 ]
[ 14 8960 256 90 0 ]
[ 14 8832 256 90 0 ]
[ 14 8704 256 90 0 ]
[ 14 8576 256 90 0 ]
[ 14 8448 256 90 0 ]
[ 14 8192 384 90 0 ]
[ 14 7936 384 90 0 ]
[ 14 7808 384 90 0 ]
[ 14 8064 384 90 0 ]
[ 14 8320 384 90 0 ]
[ 14 8448 384 90 0 ]
[ 14 8576 384 90 0 ]
[ 14 8704 384 90 0 ]
[ 14 8832 384 90 0 ]
[ 14 8960 384 90 0 ]
[ 14 8960 512 90 0 ]
[ 14 9088 512 90 0 ]
[ 14 9088 384 90 0 ]
[ 14 7808 1024 270 0 ]
[ 14 7808 768 270 0 ]
[ 14 7296 1152 270 0 ]
[ 11 6272 768 0 0 ]
[ 11 6400 768 0 0 ]
[ 11 6528 768 0 0 ]
[ 11 6656 768 0 0 ]
[ 11 6784 768 0 0 ]
[ 11 6912 768 0 0 ]
[ 11 7040 768 0 0 ]
[ 11 7040 896 0 0 ]
[ 11 6912 896 0 0 ]
[ 11 6784 896 0 0 ]
[ 11 6656 896 0 0 ]
[ 11 6528 896 0 0 ]
[ 11 6400 896 0 0 ]
[ 11 6272 896 0 0 ]
[ 11 6272 1024 0 0 ]
[ 11 6400 1024 0 0 ]
[ 11 6528 1024 0 0 ]
[ 11 6656 1024 0 0 ]
[ 11 6784 1024 0 0 ]
[ 11 6912 1024 0 0 ]
[ 11 7040 1024 0 0 ]
[ 11 7296 768 0 0 ]
[ 11 7424 768 0 0 ]
[ 11 7552 768 0 0 ]
[ 11 7680 768 0 0 ]
[ 11 7680 896 0 0 ]
[ 11 7296 896 0 0 ]
[ 11 7296 1024 0 0 ]
[ 11 7424 1024 0 0 ]
[ 11 7424 896 0 0 ]
[ 11 7552 896 0 0 ]
[ 11 7552 1024 0 0 ]
[ 11 7680 1024 0 0 ]
[ 43 7808 896 180 0 ]
[ 43 10624 384 180 0 ]
[ 40 10624 512 270 barmode 0 0 ]
[ 40 10624 256 270 barmode 0 0 ]
[ 3 7424 1152 0 dmode 3 1 ]
[ 3 7552 1152 0 dmode 3 1 ]
[ 3 7680 1152 0 dmode 3 1 ]
[ 9 7552 1280 0 1 ]
[ 9 7680 1280 0 0 ]
[ 9 7424 1280 0 0 ]
[ 9 7424 1408 0 0 ]
[ 9 7424 1536 0 2 ]
[ 9 7552 1536 0 5 ]
[ 9 7680 1536 0 3 ]
[ 9 7680 1408 0 2 ]
[ 7 7552 1408 0 ]
[ 8 26880 16896 0 ]
[ 6 26880 16768 0 0 ]
[ 6 27008 16768 0 0 ]
[ 6 27008 16896 0 0 ]
[ 6 27008 17024 0 0 ]
[ 6 26880 17024 0 0 ]
[ 6 26752 17024 0 0 ]
[ 6 26752 16896 0 0 ]
[ 6 27136 17152 0 0 ]
[ 6 27008 17152 0 0 ]
[ 6 26880 17152 0 0 ]
[ 6 26752 17152 0 0 ]
[ 6 26624 17152 0 0 ]
[ 6 26624 17024 0 0 ]
[ 6 26624 16640 0 0 ]
[ 6 27264 16640 0 0 ]
[ 6 27264 16768 0 0 ]
[ 6 27264 16896 0 0 ]
[ 6 27264 17024 0 0 ]
[ 6 27264 17152 0 0 ]
[ 6 27264 17280 0 0 ]
[ 6 27136 17280 0 0 ]
[ 6 27008 17280 0 0 ]
[ 6 26880 17280 0 0 ]
[ 6 26752 17280 0 0 ]
[ 6 26624 17280 0 0 ]
[ 6 26496 17280 0 0 ]
[ 6 26368 17280 0 0 ]
[ 6 26368 17152 0 0 ]
[ 6 26368 17024 0 0 ]
[ 6 26368 16896 0 0 ]
[ 6 26368 16768 0 0 ]
[ 6 26496 16640 0 0 ]
[ 6 26496 16768 0 0 ]
[ 6 26496 17152 0 0 ]
[ 6 26496 17024 0 0 ]
[ 6 26496 16896 0 0 ]
[ 6 26624 16896 0 0 ]
[ 6 26624 16768 0 0 ]
[ 6 26752 16768 0 0 ]
[ 6 26752 16640 0 0 ]
[ 6 26880 16640 0 0 ]
[ 6 27008 16640 0 0 ]
[ 6 27136 16640 0 0 ]
[ 6 27136 16768 0 0 ]
[ 6 27136 16896 0 0 ]
[ 6 27136 17024 0 0 ]
[ 13 5760 896 0 0 ]
[ 13 5760 1024 0 0 ]
[ 13 5632 1024 0 0 ]
[ 13 5632 896 0 0 ]
[ 13 5760 767 0 0 ]
[ 13 5888 767 0 0 ]
[ 13 5888 896 0 0 ]
[ 42 5376 896 90 0 ]
[ 100 2816 896 637 ]
[ 100 4096 896 460 ]
[ 100 5120 896 460 ]
[ 100 5888 896 391 ]
[ 100 8448 384 778 ]
Electric
[ 37 5504 640 0 lmode 10 ]
[ 27 5376 640 540 ]
[ 27 5376 768 360 ]
[ 26 5248 768 0 ]
[ 26 5120 768 0 ]
[ 36 4864 640 360 lmode 0 ]
[ 25 4736 640 180 ]
[ 27 4992 640 990 ]
[ 27 4992 768 450 ]
[ 30 4736 1152 90 1 ]
[ 26 4736 1024 270 ]
[ 26 4864 896 360 ]
[ 26 4992 896 0 ]
[ 34 5248 1024 90 lmode 0 0 ]
[ 27 5248 896 630 ]
[ 31 5248 1152 450 0 ]
[ 27 4736 896 540 ]
[ 26 5120 896 0 ]
PLayer 2312.92 903.418