Does_not_exist
Map_basic
[ 14 128 1280 0 0 ]
[ 14 384 3584 0 2 ]
[ 14 512 1920 0 2 ]
[ 14 896 2816 0 0 ]
[ 14 1536 1152 0 0 ]
[ 1 1792 1664 90 5 ]
[ 1 1792 1792 180 0 ]
[ 1 1792 1920 90 4 ]
[ 1 1792 2048 270 1 ]
[ 1 1792 2176 90 1 ]
[ 1 1792 2304 0 2 ]
[ 1 1792 2432 90 2 ]
[ 1 1920 1664 90 2 ]
[ 1 1920 2048 90 3 ]
[ 1 1920 2432 90 0 ]
[ 1 2048 1664 270 5 ]
[ 1 2048 2048 0 3 ]
[ 1 2048 2432 90 0 ]
[ 1 2176 1792 0 4 ]
[ 1 2176 1920 90 3 ]
[ 1 2176 2176 90 2 ]
[ 1 2176 2304 270 0 ]
[ 14 2432 640 0 1 ]
[ 1 2560 1664 180 4 ]
[ 1 2560 1792 0 5 ]
[ 1 2560 1920 270 5 ]
[ 1 2560 2432 0 1 ]
[ 14 2560 3328 0 1 ]
[ 1 2688 1920 270 0 ]
[ 1 2688 2304 0 2 ]
[ 1 2816 1664 90 1 ]
[ 1 2816 1792 270 3 ]
[ 1 2816 1920 270 2 ]
[ 1 2816 2048 90 3 ]
[ 1 2816 2176 90 2 ]
[ 1 3328 1664 0 1 ]
[ 1 3456 1664 270 2 ]
[ 1 3584 1664 0 2 ]
[ 1 3584 1792 180 3 ]
[ 1 3584 1920 0 4 ]
[ 1 3584 2048 90 5 ]
[ 1 3584 2176 90 1 ]
[ 1 3584 2304 270 1 ]
[ 1 3584 2432 90 2 ]
[ 1 3712 1664 0 0 ]
[ 1 3840 1664 90 1 ]
[ 1 3840 2816 90 4 ]
[ 1 3840 3200 180 0 ]
[ 1 3840 3328 90 0 ]
[ 1 3840 3456 180 4 ]
[ 1 3840 3584 90 5 ]
[ 1 3968 2816 0 3 ]
[ 1 3968 3200 0 3 ]
[ 1 3968 3584 270 1 ]
[ 1 4096 1920 90 2 ]
[ 1 4096 2048 180 2 ]
[ 1 4096 2176 180 1 ]
[ 1 4096 2304 90 3 ]
[ 1 4096 2432 90 5 ]
[ 1 4096 2816 0 0 ]
[ 1 4096 3200 270 1 ]
[ 1 4096 3584 180 4 ]
[ 1 4224 1664 0 0 ]
[ 1 4224 1792 180 3 ]
[ 1 4224 2176 270 3 ]
[ 1 4224 2816 0 0 ]
[ 1 4224 2944 180 1 ]
[ 1 4224 3072 0 3 ]
[ 1 4224 3200 180 5 ]
[ 1 4224 3584 90 0 ]
[ 1 4352 1664 90 3 ]
[ 1 4352 2176 90 2 ]
[ 1 4480 1664 270 0 ]
[ 1 4480 1792 270 4 ]
[ 1 4480 2176 270 5 ]
[ 1 4480 2816 180 1 ]
[ 1 4480 3200 180 4 ]
[ 1 4480 3328 0 1 ]
[ 1 4480 3456 270 3 ]
[ 1 4480 3584 180 4 ]
[ 1 4608 1920 270 0 ]
[ 1 4608 2048 180 2 ]
[ 1 4608 2176 0 5 ]
[ 1 4608 2304 90 1 ]
[ 1 4608 2432 180 4 ]
[ 1 4608 2816 180 3 ]
[ 1 4608 3200 270 2 ]
[ 1 4608 3584 0 0 ]
[ 1 4736 2816 0 5 ]
[ 1 4736 3200 0 3 ]
[ 1 4736 3584 0 1 ]
[ 1 4864 1664 0 3 ]
[ 1 4864 1792 180 2 ]
[ 1 4864 1920 180 4 ]
[ 1 4864 2048 270 0 ]
[ 1 4864 2176 0 5 ]
[ 1 4864 2304 0 1 ]
[ 1 4864 2432 0 0 ]
[ 1 4864 2816 180 1 ]
[ 1 4864 2944 90 1 ]
[ 1 4864 3072 90 3 ]
[ 1 4864 3200 180 5 ]
[ 1 4864 3584 270 2 ]
[ 1 4992 1792 270 0 ]
[ 1 4992 1920 90 1 ]
[ 1 5120 2048 180 3 ]
[ 1 5120 2176 180 0 ]
[ 1 5120 2816 270 1 ]
[ 1 5120 2944 0 2 ]
[ 1 5120 3072 90 2 ]
[ 1 5120 3200 0 1 ]
[ 1 5120 3328 270 1 ]
[ 1 5120 3456 270 2 ]
[ 1 5120 3584 270 4 ]
[ 1 5248 2304 90 5 ]
[ 1 5248 2816 0 2 ]
[ 1 5248 3200 180 5 ]
[ 1 5248 3584 180 2 ]
[ 1 5376 1664 0 1 ]
[ 1 5376 1792 270 2 ]
[ 1 5376 1920 270 2 ]
[ 1 5376 2048 180 5 ]
[ 1 5376 2176 270 5 ]
[ 1 5376 2304 180 0 ]
[ 1 5376 2432 0 3 ]
[ 1 5376 2816 0 3 ]
[ 1 5376 3200 0 4 ]
[ 1 5376 3584 270 0 ]
[ 1 5504 2816 180 4 ]
[ 1 5504 2944 0 0 ]
[ 1 5504 3072 0 0 ]
[ 1 2048 2048 0 3 ]
[ 14 384 3584 0 2 ]
[ 14 896 2816 0 0 ]
[ 1 2176 1920 90 3 ]
[ 1 2816 2176 90 2 ]
[ 1 3840 1664 90 1 ]
[ 1 4096 2816 0 0 ]
[ 1 4480 2816 180 1 ]
[ 1 4736 3584 0 1 ]
[ 1 5120 2176 180 0 ]
[ 1 5376 2176 270 5 ]
[ 14 7552 768 0 0 ]
[ 1 5632 1664 0 2 ]
[ 1 5632 1792 0 4 ]
[ 1 5632 2176 0 4 ]
[ 1 5632 2304 0 3 ]
[ 1 5632 2432 0 1 ]
[ 1 5632 2048 0 1 ]
[ 1 5632 1920 0 3 ]
[ 1 5888 2176 0 2 ]
[ 1 5888 2304 0 0 ]
[ 1 6016 2432 0 3 ]
[ 1 5760 2048 0 0 ]
[ 1 5888 1791 0 3 ]
[ 1 5888 1920 0 4 ]
[ 1 6016 1664 0 0 ]
[ 1 -1920 128 0 0 ]
[ 1 -1536 128 0 1 ]
[ 1 -1408 128 0 0 ]
[ 1 -1664 256 0 5 ]
[ 1 -1664 384 0 5 ]
[ 1 -1664 512 0 0 ]
[ 1 -1664 640 0 4 ]
[ 1 -1664 128 0 2 ]
[ 1 -1792 128 0 1 ]
[ 1 -1152 128 0 4 ]
[ 1 -1152 256 0 4 ]
[ 1 -1152 384 0 3 ]
[ 1 -1152 512 0 1 ]
[ 1 -1024 384 0 0 ]
[ 1 -896 512 0 1 ]
[ 1 -896 640 0 3 ]
[ 1 -896 384 0 1 ]
[ 1 -1152 640 0 0 ]
[ 1 -640 384 0 1 ]
[ 1 -640 128 0 2 ]
[ 1 -640 256 0 2 ]
[ 1 -512 640 0 2 ]
[ 1 -640 512 0 4 ]
[ 1 -640 640 0 3 ]
[ 1 -512 384 0 2 ]
[ 1 -512 128 0 1 ]
[ 1 -384 128 0 4 ]
[ 1 -384 384 0 3 ]
[ 1 -384 640 0 0 ]
Movables
[ 91 121 2 ]
[ 53 256 2 ]
[ 128 384 2 ]
[ 128 512 2 ]
[ 128 640 2 ]
[ 256 128 2 ]
[ 256 384 2 ]
[ 256 640 2 ]
[ 384 128 2 ]
[ 384 384 2 ]
[ 384 640 2 ]
[ 640 128 2 ]
[ 640 256 2 ]
[ 640 384 2 ]
[ 640 512 2 ]
[ 640 640 2 ]
[ 768 128 2 ]
[ 896 128 2 ]
[ 896 256 2 ]
[ 896 384 2 ]
[ 896 512 2 ]
[ 896 640 2 ]
[ 1152 384 2 ]
[ 1152 512 2 ]
[ 1152 640 2 ]
[ 1280 384 2 ]
[ 1280 640 2 ]
[ 1408 128 2 ]
[ 1408 256 2 ]
[ 1408 384 2 ]
[ 1409 512 2 ]
[ 1408 640 2 ]
[ 2816 128 2 ]
[ 2944 128 2 ]
[ 2944 256 2 ]
[ 2944 384 2 ]
[ 2944 512 2 ]
[ 3072 128 2 ]
[ 3328 128 2 ]
[ 3328 256 2 ]
[ 3328 384 2 ]
[ 3328 512 2 ]
[ 3456 384 2 ]
[ 3456 896 2 ]
[ 3456 1024 2 ]
[ 3456 1152 2 ]
[ 3456 1280 2 ]
[ 3584 384 2 ]
[ 3584 512 2 ]
[ 3584 896 2 ]
[ 3584 1152 2 ]
[ 3712 896 2 ]
[ 3712 1024 2 ]
[ 3712 1152 2 ]
[ 3840 256 2 ]
[ 3840 384 2 ]
[ 3840 512 2 ]
[ 3968 128 2 ]
[ 3968 384 2 ]
[ 3968 896 2 ]
[ 3968 1024 2 ]
[ 3968 1152 2 ]
[ 3968 1280 2 ]
[ 4096 256 2 ]
[ 4096 384 2 ]
[ 4096 512 2 ]
[ 4224 1024 2 ]
[ 4224 1152 2 ]
[ 4224 1280 2 ]
[ 4352 128 2 ]
[ 4352 256 2 ]
[ 4352 384 2 ]
[ 4352 512 2 ]
[ 4352 896 2 ]
[ 4352 1152 2 ]
[ 4480 128 2 ]
[ 4480 1024 2 ]
[ 4480 1152 2 ]
[ 4480 1280 2 ]
[ 4608 128 2 ]
[ 4608 256 2 ]
[ 4608 384 2 ]
[ 4608 512 2 ]
[ 4736 896 2 ]
[ 4864 128 2 ]
[ 4864 256 2 ]
[ 4864 384 2 ]
[ 4864 512 2 ]
[ 4864 1024 2 ]
[ 4864 1152 2 ]
[ 4864 1280 2 ]
[ 4992 256 2 ]
[ 4992 384 2 ]
[ 4992 896 2 ]
[ 5120 128 2 ]
[ 5120 512 2 ]
[ 5248 896 2 ]
[ 5248 1152 2 ]
[ 5248 1280 2 ]
[ 5376 128 2 ]
[ 5376 256 2 ]
[ 5376 384 2 ]
[ 5376 640 2 ]
[ 5504 128 2 ]
[ 5504 384 2 ]
[ 5504 640 2 ]
[ 5504 896 2 ]
[ 5504 1024 2 ]
[ 5504 1152 2 ]
[ 5504 1280 2 ]
[ 5632 128 2 ]
[ 5632 384 2 ]
[ 5632 512 2 ]
[ 5632 640 2 ]
[ 5632 896 2 ]
[ 5760 896 2 ]
[ 5760 1024 2 ]
[ 5760 1152 2 ]
[ 5760 1280 2 ]
[ 6016 128 2 ]
[ 6016 256 2 ]
[ 6016 384 2 ]
[ 6016 512 2 ]
[ 6016 640 2 ]
[ 6016 896 2 ]
[ 6016 1024 2 ]
[ 6016 1152 2 ]
[ 6016 1280 2 ]
[ 6144 128 2 ]
[ 6144 384 2 ]
[ 6144 896 2 ]
[ 6144 1280 2 ]
[ 6272 128 2 ]
[ 6272 384 2 ]
[ 6272 896 2 ]
[ 6272 1152 2 ]
[ 6272 1280 2 ]
[ 6528 128 2 ]
[ 6528 256 2 ]
[ 6528 384 2 ]
[ 6528 512 2 ]
[ 6528 640 2 ]
[ 6656 128 2 ]
[ 6656 640 2 ]
[ 6784 128 2 ]
[ 6784 640 2 ]
[ 6912 128 2 ]
[ 6912 256 2 ]
[ 6912 384 2 ]
[ 6912 512 2 ]
[ 6912 640 2 ]
[ 7168 128 2 ]
[ 7168 256 2 ]
[ 7168 384 2 ]
[ 7168 512 2 ]
[ 7168 640 2 ]
[ 7296 128 2 ]
[ 7424 128 2 ]
Map_floor
Electric
PLayer 1336.95 562.816