Does_not_exist
Map_basic
[ 7 -384 640 0 0 ]
[ 7 -256 640 0 0 ]
[ 7 0 640 0 0 ]
[ 7 128 640 0 0 ]
[ 7 384 1408 0 0 ]
[ 7 512 640 0 0 ]
[ 7 512 1408 0 0 ]
[ 1 1664 640 0 4 ]
[ 7 1664 768 90 0 ]
[ 7 1664 896 90 0 ]
[ 1 1664 1024 270 5 ]
[ 7 1664 1152 90 0 ]
[ 7 1664 1280 90 0 ]
[ 1 1664 1408 270 1 ]
[ 7 -384 1408 0 0 ]
[ 7 -256 1408 0 0 ]
[ 7 0 1408 0 0 ]
[ 7 128 1408 0 0 ]
[ 7 384 640 0 0 ]
[ 7 768 640 0 0 ]
[ 7 896 640 0 0 ]
[ 7 1152 640 0 0 ]
[ 7 1408 1408 0 0 ]
[ 7 1536 640 0 0 ]
[ 7 1536 1408 0 0 ]
[ 7 768 1408 0 0 ]
[ 7 896 1408 0 0 ]
[ 7 1152 1408 0 0 ]
[ 7 1279 1408 0 0 ]
[ 7 1279 640 0 0 ]
[ 7 1408 640 0 0 ]
[ 1 -512 640 0 2 ]
[ 1 -512 1408 0 0 ]
[ 7 -512 1280 90 0 ]
[ 7 -512 1152 90 0 ]
[ 7 -512 896 90 0 ]
[ 7 -512 768 90 0 ]
[ 1 -129 640 90 5 ]
[ 1 256 1024 90 4 ]
[ 2 -384 768 90 dmode 0 0 ]
[ 2 -128 1408 90 dmode 2 0 ]
[ 1 640 640 90 2 ]
[ 1 640 1408 90 3 ]
[ 1 1024 1408 90 2 ]
[ 1 1024 640 90 5 ]
[ 2 256 640 270 dmode 3 0 ]
[ 2 -512 1024 270 dmode 1 0 ]
[ 1 1024 1024 270 5 ]
[ 7 1152 1024 360 0 ]
[ 7 1280 1024 0 0 ]
[ 7 1408 1024 0 0 ]
[ 7 1536 1024 0 0 ]
[ 3 256 1408 0 1 ]
[ 3 640 1024 0 1 ]
[ 3 -128 1024 0 1 ]
[ 3 1536 768 0 1 ]
[ 3 1536 1280 0 1 ]
Movables
Map_floor
[ 1 256 1024 270 0 ]
[ 1 896 896 180 0 ]
[ 1 896 1152 0 0 ]
[ 1 1408 768 270 0 ]
[ 1 1536 768 90 0 ]
[ 1 1536 896 180 0 ]
[ 1 1536 1024 90 0 ]
[ 1 1280 768 0 0 ]
[ 1 1280 896 270 0 ]
[ 1 768 768 0 0 ]
[ 1 896 768 180 0 ]
[ 1 1152 768 90 0 ]
[ 1 1152 896 0 0 ]
[ 1 640 1024 270 0 ]
[ 1 896 1280 90 0 ]
[ 1 768 1280 0 0 ]
[ 1 768 1152 90 0 ]
[ 1 896 1024 180 0 ]
[ 1 1023 1024 270 0 ]
[ 1 1152 1024 90 0 ]
[ 1 1280 1024 270 0 ]
[ 1 1408 1024 180 0 ]
[ 1 1408 896 0 0 ]
[ 1 768 896 270 0 ]
[ 1 768 1024 180 0 ]
[ 1 -128 1024 270 0 ]
[ 21 -384 896 90 0 ]
[ 21 -256 896 90 0 ]
[ 21 -256 768 90 0 ]
[ 21 -384 768 90 0 ]
[ 21 0 768 90 0 ]
[ 21 0 896 90 0 ]
[ 21 128 896 90 0 ]
[ 21 128 768 90 0 ]
[ 21 -256 1152 90 0 ]
[ 21 -384 1152 90 0 ]
[ 21 -384 1280 90 0 ]
[ 21 -256 1280 90 0 ]
[ 21 128 1280 90 0 ]
[ 21 128 1152 90 0 ]
[ 21 0 1152 90 0 ]
[ 21 0 1280 90 0 ]
[ 2 -129 768 90 dmode 0 0 ]
[ 2 -129 896 90 dmode 0 0 ]
[ 3 -256 1024 180 dmode 0 1 ]
[ 3 -384 1024 180 dmode 0 1 ]
[ 3 -128 1152 270 dmode 1 1 ]
[ 3 -128 1280 270 dmode 1 1 ]
[ 2 0 1024 360 dmode 2 0 ]
[ 2 128 1024 0 dmode 2 0 ]
[ 3 256 1152 90 dmode 1 1 ]
[ 3 256 1280 90 dmode 1 1 ]
[ 3 256 896 450 dmode 2 1 ]
[ 3 256 768 90 dmode 2 1 ]
[ 3 384 1024 180 dmode 0 1 ]
[ 3 512 1024 180 dmode 0 1 ]
[ 2 640 896 270 dmode 3 0 ]
[ 2 640 768 270 dmode 3 0 ]
[ 3 640 1152 270 dmode 3 1 ]
[ 3 640 1280 270 dmode 3 1 ]
[ 2 1024 768 90 dmode 3 0 ]
[ 2 1024 896 90 dmode 3 0 ]
[ 3 1024 1152 90 dmode 3 1 ]
[ 3 1024 1280 90 dmode 3 1 ]
[ 6 1152 1152 90 0 ]
[ 6 1280 1152 90 0 ]
[ 6 1536 1280 90 0 ]
[ 6 1152 1280 90 0 ]
[ 6 1280 1280 90 0 ]
[ 6 1408 1280 90 0 ]
[ 6 1408 1152 90 0 ]
[ 6 1536 1152 90 0 ]
[ 21 512 768 90 0 ]
[ 21 384 896 90 0 ]
[ 21 512 896 90 0 ]
[ 21 384 768 90 0 ]
[ 21 384 1152 90 0 ]
[ 21 512 1152 90 0 ]
[ 21 512 1280 90 0 ]
[ 21 384 1280 90 0 ]
[ 100 384 1024 1831 ]
[ 100 1024 1024 540 ]
[ 100 -128 1024 1831 ]
[ 100 1024 1023 360 ]
[ 100 1024 1024 360 ]
[ 100 1152 1024 540 ]
[ 100 1152 1024 540 ]
Electric
PLayer -259.879 891.353