Does_not_exist
Map_basic
[ 1 1280 1536 90 4 ]
[ 7 1280 1664 90 0 ]
[ 3 1280 1792 0 1 ]
[ 7 1280 1920 90 0 ]
[ 1 1280 2048 180 2 ]
[ 7 1280 2176 90 0 ]
[ 7 1408 1536 0 0 ]
[ 2 1536 1536 0 dmode 0 0 ]
[ 7 1664 1536 0 0 ]
[ 1 1792 1536 0 3 ]
[ 1 1792 2048 270 5 ]
[ 7 1920 1536 0 0 ]
[ 7 1920 2048 0 0 ]
[ 7 2048 1536 0 0 ]
[ 7 2048 2048 0 0 ]
[ 7 2176 1536 0 0 ]
[ 7 2176 2048 0 0 ]
[ 1 2304 2048 90 3 ]
[ 7 1280 2304 90 0 ]
[ 7 1280 2432 90 0 ]
[ 1 2816 1536 90 4 ]
[ 7 1408 2560 180 0 ]
[ 7 1664 2560 180 0 ]
[ 7 1792 2560 180 0 ]
[ 7 1920 2560 180 0 ]
[ 7 2048 2560 180 0 ]
[ 7 2176 2560 180 0 ]
[ 7 2432 2560 180 0 ]
[ 7 2560 2560 180 0 ]
[ 7 2688 2560 180 0 ]
[ 7 2816 1664 270 0 ]
[ 7 2816 1792 270 0 ]
[ 7 2816 1920 270 0 ]
[ 7 2816 2176 270 0 ]
[ 7 2816 2304 270 0 ]
[ 7 2816 2432 270 0 ]
[ 7 2816 1408 270 0 ]
[ 7 2816 1152 270 0 ]
[ 7 2688 1024 360 0 ]
[ 7 2560 1024 0 0 ]
[ 7 2432 1024 0 0 ]
[ 7 2304 1024 0 0 ]
[ 7 2176 1024 0 0 ]
[ 7 2048 1024 0 0 ]
[ 7 1920 1024 0 0 ]
[ 7 1536 1024 0 0 ]
[ 7 1664 1024 0 0 ]
[ 7 1408 1024 0 0 ]
[ 7 768 1152 270 0 ]
[ 7 768 1408 270 0 ]
[ 7 768 1664 270 0 ]
[ 7 768 1792 270 0 ]
[ 7 768 1920 270 0 ]
[ 7 768 2176 270 0 ]
[ 7 768 2304 270 0 ]
[ 7 768 2432 270 0 ]
[ 7 768 2688 270 0 ]
[ 7 768 2944 270 0 ]
[ 7 896 3072 360 0 ]
[ 7 1152 3072 0 0 ]
[ 7 1280 3072 0 0 ]
[ 7 1408 3072 0 0 ]
[ 7 1536 3072 0 0 ]
[ 7 1664 3072 0 0 ]
[ 7 1792 3072 0 0 ]
[ 7 1920 3072 0 0 ]
[ 7 2048 3072 0 0 ]
[ 7 2176 3072 0 0 ]
[ 7 2432 3072 0 0 ]
[ 7 2559 3072 0 0 ]
[ 7 2688 3072 0 0 ]
[ 7 2816 3072 0 0 ]
[ 7 2944 3072 0 0 ]
[ 7 3200 3072 0 0 ]
[ 7 3328 2944 90 0 ]
[ 7 3328 2688 90 0 ]
[ 7 3328 2432 90 0 ]
[ 7 3328 2304 90 0 ]
[ 7 3328 2176 90 0 ]
[ 7 3328 1920 90 0 ]
[ 7 3328 1792 90 0 ]
[ 7 3328 1664 90 0 ]
[ 7 3328 1408 450 0 ]
[ 1 2816 1024 90 5 ]
[ 1 3328 1024 90 1 ]
[ 1 3328 1536 90 0 ]
[ 1 768 1024 90 4 ]
[ 1 768 3072 90 1 ]
[ 1 3328 3072 90 4 ]
[ 23 2944 1024 180 0 ]
[ 23 3072 1024 180 0 ]
[ 23 3200 1024 180 0 ]
[ 1 2816 2048 180 4 ]
[ 3 2304 2560 0 1 ]
[ 3 2304 1536 0 1 ]
[ 3 1792 1024 0 1 ]
[ 28 768 1280 270 barmode 1 ]
[ 29 2816 1280 0 0 ]
[ 1 768 1536 0 4 ]
[ 6 1152 2048 0 1 ]
[ 6 1024 2048 0 1 ]
[ 6 896 2048 0 1 ]
[ 1 768 2048 0 5 ]
[ 1 768 2560 0 1 ]
[ 17 1024 2304 0 0 ]
[ 17 1024 2432 0 0 ]
[ 17 1024 2560 0 0 ]
[ 17 896 2560 0 0 ]
[ 17 1280 2816 0 0 ]
[ 17 1536 2944 0 0 ]
[ 17 1536 2816 0 0 ]
[ 3 1280 2560 0 1 ]
[ 17 1280 2688 0 0 ]
[ 27 2304 3072 270 dmode 4 1 ]
[ 7 1536 2560 180 0 ]
[ 1 1024 2816 180 1 ]
[ 1 768 2816 180 2 ]
[ 1 1024 3072 180 3 ]
[ 7 896 2816 180 0 ]
[ 6 896 2944 0 0 ]
[ 1 3072 3072 180 1 ]
[ 1 3328 2816 180 3 ]
[ 7 3200 2816 180 0 ]
[ 6 3200 2944 0 0 ]
[ 1 3328 2560 0 0 ]
[ 1 3328 2048 270 3 ]
[ 14 3200 1152 0 0 ]
[ 7 3328 1152 90 0 ]
[ 3 3328 1280 0 1 ]
[ 18 2560 2304 0 1 ]
[ 7 1280 1024 360 0 ]
[ 28 1152 1024 0 barmode 2 ]
[ 29 1024 1024 0 0 ]
[ 7 896 1024 0 0 ]
[ 26 3072 2816 90 dmode 4 0 ]
[ 27 2816 2560 360 dmode 4 1 ]
[ 18 2688 1152 0 1 ]
[ 31 1536 1792 90 0 ]
[ 31 2944 1536 90 1 ]
[ 31 3200 1536 90 1 ]
[ 31 3072 1536 0 1 ]
Movables
[ 2048 1792 3 ]
Map_floor
[ 21 1408 1664 0 0 ]
[ 21 1408 1792 0 0 ]
[ 21 1408 1920 0 0 ]
[ 3 1408 2048 0 dmode 1 1 ]
[ 21 1536 1664 0 0 ]
[ 17 1536 1792 0 dmode 1 0 ]
[ 21 1536 1920 0 0 ]
[ 3 1536 2048 0 dmode 1 1 ]
[ 21 1664 1664 0 0 ]
[ 21 1664 1792 0 0 ]
[ 21 1664 1920 0 0 ]
[ 3 1664 2048 0 dmode 1 1 ]
[ 3 1792 1664 90 dmode 0 1 ]
[ 3 1792 1792 90 dmode 0 1 ]
[ 3 1792 1920 90 dmode 0 1 ]
[ 1 1920 1664 270 0 ]
[ 1 1920 1792 270 0 ]
[ 1 1920 1920 180 0 ]
[ 1 2048 1664 180 0 ]
[ 1 2048 1792 180 0 ]
[ 1 2048 1920 90 0 ]
[ 1 2176 1664 90 0 ]
[ 1 2176 1792 0 0 ]
[ 1 2176 1920 90 0 ]
[ 21 1408 2176 180 0 ]
[ 21 1536 2176 180 0 ]
[ 21 1664 2176 180 0 ]
[ 21 1408 2304 180 0 ]
[ 21 1408 2432 180 0 ]
[ 21 1536 2432 180 0 ]
[ 21 1664 2432 180 0 ]
[ 21 1792 2432 180 0 ]
[ 21 1920 2432 180 0 ]
[ 21 2048 2432 180 0 ]
[ 21 2176 2432 180 0 ]
[ 21 2304 2432 180 0 ]
[ 21 2432 2432 180 0 ]
[ 21 2688 2176 180 0 ]
[ 21 2560 2176 180 0 ]
[ 21 2432 2176 180 0 ]
[ 21 1792 2176 180 0 ]
[ 21 1920 2176 180 0 ]
[ 21 2048 2176 180 0 ]
[ 21 2176 2176 180 0 ]
[ 21 2304 2176 180 0 ]
[ 21 2688 2304 180 0 ]
[ 21 2688 2432 180 0 ]
[ 21 2560 2432 180 0 ]
[ 21 2304 2304 180 0 ]
[ 21 2176 2304 180 0 ]
[ 21 2048 2304 180 0 ]
[ 21 1920 2304 180 0 ]
[ 21 1792 2304 180 0 ]
[ 3 2304 1664 270 dmode 2 1 ]
[ 3 2304 1792 270 dmode 2 1 ]
[ 3 2304 1920 270 dmode 2 1 ]
[ 17 1536 2304 270 dmode 2 0 ]
[ 2 2432 2048 360 dmode 1 0 ]
[ 2 2560 2048 0 dmode 1 0 ]
[ 2 2688 2048 0 dmode 1 0 ]
[ 21 2432 1920 0 0 ]
[ 21 2432 1792 0 0 ]
[ 21 2432 1664 0 0 ]
[ 21 2432 1536 0 0 ]
[ 21 2176 1408 0 0 ]
[ 21 2432 1280 0 0 ]
[ 21 2560 1280 0 0 ]
[ 21 2560 1408 0 0 ]
[ 21 2688 1792 0 0 ]
[ 21 2688 1920 0 0 ]
[ 21 2560 1920 0 0 ]
[ 21 2560 1792 0 0 ]
[ 21 2688 1536 0 0 ]
[ 21 2688 1408 0 0 ]
[ 21 2688 1280 0 0 ]
[ 21 2560 1152 0 0 ]
[ 21 2432 1152 0 0 ]
[ 21 2304 1152 0 0 ]
[ 21 2176 1152 0 0 ]
[ 21 1920 1152 0 0 ]
[ 21 2048 1152 0 0 ]
[ 21 2048 1408 0 0 ]
[ 21 1920 1408 0 0 ]
[ 21 1920 1280 0 0 ]
[ 21 2048 1280 0 0 ]
[ 21 2176 1280 0 0 ]
[ 21 2304 1280 0 0 ]
[ 21 2304 1408 0 0 ]
[ 21 2432 1408 0 0 ]
[ 21 2560 1536 0 0 ]
[ 21 2560 1664 0 0 ]
[ 21 2688 1664 0 0 ]
[ 38 1792 1152 270 barmode 1 0 ]
[ 38 1792 1280 450 barmode 1 0 ]
[ 38 1792 1408 270 barmode 1 0 ]
[ 1 1664 1152 90 0 ]
[ 1 1536 1152 0 0 ]
[ 1 1408 1152 180 0 ]
[ 1 1280 1152 90 0 ]
[ 1 1152 1152 270 0 ]
[ 1 1024 1152 0 0 ]
[ 1 896 1152 90 0 ]
[ 1 896 1280 90 0 ]
[ 1 896 1408 90 0 ]
[ 1 1024 1280 180 0 ]
[ 1 1280 1408 90 0 ]
[ 1 1536 1280 180 0 ]
[ 1 1664 1280 0 0 ]
[ 1 1664 1408 90 0 ]
[ 1 1536 1408 270 0 ]
[ 1 1408 1408 180 0 ]
[ 1 1408 1280 270 0 ]
[ 1 1280 1280 0 0 ]
[ 1 1152 1280 180 0 ]
[ 1 1152 1408 0 0 ]
[ 1 1152 1664 270 0 ]
[ 1 1024 1408 90 0 ]
[ 1 896 1664 180 0 ]
[ 1 896 1792 0 0 ]
[ 1 896 1920 180 0 ]
[ 1 896 2048 90 0 ]
[ 1 896 2176 180 0 ]
[ 1 896 2304 180 0 ]
[ 1 896 2432 90 0 ]
[ 1 896 2560 270 0 ]
[ 1 896 2688 180 0 ]
[ 1 1152 2944 0 0 ]
[ 1 1152 2816 270 0 ]
[ 1 1152 2560 90 0 ]
[ 1 1152 2432 270 0 ]
[ 1 1152 2304 180 0 ]
[ 1 1152 2176 90 0 ]
[ 1 1152 1792 90 0 ]
[ 1 1024 1920 90 0 ]
[ 1 896 2816 180 0 ]
[ 1 1024 2816 90 0 ]
[ 1 1024 2688 180 0 ]
[ 1 1024 2560 270 0 ]
[ 1 1024 2432 90 0 ]
[ 1 1024 2304 270 0 ]
[ 1 1024 2176 90 0 ]
[ 1 1024 2048 270 0 ]
[ 1 1152 2048 0 0 ]
[ 1 1152 1920 270 0 ]
[ 1 1024 1792 0 0 ]
[ 1 1024 1664 180 0 ]
[ 1 1152 2688 90 0 ]
[ 1 1280 2688 0 0 ]
[ 1 1408 2688 180 0 ]
[ 1 1536 2688 0 0 ]
[ 1 1664 2688 180 0 ]
[ 1 1791 2688 90 0 ]
[ 1 1920 2688 0 0 ]
[ 1 2048 2688 90 0 ]
[ 1 2176 2688 270 0 ]
[ 1 2432 2688 90 0 ]
[ 1 2560 2688 270 0 ]
[ 1 2688 2688 90 0 ]
[ 1 2816 2688 90 0 ]
[ 1 3072 2688 180 0 ]
[ 1 3072 2816 90 0 ]
[ 1 2944 2816 270 0 ]
[ 1 2816 2816 0 0 ]
[ 1 2688 2816 270 0 ]
[ 1 2560 2816 180 0 ]
[ 1 2432 2816 0 0 ]
[ 1 2176 2816 0 0 ]
[ 1 2048 2816 180 0 ]
[ 1 1920 2816 90 0 ]
[ 1 1791 2816 0 0 ]
[ 1 1664 2816 270 0 ]
[ 1 1536 2816 90 0 ]
[ 1 1280 2816 0 0 ]
[ 1 1408 2816 0 0 ]
[ 1 1408 2944 0 0 ]
[ 1 1536 2944 180 0 ]
[ 1 1664 2944 0 0 ]
[ 1 1791 2944 180 0 ]
[ 1 1920 2944 90 0 ]
[ 1 2048 2944 0 0 ]
[ 1 2176 2944 90 0 ]
[ 1 2432 2944 180 0 ]
[ 1 2560 2944 180 0 ]
[ 1 2688 2944 270 0 ]
[ 1 2816 2944 90 0 ]
[ 1 2944 2944 90 0 ]
[ 1 1280 2944 180 0 ]
[ 1 3200 2816 180 0 ]
[ 1 3200 2688 270 0 ]
[ 1 3200 2432 180 0 ]
[ 1 3072 1792 180 0 ]
[ 1 3072 1664 180 0 ]
[ 1 2944 1664 270 0 ]
[ 1 2944 1792 90 0 ]
[ 1 2944 1920 0 0 ]
[ 1 2944 2048 180 0 ]
[ 1 2944 2176 90 0 ]
[ 1 2944 2304 0 0 ]
[ 1 2944 2432 0 0 ]
[ 1 2944 2688 270 0 ]
[ 1 3200 1920 0 0 ]
[ 1 3200 1792 0 0 ]
[ 1 3200 1664 90 0 ]
[ 1 3072 1920 270 0 ]
[ 1 3072 2048 90 0 ]
[ 1 3072 2176 90 0 ]
[ 1 3072 2304 270 0 ]
[ 1 3072 2432 270 0 ]
[ 1 3200 2304 0 0 ]
[ 1 3200 2176 180 0 ]
[ 1 3200 2048 0 0 ]
[ 39 896 1536 270 barmode 2 1 ]
[ 39 1024 1536 270 barmode 2 1 ]
[ 39 1152 1536 270 barmode 2 1 ]
[ 2 2304 2688 90 dmode 4 0 ]
[ 2 2304 2944 90 dmode 4 0 ]
[ 2 2304 2816 90 dmode 4 0 ]
[ 18 1024 2944 450 7 ]
[ 43 896 2944 360 0 ]
[ 43 3200 2944 180 0 ]
[ 18 3072 2944 270 7 ]
[ 3 2944 2560 0 dmode 4 1 ]
[ 3 3072 2560 0 dmode 4 1 ]
[ 3 3200 2560 0 dmode 4 1 ]
[ 6 2944 1152 0 0 ]
[ 6 3072 1152 0 0 ]
[ 6 3200 1152 0 0 ]
[ 6 3200 1280 0 0 ]
[ 6 3200 1408 0 0 ]
[ 6 2944 1280 0 0 ]
[ 6 2944 1408 0 0 ]
[ 6 3072 1408 0 0 ]
[ 6 3072 1280 0 0 ]
[ 10 2944 1536 270 0 ]
[ 10 3072 1536 270 0 ]
[ 10 3200 1536 270 0 ]
[ 19 2560 2304 180 0 ]
[ 21 1664 2304 180 0 ]
[ 21 2432 2304 180 0 ]
[ 19 2688 1152 450 0 ]
[ 100 2912 2784 225 ]
[ 100 1024 2816 225 ]
[ 100 3072 2304 225 ]
[ 100 3072 1792 225 ]
[ 100 3072 1280 225 ]
[ 100 1792 1792 298 ]
Electric
PLayer 1688.19 1757.83