Does_not_exist
Map_basic
[ 1 1152 640 180 1 ]
[ 7 1152 768 90 0 ]
[ 7 1152 896 90 0 ]
[ 7 1152 1024 90 0 ]
[ 1 1152 1152 0 5 ]
[ 7 1152 1280 90 0 ]
[ 7 1152 1408 90 0 ]
[ 1 1152 1664 180 1 ]
[ 7 1280 640 0 0 ]
[ 7 1280 1664 0 0 ]
[ 7 1408 640 0 0 ]
[ 7 1408 1664 0 0 ]
[ 7 1536 640 0 0 ]
[ 7 1536 1664 0 0 ]
[ 1 2176 640 0 3 ]
[ 1 2176 1664 180 2 ]
[ 7 2304 640 0 0 ]
[ 7 2304 1664 0 0 ]
[ 7 2432 1664 0 0 ]
[ 7 2560 640 0 0 ]
[ 7 2560 1664 0 0 ]
[ 1 2688 640 270 3 ]
[ 1 2688 1664 180 0 ]
[ 7 2816 1664 0 0 ]
[ 7 2944 1664 0 0 ]
[ 7 3072 1664 0 0 ]
[ 1 3200 640 90 0 ]
[ 7 3200 768 90 0 ]
[ 7 3200 896 90 0 ]
[ 7 3200 1024 90 0 ]
[ 1 3200 1152 0 3 ]
[ 7 3200 1280 270 0 ]
[ 7 3200 1536 270 0 ]
[ 1 3200 1664 90 2 ]
[ 1 1152 2176 0 0 ]
[ 1 3200 2176 0 4 ]
[ 7 1152 1792 90 0 ]
[ 7 1152 1920 90 0 ]
[ 7 1152 2048 90 0 ]
[ 7 3200 1792 90 0 ]
[ 7 3200 2048 90 0 ]
[ 7 1280 2176 180 0 ]
[ 7 1408 2176 180 0 ]
[ 7 1536 2176 180 0 ]
[ 7 1792 2176 180 0 ]
[ 7 1920 2176 180 0 ]
[ 7 2048 2176 180 0 ]
[ 7 2304 2176 180 0 ]
[ 7 2560 2176 180 0 ]
[ 7 2816 2176 180 0 ]
[ 7 2944 2176 180 0 ]
[ 7 3072 2176 180 0 ]
[ 1 2688 2176 180 2 ]
[ 1 2176 2176 180 3 ]
[ 1 1664 2176 180 0 ]
[ 1 2176 1152 180 4 ]
[ 7 2176 768 270 0 ]
[ 7 2176 896 270 0 ]
[ 7 2176 1024 270 0 ]
[ 7 2688 768 270 0 ]
[ 7 2688 896 270 0 ]
[ 7 2688 1024 270 0 ]
[ 1 2688 1152 270 0 ]
[ 1 1664 1152 270 4 ]
[ 7 1280 1152 360 0 ]
[ 7 1408 1152 0 0 ]
[ 7 1536 1152 0 0 ]
[ 7 1152 1536 90 0 ]
[ 2 1664 1664 0 dmode 0 0 ]
[ 3 2432 640 0 1 ]
[ 3 1664 640 0 1 ]
[ 3 2432 2176 0 1 ]
[ 3 3200 1408 0 1 ]
[ 2 3200 1920 0 dmode 4 0 ]
[ 1 1152 128 0 4 ]
[ 1 1664 128 0 5 ]
[ 1 3200 128 0 4 ]
[ 1 2944 384 0 4 ]
[ 1 2944 128 0 3 ]
[ 1 3200 384 0 2 ]
[ 7 3072 128 180 0 ]
[ 7 3200 256 270 0 ]
[ 7 3200 512 270 0 ]
[ 7 2816 128 360 0 ]
[ 7 1792 128 0 0 ]
[ 7 1920 128 0 0 ]
[ 7 2048 128 0 0 ]
[ 7 2176 128 0 0 ]
[ 7 2304 128 0 0 ]
[ 7 2432 128 0 0 ]
[ 7 2560 128 0 0 ]
[ 7 2688 128 0 0 ]
[ 7 1280 128 0 0 ]
[ 7 1536 128 0 0 ]
[ 7 1152 256 90 0 ]
[ 7 1152 512 90 0 ]
[ 3 1152 384 0 1 ]
[ 7 1408 128 360 0 ]
[ 6 3072 1792 0 1 ]
[ 7 2816 1152 0 1 ]
[ 7 3072 1152 180 1 ]
[ 31 3072 256 90 0 ]
Movables
[ 1408 1408 3 ]
[ 1408 1920 2 ]
[ 1968 384 0 ]
Map_floor
[ 10 1664 1280 180 0 ]
[ 10 1664 1408 180 0 ]
[ 10 1664 1536 180 0 ]
[ 22 1536 1536 0 0 ]
[ 22 1408 1536 0 0 ]
[ 22 1280 1536 0 0 ]
[ 22 1280 1280 0 0 ]
[ 22 1408 1280 0 0 ]
[ 22 1536 1280 0 0 ]
[ 44 1408 1408 0 4 ]
[ 2 1664 1792 90 dmode 1 0 ]
[ 2 1664 1920 90 dmode 1 0 ]
[ 2 1664 2048 90 dmode 1 0 ]
[ 3 2176 1792 90 dmode 1 1 ]
[ 3 2176 1920 90 dmode 1 1 ]
[ 3 2176 2048 90 dmode 1 1 ]
[ 3 2688 1792 90 dmode 2 1 ]
[ 3 2688 1920 90 dmode 2 1 ]
[ 3 2688 2048 90 dmode 2 1 ]
[ 22 1536 1408 0 0 ]
[ 22 1280 1408 0 0 ]
[ 3 1792 1152 0 dmode 0 1 ]
[ 3 1920 1152 0 dmode 0 1 ]
[ 3 2048 1152 0 dmode 0 1 ]
[ 17 1408 896 0 dmode 2 0 ]
[ 17 1920 896 0 dmode 1 0 ]
[ 2 2304 1152 0 dmode 3 0 ]
[ 2 2432 1152 0 dmode 3 0 ]
[ 2 2560 1152 0 dmode 3 0 ]
[ 17 1408 1920 0 dmode 3 0 ]
[ 1 1280 2048 270 0 ]
[ 1 1408 2048 270 0 ]
[ 1 1536 2048 90 0 ]
[ 1 1536 1920 270 0 ]
[ 1 1536 1792 90 0 ]
[ 1 1408 1792 0 0 ]
[ 1 1280 1792 0 0 ]
[ 1 1280 1920 90 0 ]
[ 3 2816 640 0 dmode 4 1 ]
[ 3 2944 640 0 dmode 4 1 ]
[ 3 3072 640 0 dmode 4 1 ]
[ 3 1792 640 0 dmode 5 1 ]
[ 3 1920 640 0 dmode 5 1 ]
[ 3 2048 640 0 dmode 5 1 ]
[ 3 1664 512 90 dmode 6 1 ]
[ 17 1408 384 90 dmode 7 0 ]
[ 17 2432 384 0 dmode 5 0 ]
[ 3 3072 384 0 dmode 7 1 ]
[ 3 2944 256 90 dmode 7 1 ]
[ 6 3072 256 90 0 ]
[ 21 1792 1280 0 0 ]
[ 21 1792 1408 0 0 ]
[ 21 1792 1536 0 0 ]
[ 21 1792 1664 0 0 ]
[ 21 1792 1792 0 0 ]
[ 21 1792 2048 0 0 ]
[ 21 1920 2048 0 0 ]
[ 21 2048 2048 0 0 ]
[ 21 2048 1920 0 0 ]
[ 21 1920 1536 0 0 ]
[ 21 1920 1408 0 0 ]
[ 21 1920 1280 0 0 ]
[ 21 2048 1280 0 0 ]
[ 21 2688 1280 0 0 ]
[ 21 2944 1280 0 0 ]
[ 21 3072 1280 0 0 ]
[ 21 3072 1408 0 0 ]
[ 21 3072 1536 0 0 ]
[ 21 2944 1536 0 0 ]
[ 21 2816 1536 0 0 ]
[ 21 2688 1536 0 0 ]
[ 21 2560 1536 0 0 ]
[ 21 2432 1536 0 0 ]
[ 21 2304 1536 0 0 ]
[ 21 2176 1536 0 0 ]
[ 21 1920 1664 0 0 ]
[ 21 1920 1792 0 0 ]
[ 21 1792 1920 0 0 ]
[ 21 1920 1920 0 0 ]
[ 21 2048 1792 0 0 ]
[ 21 2048 1664 0 0 ]
[ 21 2048 1536 0 0 ]
[ 21 2048 1408 0 0 ]
[ 21 2176 1280 0 0 ]
[ 21 2304 1280 0 0 ]
[ 21 2432 1280 0 0 ]
[ 21 2560 1280 0 0 ]
[ 21 2944 1408 0 0 ]
[ 21 2816 1408 0 0 ]
[ 21 2688 1408 0 0 ]
[ 21 2560 1408 0 0 ]
[ 21 2432 1408 0 0 ]
[ 21 2304 1408 0 0 ]
[ 21 2176 1408 0 0 ]
[ 21 2816 1280 0 0 ]
[ 21 2816 1024 0 0 ]
[ 21 2816 896 0 0 ]
[ 21 2816 768 0 0 ]
[ 21 2944 768 0 0 ]
[ 21 3072 768 0 0 ]
[ 21 3072 896 0 0 ]
[ 21 3072 1024 0 0 ]
[ 21 2944 1024 0 0 ]
[ 21 2944 896 0 0 ]
[ 21 2816 256 0 0 ]
[ 21 2688 256 0 0 ]
[ 21 2560 256 0 0 ]
[ 21 2432 256 0 0 ]
[ 21 2304 256 0 0 ]
[ 21 2176 256 0 0 ]
[ 21 2048 256 0 0 ]
[ 21 1920 256 0 0 ]
[ 21 1792 256 0 0 ]
[ 21 2176 512 0 0 ]
[ 21 1792 512 0 0 ]
[ 21 1920 512 0 0 ]
[ 21 2048 512 0 0 ]
[ 21 2304 384 0 0 ]
[ 21 2304 512 0 0 ]
[ 21 2432 512 0 0 ]
[ 21 2560 512 0 0 ]
[ 21 2688 512 0 0 ]
[ 21 2560 384 0 0 ]
[ 21 2688 384 0 0 ]
[ 21 2816 384 0 0 ]
[ 21 2816 512 0 0 ]
[ 21 2944 512 0 0 ]
[ 21 3072 512 0 0 ]
[ 3 1664 384 90 dmode 6 1 ]
[ 3 1664 256 90 dmode 6 1 ]
[ 1 2432 896 90 0 ]
[ 1 2432 1024 0 0 ]
[ 1 2304 1024 0 0 ]
[ 1 2304 896 270 0 ]
[ 1 2304 768 270 0 ]
[ 1 2432 768 90 0 ]
[ 1 2560 768 90 0 ]
[ 1 2560 896 90 0 ]
[ 1 2560 1024 90 0 ]
[ 1 1280 768 180 0 ]
[ 1 1408 768 180 0 ]
[ 1 1536 768 180 0 ]
[ 1 1664 768 270 0 ]
[ 1 1792 768 180 0 ]
[ 1 1920 768 0 0 ]
[ 1 2048 768 0 0 ]
[ 1 2048 896 270 0 ]
[ 1 2048 1024 90 0 ]
[ 1 1920 1024 180 0 ]
[ 1 1792 1024 180 0 ]
[ 1 1664 1024 90 0 ]
[ 1 1536 1024 0 0 ]
[ 1 1408 1024 270 0 ]
[ 1 1280 1024 180 0 ]
[ 1 1280 896 270 0 ]
[ 1 1792 896 270 0 ]
[ 1 1664 896 90 0 ]
[ 1 1536 896 90 0 ]
[ 1 2304 1792 90 0 ]
[ 1 2432 1792 180 0 ]
[ 1 2560 1792 90 0 ]
[ 1 2560 1920 270 0 ]
[ 1 2432 1920 180 0 ]
[ 1 2304 1920 270 0 ]
[ 1 2304 2048 0 0 ]
[ 1 2432 2048 0 0 ]
[ 1 2560 2048 90 0 ]
[ 1 2816 1920 0 0 ]
[ 1 2816 1792 180 0 ]
[ 1 2944 1792 90 0 ]
[ 1 3072 1792 0 0 ]
[ 1 3072 1920 90 0 ]
[ 1 3072 2048 270 0 ]
[ 1 2944 2048 0 0 ]
[ 1 2944 1920 90 0 ]
[ 1 2816 2048 90 0 ]
[ 18 2816 1152 360 6 ]
[ 18 2944 1152 0 6 ]
[ 18 3072 1152 0 6 ]
[ 19 1408 512 270 0 ]
[ 19 1280 384 360 0 ]
[ 19 1408 256 90 0 ]
[ 19 1536 384 180 0 ]
[ 22 1536 512 180 0 ]
[ 22 1536 256 180 0 ]
[ 22 1280 256 180 0 ]
[ 22 1280 512 180 0 ]
[ 21 1792 384 180 0 ]
[ 21 2048 384 90 0 ]
[ 21 1920 384 90 0 ]
[ 21 2176 384 90 0 ]
[ 17 1968 384 90 dmode 6 0 ]
[ 100 1920 1664 582 ]
[ 100 2688 1664 593 ]
[ 100 1920 640 593 ]
[ 100 2688 640 593 ]
Electric
PLayer 2039.87 1405.9