Does_not_exist
Map_basic
[ 1 1280 1792 180 1 ]
[ 1 1536 1792 180 0 ]
[ 1 1280 2048 180 3 ]
[ 1 1536 2048 180 1 ]
[ 1 1792 2048 180 2 ]
[ 1 2048 1792 180 4 ]
[ 1 2304 1792 180 4 ]
[ 1 2304 2048 180 2 ]
[ 1 2560 2048 180 0 ]
[ 1 2816 1792 180 2 ]
[ 1 2816 2048 180 4 ]
[ 1 3072 1792 180 0 ]
[ 1 3328 1792 180 2 ]
[ 1 3328 2048 180 3 ]
[ 1 1280 2304 180 2 ]
[ 1 1536 2304 180 5 ]
[ 1 1792 2304 180 3 ]
[ 1 2048 2304 180 2 ]
[ 1 2304 2304 180 3 ]
[ 1 2816 2304 180 0 ]
[ 1 3072 2304 180 2 ]
[ 7 1280 1920 270 0 ]
[ 7 1280 2176 270 0 ]
[ 7 3328 1920 270 0 ]
[ 1 1280 1024 180 1 ]
[ 1 1536 1024 180 0 ]
[ 1 1280 1280 180 3 ]
[ 1 1792 1280 180 2 ]
[ 1 1792 1024 180 2 ]
[ 1 2048 1024 180 4 ]
[ 1 2048 1280 180 1 ]
[ 1 2304 1280 180 2 ]
[ 1 2560 1280 180 0 ]
[ 1 3072 1280 180 5 ]
[ 1 3328 1024 180 2 ]
[ 1 3328 1280 180 3 ]
[ 1 1280 1536 180 2 ]
[ 1 1536 1536 180 5 ]
[ 1 1792 1536 180 3 ]
[ 1 2048 1536 180 2 ]
[ 1 2304 1536 180 3 ]
[ 1 2560 1536 180 1 ]
[ 1 2816 1536 180 0 ]
[ 1 3072 1536 180 2 ]
[ 1 3328 1536 180 0 ]
[ 7 1280 1152 270 0 ]
[ 7 1280 1408 270 0 ]
[ 7 3328 1152 270 0 ]
[ 7 3328 1408 270 0 ]
[ 7 1280 1664 630 0 ]
[ 7 3328 1664 270 0 ]
[ 7 1408 1024 360 0 ]
[ 7 1664 1024 0 0 ]
[ 7 1920 1024 0 0 ]
[ 7 2176 1024 0 0 ]
[ 7 2432 1024 0 0 ]
[ 7 2688 1024 0 0 ]
[ 7 2944 1024 0 0 ]
[ 7 3200 1024 0 0 ]
[ 1 2816 1024 0 1 ]
[ 7 1408 2304 0 0 ]
[ 7 1664 2304 0 0 ]
[ 7 1920 2304 0 0 ]
[ 7 2176 2304 0 0 ]
[ 7 2432 2304 0 0 ]
[ 7 2688 2304 0 0 ]
[ 7 2944 2304 0 0 ]
[ 7 3200 2304 0 0 ]
[ 1 2560 2304 0 2 ]
[ 3 1536 1280 0 1 ]
[ 3 2560 1792 0 1 ]
[ 3 2816 1280 0 1 ]
[ 3 1792 1792 0 1 ]
[ 3 2048 2048 0 1 ]
[ 3 3072 2048 0 1 ]
[ 2 2560 1024 90 dmode 6 0 ]
[ 2 2304 1024 90 dmode 7 0 ]
[ 7 1792 2176 270 0 ]
[ 7 2048 2176 270 0 ]
[ 7 2304 1920 270 0 ]
[ 7 2304 1664 270 0 ]
[ 7 2048 1664 270 0 ]
[ 7 2176 1536 360 0 ]
[ 7 1664 1536 0 0 ]
[ 7 1536 1664 90 0 ]
[ 7 1536 1920 90 0 ]
[ 7 1408 1792 180 0 ]
[ 7 2048 1152 270 0 ]
[ 7 2176 1280 360 0 ]
[ 7 2688 1280 0 0 ]
[ 7 2816 1152 90 0 ]
[ 29 3072 1024 0 0 ]
[ 7 2816 1920 90 0 ]
[ 7 2688 1792 180 0 ]
[ 7 2944 1792 180 0 ]
[ 7 3072 1664 270 0 ]
[ 7 3072 1408 270 0 ]
[ 7 3072 2176 90 0 ]
[ 1 3328 2304 90 1 ]
[ 7 3456 2304 180 0 ]
[ 7 3712 2304 180 0 ]
[ 7 3968 2304 180 0 ]
[ 7 4224 2304 180 0 ]
[ 7 4736 2304 180 0 ]
[ 1 4864 2304 180 0 ]
[ 1 4864 1024 180 2 ]
[ 7 3456 1024 180 0 ]
[ 7 3712 1024 180 0 ]
[ 7 3968 1024 180 0 ]
[ 7 4224 1024 180 0 ]
[ 7 4480 1024 180 0 ]
[ 7 4736 1024 180 0 ]
[ 7 4864 1152 270 0 ]
[ 7 4864 1664 270 0 ]
[ 7 4864 1920 270 0 ]
[ 7 4864 2176 270 0 ]
[ 7 3456 2048 360 0 ]
[ 1 3584 2048 0 4 ]
[ 1 3584 1792 0 5 ]
[ 1 3584 1280 0 3 ]
[ 1 3840 1280 0 2 ]
[ 1 3840 1536 0 1 ]
[ 1 3840 1792 0 3 ]
[ 1 3584 2304 0 4 ]
[ 1 3840 2304 0 0 ]
[ 1 3584 1024 0 3 ]
[ 1 3840 1024 0 1 ]
[ 1 4096 1024 0 3 ]
[ 1 4096 1536 0 4 ]
[ 1 4096 1792 0 2 ]
[ 1 4096 2048 0 5 ]
[ 1 4096 2304 0 3 ]
[ 1 4352 2048 0 4 ]
[ 1 4352 1536 0 0 ]
[ 1 4352 1280 0 2 ]
[ 1 4352 1024 0 5 ]
[ 1 4608 1280 0 4 ]
[ 1 4608 1536 0 3 ]
[ 1 4608 1792 0 0 ]
[ 1 4608 2048 0 2 ]
[ 7 4480 2304 0 0 ]
[ 1 4608 2304 0 4 ]
[ 1 4864 1280 0 4 ]
[ 1 4864 1536 0 2 ]
[ 1 4864 1792 0 1 ]
[ 1 4864 2048 0 4 ]
[ 7 4864 1408 90 0 ]
[ 7 3712 1792 180 0 ]
[ 7 3840 1920 270 0 ]
[ 7 3840 2176 270 0 ]
[ 7 4096 2176 270 0 ]
[ 7 4096 1920 270 0 ]
[ 7 4224 1792 0 0 ]
[ 7 4480 1792 0 0 ]
[ 7 4608 1920 90 0 ]
[ 7 4480 2048 180 0 ]
[ 7 4224 1536 180 0 ]
[ 7 4224 1280 180 0 ]
[ 7 3968 1280 180 0 ]
[ 7 3968 1536 180 0 ]
[ 7 3712 1280 180 0 ]
[ 7 3584 1152 270 0 ]
[ 7 4096 1408 270 0 ]
[ 7 4736 1280 360 0 ]
[ 7 4736 1536 0 0 ]
[ 3 3584 1536 0 1 ]
[ 3 4096 1280 0 1 ]
[ 3 4352 1792 0 1 ]
[ 3 4352 2304 0 1 ]
[ 3 3840 2048 0 1 ]
[ 3 4608 1024 0 1 ]
[ 31 3200 2176 180 1 ]
[ 31 2432 1280 180 0 ]
Movables
Map_floor
[ 3 3200 2048 0 dmode 6 1 ]
[ 6 3200 2176 90 0 ]
[ 3 1920 1792 180 dmode 7 1 ]
[ 3 2816 1408 270 dmode 7 1 ]
[ 2 1664 1280 360 dmode 7 0 ]
[ 2 2560 2176 90 dmode 7 0 ]
[ 18 1920 1280 360 7 ]
[ 18 1792 1152 90 7 ]
[ 18 1536 1152 90 7 ]
[ 18 1408 1280 180 7 ]
[ 18 1536 1408 270 7 ]
[ 18 1792 1408 270 7 ]
[ 18 2047 1408 270 7 ]
[ 18 2304 1408 270 7 ]
[ 18 2304 1152 270 7 ]
[ 18 2560 1152 270 7 ]
[ 18 2560 1408 270 7 ]
[ 18 3072 1152 270 7 ]
[ 18 2944 1280 360 7 ]
[ 18 3200 1280 0 7 ]
[ 18 3200 1536 0 7 ]
[ 18 2944 1536 0 7 ]
[ 18 2816 1664 90 7 ]
[ 18 3200 1792 180 7 ]
[ 18 2560 1664 270 7 ]
[ 18 2688 1536 360 7 ]
[ 18 2432 1536 0 7 ]
[ 18 2432 1792 0 7 ]
[ 18 2432 2048 0 7 ]
[ 18 2560 1920 90 7 ]
[ 18 2688 2048 180 7 ]
[ 18 2944 2048 180 7 ]
[ 18 3072 1920 270 7 ]
[ 18 2816 2176 270 7 ]
[ 18 2304 2176 270 7 ]
[ 18 2176 2048 360 7 ]
[ 18 1920 2048 0 7 ]
[ 18 1664 2048 0 7 ]
[ 18 1536 2176 90 7 ]
[ 18 1408 2048 180 7 ]
[ 18 1792 1920 270 7 ]
[ 18 2048 1920 270 7 ]
[ 18 2176 1792 360 7 ]
[ 18 1792 1664 90 7 ]
[ 18 1664 1792 180 7 ]
[ 18 1408 1536 180 7 ]
[ 18 2432 1280 180 7 ]
[ 21 1408 1152 180 0 ]
[ 21 1664 1152 180 0 ]
[ 21 1664 1408 180 0 ]
[ 21 1408 1408 180 0 ]
[ 21 1920 1408 180 0 ]
[ 21 1920 1152 180 0 ]
[ 21 2176 1152 180 0 ]
[ 21 2176 1408 180 0 ]
[ 21 2432 1408 180 0 ]
[ 21 2432 1152 180 0 ]
[ 21 2688 1152 180 0 ]
[ 21 2688 1408 180 0 ]
[ 21 3200 1152 180 0 ]
[ 21 3200 1408 180 0 ]
[ 21 2944 1408 180 0 ]
[ 21 2944 1152 180 0 ]
[ 21 2944 2176 180 0 ]
[ 21 3200 1920 180 0 ]
[ 21 2944 1920 180 0 ]
[ 21 2944 1664 180 0 ]
[ 21 3200 1664 180 0 ]
[ 21 3072 1792 180 0 ]
[ 21 3072 1536 180 0 ]
[ 21 3072 1280 180 0 ]
[ 21 1920 1664 180 0 ]
[ 21 2176 1664 180 0 ]
[ 21 2432 1664 180 0 ]
[ 21 2688 1664 180 0 ]
[ 21 2688 1920 180 0 ]
[ 21 2432 1920 180 0 ]
[ 21 2176 1920 180 0 ]
[ 21 1920 1920 180 0 ]
[ 21 1664 1920 180 0 ]
[ 21 1408 1920 180 0 ]
[ 21 1408 1664 180 0 ]
[ 21 1664 1664 180 0 ]
[ 21 1408 2176 180 0 ]
[ 21 1664 2176 180 0 ]
[ 21 1920 2176 180 0 ]
[ 21 2176 2176 180 0 ]
[ 21 2432 2176 180 0 ]
[ 21 2688 2176 180 0 ]
[ 18 1920 1536 180 7 ]
[ 10 3328 2176 180 0 ]
[ 1 3456 2176 0 0 ]
[ 1 3584 2176 90 0 ]
[ 1 3712 2176 180 0 ]
[ 1 3712 2048 0 0 ]
[ 1 3712 1920 90 0 ]
[ 1 3584 1920 90 0 ]
[ 1 3456 1920 270 0 ]
[ 1 3456 1792 270 0 ]
[ 1 3456 1664 0 0 ]
[ 1 3456 1536 0 0 ]
[ 1 3456 1408 0 0 ]
[ 1 3456 1152 180 0 ]
[ 1 3456 1280 270 0 ]
[ 1 3584 1408 90 0 ]
[ 1 3712 1408 180 0 ]
[ 1 3968 1408 0 0 ]
[ 1 3840 1408 90 0 ]
[ 1 3712 1536 180 0 ]
[ 1 3584 1664 90 0 ]
[ 1 3712 1664 270 0 ]
[ 1 3840 1664 90 0 ]
[ 1 3968 1664 270 0 ]
[ 1 4096 1664 180 0 ]
[ 1 4224 1664 0 0 ]
[ 1 4352 1664 90 0 ]
[ 1 4480 1664 180 0 ]
[ 1 4480 1536 270 0 ]
[ 1 4224 1408 0 0 ]
[ 1 4352 1408 180 0 ]
[ 1 4480 1408 270 0 ]
[ 1 4736 1408 90 0 ]
[ 1 4608 1408 90 0 ]
[ 1 4480 1280 90 0 ]
[ 1 4736 1152 0 0 ]
[ 1 4608 1152 90 0 ]
[ 1 4480 1152 180 0 ]
[ 1 4352 1152 270 0 ]
[ 1 4224 1152 0 0 ]
[ 1 4096 1152 0 0 ]
[ 1 3968 1152 0 0 ]
[ 1 3840 1152 180 0 ]
[ 1 3712 1152 180 0 ]
[ 1 3968 1792 180 0 ]
[ 1 3968 1920 90 0 ]
[ 1 4224 2176 90 0 ]
[ 1 4224 2048 180 0 ]
[ 1 4224 1920 0 0 ]
[ 1 4352 1920 180 0 ]
[ 1 4480 1920 180 0 ]
[ 1 3968 2048 0 0 ]
[ 1 3968 2176 90 0 ]
[ 1 4352 2176 180 0 ]
[ 1 4480 2176 180 0 ]
[ 1 4608 2176 90 0 ]
[ 1 4736 2176 0 0 ]
[ 1 4736 2048 180 0 ]
[ 1 4736 1920 270 0 ]
[ 1 4736 1792 90 0 ]
[ 1 4736 1664 0 0 ]
[ 1 4608 1664 90 0 ]
[ 100 2304 1664 1171 ]
[ 100 3968 1664 898 ]
[ 101 3584 1536 305 ]
[ 101 3840 2048 305 ]
[ 101 4352 2304 305 ]
[ 101 4352 1792 305 ]
[ 101 4096 1280 305 ]
[ 101 4608 1024 305 ]
[ 101 3840 2048 305 ]
[ 101 4352 2304 305 ]
[ 101 4352 1792 305 ]
[ 101 4096 1280 305 ]
[ 101 3712 1024 305 ]
[ 101 4864 1792 305 ]
[ 101 3456 2432 305 ]
Electric
PLayer 1794.86 1395.89