Does_not_exist
Map_basic
[ 1 384 1024 270 0 ]
[ 7 384 1152 90 0 ]
[ 7 384 1280 90 0 ]
[ 7 384 1408 90 0 ]
[ 1 384 1536 270 0 ]
[ 7 512 1024 0 0 ]
[ 7 512 1536 0 0 ]
[ 1 640 512 90 5 ]
[ 7 640 640 90 0 ]
[ 7 640 768 90 0 ]
[ 7 640 896 90 0 ]
[ 1 640 1024 0 4 ]
[ 7 640 1536 0 0 ]
[ 7 768 512 0 0 ]
[ 7 768 1536 0 0 ]
[ 7 896 512 0 0 ]
[ 2 896 768 0 dmode 0 0 ]
[ 1 896 1024 180 3 ]
[ 7 384 1408 90 0 ]
[ 1 384 1536 270 0 ]
[ 7 512 1024 0 0 ]
[ 7 512 1536 0 0 ]
[ 1 640 512 90 5 ]
[ 7 640 640 90 0 ]
[ 7 640 768 90 0 ]
[ 7 640 896 90 0 ]
[ 1 640 1024 0 4 ]
[ 7 640 1536 0 0 ]
[ 7 768 512 0 0 ]
[ 7 768 1536 0 0 ]
[ 7 896 512 0 0 ]
[ 2 896 768 0 dmode 0 0 ]
[ 1 896 1024 180 3 ]
[ 7 896 1152 90 0 ]
[ 7 896 1280 90 0 ]
[ 7 896 1408 90 0 ]
[ 1 896 1536 90 3 ]
[ 7 1024 512 0 0 ]
[ 7 1024 1536 0 0 ]
[ 1 1152 512 90 3 ]
[ 1 1152 1024 180 5 ]
[ 3 1152 1280 0 1 ]
[ 7 1152 1536 0 0 ]
[ 7 1280 512 0 0 ]
[ 7 1280 1536 0 0 ]
[ 7 1408 512 0 0 ]
[ 6 1408 768 0 1 ]
[ 1 1408 1024 90 2 ]
[ 1 1408 1536 0 0 ]
[ 7 1536 512 0 0 ]
[ 7 1536 1024 0 0 ]
[ 7 1536 1536 0 0 ]
[ 1 1664 512 180 2 ]
[ 7 1664 640 90 0 ]
[ 7 1664 896 90 0 ]
[ 1 1664 1024 90 3 ]
[ 7 1664 1536 0 0 ]
[ 7 1792 512 0 0 ]
[ 1 1792 1408 0 2 ]
[ 7 1792 1536 0 0 ]
[ 7 1920 512 0 0 ]
[ 1 1920 1024 270 1 ]
[ 3 1920 1152 0 1 ]
[ 3 1920 1280 0 1 ]
[ 7 1920 1408 90 0 ]
[ 1 1920 1536 90 3 ]
[ 7 2048 512 0 0 ]
[ 7 2048 1024 0 0 ]
[ 1 2176 512 90 3 ]
[ 7 2176 640 90 0 ]
[ 19 2176 768 0 1 ]
[ 7 2176 896 90 0 ]
[ 1 2176 1024 180 2 ]
Movables
[ 1792 767 2 ]
[ 1792 1152 2 ]
Map_floor
[ 1 512 1152 180 0 ]
[ 10 512 1280 90 0 ]
[ 6 512 1408 0 0 ]
[ 1 640 1152 90 0 ]
[ 10 640 1280 90 0 ]
[ 6 640 1408 0 0 ]
[ 1 768 640 90 0 ]
[ 1 768 768 90 0 ]
[ 1 768 896 180 0 ]
[ 2 768 1024 0 dmode 0 0 ]
[ 1 768 1152 90 0 ]
[ 10 768 1280 90 0 ]
[ 6 768 1408 0 0 ]
[ 1 896 640 180 0 ]
[ 1 896 768 270 0 ]
[ 1 896 896 180 0 ]
[ 1 1024 640 270 0 ]
[ 1 1024 768 180 0 ]
[ 1 1024 896 0 0 ]
[ 2 1024 1024 0 dmode 0 0 ]
[ 1 1024 1152 90 0 ]
[ 1 1024 1280 270 0 ]
[ 1 1024 1408 90 0 ]
[ 3 1152 640 90 dmode 0 1 ]
[ 3 1152 768 90 dmode 0 1 ]
[ 3 1152 896 90 dmode 0 1 ]
[ 1 1152 1152 270 0 ]
[ 1 1152 1280 0 0 ]
[ 1 1152 1408 90 0 ]
[ 1 1280 640 270 0 ]
[ 1 1280 768 90 0 ]
[ 1 1280 896 90 0 ]
[ 18 1280 1024 0 7 ]
[ 1 1280 1152 90 0 ]
[ 1 1280 1280 90 0 ]
[ 1 1280 1408 0 0 ]
[ 1 1408 640 180 0 ]
[ 1 1408 768 180 0 ]
[ 1 1408 896 90 0 ]
[ 3 1408 1152 90 dmode 1 1 ]
[ 3 1408 1280 90 dmode 1 1 ]
[ 3 1408 1408 90 dmode 1 1 ]
[ 1 1536 640 180 0 ]
[ 1 1536 768 180 0 ]
[ 1 1536 896 90 0 ]
[ 1 1536 1152 0 0 ]
[ 1 1536 1280 90 0 ]
[ 1 1536 1408 0 0 ]
[ 1 1664 1152 180 0 ]
[ 1 1664 1280 270 0 ]
[ 1 1664 1408 270 0 ]
[ 1 1792 640 0 0 ]
[ 1 1792 768 270 0 ]
[ 1 1792 896 0 0 ]
[ 2 1792 1024 0 dmode 0 0 ]
[ 1 1792 1152 270 0 ]
[ 1 1792 1280 270 0 ]
[ 1 1920 640 180 0 ]
[ 1 1920 768 270 0 ]
[ 1 1920 896 270 0 ]
[ 1 2048 640 0 0 ]
[ 1 2048 768 0 0 ]
[ 1 2048 896 180 0 ]
[ 18 1664 768 450 7 ]
[ 100 1280 1024 1163 ]
Electric
PLayer 699.362 1341.9