Does_not_exist
Map_basic
[ 1 896 768 90 2 ]
[ 1 2944 768 90 0 ]
[ 1 896 1792 90 1 ]
[ 1 2944 1792 90 0 ]
[ 7 1024 1792 180 0 ]
[ 7 1152 1792 180 0 ]
[ 7 1408 1792 180 0 ]
[ 7 1535 1792 180 0 ]
[ 7 1664 1792 180 0 ]
[ 7 1792 1792 180 0 ]
[ 7 1920 1792 180 0 ]
[ 7 2048 1792 180 0 ]
[ 7 2304 1792 180 0 ]
[ 7 2432 1792 180 0 ]
[ 7 2560 1792 180 0 ]
[ 7 2688 1792 180 0 ]
[ 7 2816 1792 180 0 ]
[ 7 2944 1664 270 0 ]
[ 7 2944 1536 270 0 ]
[ 7 2944 1408 270 0 ]
[ 7 2944 1280 270 0 ]
[ 7 2944 1152 270 0 ]
[ 7 2944 1024 270 0 ]
[ 7 2944 896 270 0 ]
[ 7 1024 767 0 0 ]
[ 7 1151 767 0 0 ]
[ 7 1280 767 0 0 ]
[ 7 1408 767 0 0 ]
[ 7 1536 767 0 0 ]
[ 7 1664 767 0 0 ]
[ 7 1920 767 0 0 ]
[ 7 2048 767 0 0 ]
[ 7 2176 767 0 0 ]
[ 7 2304 767 0 0 ]
[ 7 2431 767 0 0 ]
[ 7 2560 767 0 0 ]
[ 7 2688 767 0 0 ]
[ 7 2816 767 0 0 ]
[ 7 896 896 90 0 ]
[ 7 896 1152 90 0 ]
[ 7 896 1408 90 0 ]
[ 7 896 1663 90 0 ]
[ 7 1280 1792 180 0 ]
[ 3 896 1024 0 1 ]
[ 3 896 1280 0 1 ]
[ 3 896 1536 0 1 ]
[ 3 1792 768 0 1 ]
[ 3 2560 1024 0 1 ]
[ 3 2176 1792 0 1 ]
[ 6 1024 1664 0 1 ]
[ 3 2688 1664 0 1 ]
[ 6 1920 1152 0 0 ]
[ 6 2048 1664 0 0 ]
[ 18 2432 1280 0 3 ]
[ 31 1152 1024 0 0 ]
Movables
[ 1152 1408 2 ]
[ 1152 1152 2 ]
[ 1280 1152 2 ]
[ 1408 1152 2 ]
[ 1408 1280 2 ]
[ 1408 896 2 ]
[ 1152 896 2 ]
[ 1664 1152 2 ]
[ 2048 1152 2 ]
[ 1792 1024 2 ]
[ 2048 1024 2 ]
[ 2048 896 2 ]
[ 1536 1024 2 ]
[ 1664 1280 2 ]
[ 1536 1408 2 ]
[ 1664 1536 2 ]
[ 1792 1408 2 ]
[ 1920 1280 2 ]
[ 1920 1536 2 ]
[ 1792 1664 2 ]
[ 1536 1664 2 ]
[ 2176 1280 2 ]
[ 2048 1408 2 ]
[ 2176 1152 2 ]
[ 2304 1024 2 ]
[ 2432 896 2 ]
[ 2432 1152 2 ]
[ 2176 1664 2 ]
[ 2560 1664 2 ]
[ 2688 1408 2 ]
[ 2816 1280 2 ]
[ 2688 1152 2 ]
[ 2560 1280 2 ]
[ 2688 896 2 ]
[ 2816 1024 2 ]
[ 2688 1536 2 ]
[ 1280 1536 2 ]
[ 1024 1280 2 ]
[ 1024 1024 2 ]
[ 1024 1536 2 ]
[ 1792 896 2 ]
Map_floor
[ 6 1024 896 0 0 ]
[ 6 1152 896 0 0 ]
[ 6 1280 896 0 0 ]
[ 6 1408 896 0 0 ]
[ 6 1536 896 0 0 ]
[ 6 1664 896 0 0 ]
[ 6 1792 896 0 0 ]
[ 6 1920 896 0 0 ]
[ 6 2048 896 0 0 ]
[ 6 2176 896 0 0 ]
[ 6 2304 896 0 0 ]
[ 6 2432 896 0 0 ]
[ 6 2560 896 0 0 ]
[ 6 2688 896 0 0 ]
[ 6 2816 896 0 0 ]
[ 6 2816 1024 0 0 ]
[ 6 2432 1024 0 0 ]
[ 6 2304 1024 0 0 ]
[ 6 2176 1024 0 0 ]
[ 6 2048 1024 0 0 ]
[ 6 1920 1024 0 0 ]
[ 6 1792 1024 0 0 ]
[ 6 1664 1024 0 0 ]
[ 6 1536 1024 0 0 ]
[ 6 1408 1024 0 0 ]
[ 6 1280 1024 0 0 ]
[ 6 1024 1024 0 0 ]
[ 6 2816 1280 0 0 ]
[ 6 2560 1280 0 0 ]
[ 6 1792 1408 0 0 ]
[ 6 1920 1408 0 0 ]
[ 6 2048 1408 0 0 ]
[ 6 2176 1408 0 0 ]
[ 6 2304 1408 0 0 ]
[ 6 2432 1408 0 0 ]
[ 6 2816 1408 0 0 ]
[ 6 2560 1536 0 0 ]
[ 6 2432 1536 0 0 ]
[ 6 2304 1536 0 0 ]
[ 6 2176 1536 0 0 ]
[ 6 2048 1536 0 0 ]
[ 6 1920 1536 0 0 ]
[ 6 1792 1536 0 0 ]
[ 6 1536 1664 0 0 ]
[ 6 1920 1664 0 0 ]
[ 6 2048 1664 0 0 ]
[ 6 2176 1664 0 0 ]
[ 6 2304 1664 0 0 ]
[ 6 2432 1664 0 0 ]
[ 6 2560 1664 0 0 ]
[ 6 2688 1664 0 0 ]
[ 6 2816 1664 0 0 ]
[ 6 2816 1536 0 0 ]
[ 6 2688 1536 0 0 ]
[ 6 2688 1280 0 0 ]
[ 6 2688 1408 0 0 ]
[ 6 2560 1408 0 0 ]
[ 6 2432 1280 0 0 ]
[ 6 2304 1280 0 0 ]
[ 6 2176 1280 0 0 ]
[ 6 2048 1280 0 0 ]
[ 6 1920 1280 0 0 ]
[ 6 1792 1280 0 0 ]
[ 6 1664 1280 0 0 ]
[ 6 1536 1280 0 0 ]
[ 6 1024 1664 0 0 ]
[ 6 1024 1536 0 0 ]
[ 6 1024 1408 0 0 ]
[ 6 1024 1280 0 0 ]
[ 6 1024 1152 0 0 ]
[ 6 1152 1024 0 0 ]
[ 6 1152 1664 0 0 ]
[ 6 1152 1536 0 0 ]
[ 6 1152 1408 0 0 ]
[ 6 1152 1280 0 0 ]
[ 6 1280 1536 0 0 ]
[ 6 1280 1408 0 0 ]
[ 6 1280 1280 0 0 ]
[ 6 1408 1280 0 0 ]
[ 6 1792 1664 0 0 ]
[ 6 1664 1664 0 0 ]
[ 6 1408 1664 0 0 ]
[ 6 1280 1664 0 0 ]
[ 6 1408 1536 0 0 ]
[ 6 1664 1536 0 0 ]
[ 6 1408 1408 0 0 ]
[ 6 1536 1408 0 0 ]
[ 6 1536 1536 0 0 ]
[ 6 1664 1408 0 0 ]
[ 6 1536 1536 0 0 ]
[ 6 1152 1152 0 0 ]
[ 6 1280 1152 0 0 ]
[ 6 1408 1152 0 0 ]
[ 6 1536 1152 0 0 ]
[ 6 1664 1152 0 0 ]
[ 6 1792 1152 0 0 ]
[ 6 1920 1152 0 0 ]
[ 6 2048 1152 0 0 ]
[ 6 2176 1152 0 0 ]
[ 6 2304 1152 0 0 ]
[ 6 2816 1152 0 0 ]
[ 6 2688 1152 0 0 ]
[ 6 2688 1024 0 0 ]
[ 6 2560 1024 0 0 ]
[ 6 2560 1152 0 0 ]
[ 6 2432 1152 0 0 ]
[ 100 1920 1280 1171 ]
[ 103 2432 1280 78 1.2 ]
Electric
PLayer 1187.07 1018.27