Does_not_exist
Map_basic
[ 1 640 -2048 0 4 ]
[ 7 640 -1920 90 0 ]
[ 7 640 -1792 90 0 ]
[ 7 640 -1664 90 0 ]
[ 1 640 -1536 270 1 ]
[ 7 768 -2048 0 0 ]
[ 7 768 -1536 0 0 ]
[ 7 1024 -2048 0 0 ]
[ 7 1024 -1536 0 0 ]
[ 7 1152 -2048 0 0 ]
[ 7 1152 -1536 0 0 ]
[ 7 1280 -2048 0 0 ]
[ 7 1280 -1536 0 0 ]
[ 7 1408 -2048 0 0 ]
[ 7 1408 -1536 0 0 ]
[ 1 1536 -2048 270 3 ]
[ 3 1536 -1920 0 1 ]
[ 3 1536 -1792 0 1 ]
[ 3 1536 -1664 0 1 ]
[ 1 1536 -1536 180 2 ]
[ 31 768 -1921 360 0 ]
[ 31 768 -1792 0 0 ]
[ 31 768 -1665 0 0 ]
[ 1 896 -2048 0 4 ]
[ 1 896 -1537 0 0 ]
[ 1 1920 768 180 0 ]
[ 7 384 512 90 0 ]
[ 7 384 640 90 0 ]
[ 1 384 768 270 1 ]
[ 7 1024 -512 0 0 ]
[ 7 512 768 0 0 ]
[ 7 768 256 0 0 ]
[ 7 768 768 0 0 ]
[ 7 896 256 0 0 ]
[ 7 896 768 0 0 ]
[ 7 1024 256 0 0 ]
[ 7 1024 768 0 0 ]
[ 7 1152 768 0 0 ]
[ 1 1280 256 270 3 ]
[ 3 1280 384 0 1 ]
[ 3 1280 512 0 1 ]
[ 3 1280 640 0 1 ]
[ 1 1280 768 180 2 ]
[ 31 512 512 0 0 ]
[ 31 512 639 0 0 ]
[ 1 640 256 0 4 ]
[ 1 640 767 0 0 ]
[ 1 0 -384 180 1 ]
[ 1 -256 -384 180 2 ]
[ 1 1792 -1920 0 4 ]
[ 7 1792 -1792 90 0 ]
[ 7 1792 -1664 90 0 ]
[ 7 1792 -1536 90 0 ]
[ 1 1792 -1408 270 1 ]
[ 7 1920 -1920 0 0 ]
[ 7 1920 -1408 0 0 ]
[ 7 2176 -1920 0 0 ]
[ 7 2176 -1408 0 0 ]
[ 7 2816 -2816 0 0 ]
[ 7 2816 -2304 0 0 ]
[ 7 2944 -2816 0 0 ]
[ 7 2944 -2304 0 0 ]
[ 7 3072 -2816 0 0 ]
[ 7 3072 -2304 0 0 ]
[ 1 3200 -2816 270 3 ]
[ 3 3200 -2688 0 1 ]
[ 3 3200 -2560 0 1 ]
[ 3 3200 -2432 0 1 ]
[ 1 3200 -2304 180 2 ]
[ 31 1920 -1793 360 0 ]
[ 31 1920 -1664 0 0 ]
[ 31 1920 -1537 0 0 ]
[ 1 2048 -1920 0 4 ]
[ 1 2048 -1409 0 0 ]
[ 1 -256 -1024 90 1 ]
[ 1 0 -896 270 4 ]
[ 1 256 -768 90 4 ]
[ 1 640 -1280 0 4 ]
[ 7 640 -1152 90 0 ]
[ 7 640 -1024 90 0 ]
[ 7 640 -896 90 0 ]
[ 1 640 -768 270 1 ]
[ 7 768 -1280 0 0 ]
[ 7 768 -768 0 0 ]
[ 7 1024 -1280 0 0 ]
[ 7 1024 -768 0 0 ]
[ 7 1152 -1280 0 0 ]
[ 7 1152 -768 0 0 ]
[ 7 1280 -1280 0 0 ]
[ 7 1280 -768 0 0 ]
[ 7 1408 -1280 0 0 ]
[ 7 1408 -768 0 0 ]
[ 1 1536 -1280 270 3 ]
[ 3 1536 -1152 0 1 ]
[ 3 1536 -1024 0 1 ]
[ 3 1536 -896 0 1 ]
[ 1 1536 -768 180 2 ]
[ 31 768 -1153 360 0 ]
[ 31 768 -1024 0 0 ]
[ 31 768 -897 0 0 ]
[ 1 896 -1280 0 4 ]
[ 1 896 -769 0 0 ]
[ 1 896 -512 0 0 ]
[ 1 128 0 0 1 ]
[ 1 128 256 180 4 ]
[ 1 1664 -1280 0 4 ]
[ 7 1664 -1152 90 0 ]
[ 7 1664 -1024 90 0 ]
[ 7 1664 -896 90 0 ]
[ 1 1664 -768 270 1 ]
[ 7 1792 -1280 0 0 ]
[ 7 1792 -768 0 0 ]
[ 7 2048 -1280 0 0 ]
[ 7 2048 -768 0 0 ]
[ 7 2176 -1280 0 0 ]
[ 7 2176 -768 0 0 ]
[ 7 2304 -1280 0 0 ]
[ 7 2304 -768 0 0 ]
[ 7 2432 -1280 0 0 ]
[ 7 2432 -768 0 0 ]
[ 1 2688 -2176 270 3 ]
[ 3 2560 -1152 0 1 ]
[ 3 2560 -1024 0 1 ]
[ 3 2560 -896 0 1 ]
[ 1 2560 -768 180 2 ]
[ 31 1792 -1153 360 0 ]
[ 31 1792 -1024 0 0 ]
[ 31 1792 -897 0 0 ]
[ 1 1920 -1280 0 4 ]
[ 1 1920 -769 0 0 ]
[ 1 3328 -1920 0 3 ]
[ 1 3328 -1792 180 3 ]
[ 1 3328 -1664 180 3 ]
[ 1 3328 -1408 180 4 ]
[ 1 3328 -1280 270 4 ]
[ 1 3328 -1152 180 5 ]
[ 1 3328 -1024 270 4 ]
[ 1 3328 -896 90 2 ]
[ 1 3328 -768 270 0 ]
[ 1 3328 -641 180 0 ]
[ 1 512 -128 0 0 ]
[ 7 768 -256 0 0 ]
[ 1 640 -256 0 0 ]
[ 7 896 -384 0 0 ]
[ 1 768 -384 0 0 ]
[ 1 128 -256 180 1 ]
[ 1 -128 -256 0 4 ]
[ 1 -256 -128 270 0 ]
[ 1 -256 0 90 3 ]
[ 1 0 -128 0 5 ]
[ 1 384 -384 90 1 ]
[ 1 512 -384 90 4 ]
[ 1 384 -256 0 0 ]
[ 1 256 -256 270 4 ]
[ 1 256 0 270 5 ]
[ 1 256 -128 270 3 ]
[ 1 1280 -256 90 3 ]
[ 1 1408 -128 0 5 ]
[ 1 1280 0 180 1 ]
[ 1 1024 -128 180 1 ]
[ 1 1664 -384 90 3 ]
[ 1 1408 -512 90 1 ]
[ 1 1280 -640 270 0 ]
[ 1 1024 -640 90 5 ]
[ 1 512 -640 180 3 ]
[ 1 128 -640 180 1 ]
[ 1 768 -128 0 0 ]
[ 1 896 -256 0 0 ]
[ 7 1024 0 0 0 ]
[ 7 1152 0 0 0 ]
[ 1 256 128 180 4 ]
[ 1 1280 -3840 0 5 ]
[ 1 1408 -3584 180 3 ]
Movables
[ 1152 -1792 2 ]
[ 1152 -1664 2 ]
[ 1152 -1920 2 ]
[ 896 512 2 ]
[ 896 640 2 ]
[ 896 384 2 ]
[ 2816 -2560 2 ]
[ 2816 -2432 2 ]
[ 2816 -2688 2 ]
[ 1152 -1024 2 ]
[ 1152 -896 2 ]
[ 1152 -1152 2 ]
[ 2176 -1024 2 ]
[ 2176 -896 2 ]
[ 2176 -1152 2 ]
Map_floor
[ 6 768 -1920 0 0 ]
[ 6 768 -1792 0 0 ]
[ 6 768 -1664 0 0 ]
[ 10 896 -1920 180 0 ]
[ 10 896 -1792 180 0 ]
[ 10 896 -1664 180 0 ]
[ 6 768 -1664 0 0 ]
[ 10 896 -1792 180 0 ]
[ 10 896 -1664 180 0 ]
[ 1 1024 -1920 0 0 ]
[ 1 1280 -1920 270 0 ]
[ 1 1408 -1920 90 0 ]
[ 1 1408 -1792 270 0 ]
[ 1 1408 -1664 0 0 ]
[ 1 1280 -1664 90 0 ]
[ 1 1280 -1792 270 0 ]
[ 1 1024 -1792 0 0 ]
[ 1 1024 -1664 270 0 ]
[ 1 1152 -1792 270 0 ]
[ 44 1152 -1920 0 6 ]
[ 44 1152 -1664 0 6 ]
[ 6 512 384 0 0 ]
[ 6 512 512 0 0 ]
[ 6 512 640 0 0 ]
[ 10 640 384 180 0 ]
[ 10 640 512 180 0 ]
[ 10 640 640 180 0 ]
[ 6 512 640 0 0 ]
[ 10 640 512 180 0 ]
[ 10 640 640 180 0 ]
[ 1 768 384 0 0 ]
[ 1 1024 384 270 0 ]
[ 1 1152 384 90 0 ]
[ 1 1152 512 270 0 ]
[ 1 1152 640 0 0 ]
[ 1 1024 640 90 0 ]
[ 1 1024 512 270 0 ]
[ 1 768 512 0 0 ]
[ 1 768 640 270 0 ]
[ 1 896 512 270 0 ]
[ 44 896 384 0 6 ]
[ 44 896 640 0 6 ]
[ 6 1920 -1792 0 0 ]
[ 6 1920 -1664 0 0 ]
[ 6 1920 -1536 0 0 ]
[ 10 2048 -1792 180 0 ]
[ 10 2048 -1664 180 0 ]
[ 10 2048 -1536 180 0 ]
[ 6 1920 -1536 0 0 ]
[ 10 2048 -1664 180 0 ]
[ 10 2048 -1536 180 0 ]
[ 1 2176 -1792 0 0 ]
[ 1 2944 -2688 270 0 ]
[ 1 3072 -2688 90 0 ]
[ 1 3072 -2560 270 0 ]
[ 1 3072 -2432 0 0 ]
[ 1 2944 -2432 90 0 ]
[ 1 2944 -2560 270 0 ]
[ 1 2176 -1664 0 0 ]
[ 1 2176 -1536 270 0 ]
[ 1 2816 -2560 270 0 ]
[ 44 2816 -2688 0 6 ]
[ 44 2816 -2432 0 6 ]
[ 6 768 -1152 0 0 ]
[ 6 768 -1024 0 0 ]
[ 6 768 -896 0 0 ]
[ 10 896 -1152 180 0 ]
[ 10 896 -1024 180 0 ]
[ 10 896 -896 180 0 ]
[ 6 768 -896 0 0 ]
[ 10 896 -1024 180 0 ]
[ 10 896 -896 180 0 ]
[ 1 1024 -1152 0 0 ]
[ 1 1280 -1152 270 0 ]
[ 1 1408 -1152 90 0 ]
[ 1 1408 -1024 270 0 ]
[ 1 1408 -896 0 0 ]
[ 1 1280 -896 90 0 ]
[ 1 1280 -1024 270 0 ]
[ 1 1024 -1024 0 0 ]
[ 1 1024 -896 270 0 ]
[ 1 1152 -1024 270 0 ]
[ 44 1152 -1152 0 6 ]
[ 44 1152 -896 0 6 ]
[ 6 1792 -1152 0 0 ]
[ 6 1792 -1024 0 0 ]
[ 6 1792 -896 0 0 ]
[ 10 1920 -1152 180 0 ]
[ 10 1920 -1024 180 0 ]
[ 10 1920 -896 180 0 ]
[ 6 1792 -896 0 0 ]
[ 10 1920 -1024 180 0 ]
[ 10 1920 -896 180 0 ]
[ 1 2048 -1152 0 0 ]
[ 1 2304 -1152 270 0 ]
[ 1 2432 -1152 90 0 ]
[ 1 2432 -1024 270 0 ]
[ 1 2432 -896 0 0 ]
[ 1 2304 -896 90 0 ]
[ 1 2304 -1024 270 0 ]
[ 1 2048 -1024 0 0 ]
[ 1 2048 -896 270 0 ]
[ 1 2176 -1024 270 0 ]
[ 44 2176 -1152 0 6 ]
[ 44 2176 -896 0 6 ]
Electric
PLayer 639.138 445.17