Does_not_exist
Map_basic
[ 1 896 4224 0 1 ]
[ 1 384 4736 0 4 ]
[ 7 0 4223 0 0 ]
[ 7 128 4223 0 0 ]
[ 7 256 4223 0 0 ]
[ 1 383 4223 0 2 ]
[ 1 -128 4224 0 5 ]
[ 1 -128 4736 0 0 ]
[ 1 -1152 128 0 3 ]
[ 1 -1152 640 0 3 ]
[ 7 -512 4736 0 0 ]
[ 7 -384 4736 0 0 ]
[ 7 -256 4736 0 0 ]
[ 7 -1 4736 0 0 ]
[ 7 127 4736 0 0 ]
[ 7 255 4736 0 0 ]
[ 7 -1152 256 90 0 ]
[ 7 -1152 384 90 0 ]
[ 7 -1152 512 90 0 ]
[ 11 896 4351 90 0 ]
[ 11 896 4480 90 0 ]
[ 11 896 4608 90 0 ]
[ 7 384 4096 270 0 ]
[ 7 384 3968 270 0 ]
[ 7 384 3712 270 0 ]
[ 7 384 3840 270 0 ]
[ 7 896 4096 270 0 ]
[ 7 896 3968 270 0 ]
[ 7 896 3840 270 0 ]
[ 7 384 3584 270 0 ]
[ 7 384 3456 630 0 ]
[ 1 896 3712 0 3 ]
[ 1 384 3200 0 2 ]
[ 1 896 3200 0 5 ]
[ 7 384 3328 270 0 ]
[ 7 512 3200 360 0 ]
[ 7 640 3200 0 0 ]
[ 7 768 3200 0 0 ]
[ 7 1536 3200 0 0 ]
[ 7 1664 3200 0 0 ]
[ 7 1792 3200 0 0 ]
[ 7 1024 3711 0 0 ]
[ 7 1152 3711 0 0 ]
[ 7 1280 3711 0 0 ]
[ 7 1536 3711 0 0 ]
[ 7 1664 3711 0 0 ]
[ 7 1792 3711 0 0 ]
[ 7 2048 3711 0 0 ]
[ 7 2048 3200 0 0 ]
[ 1 1408 3711 0 5 ]
[ 7 1152 3200 0 0 ]
[ 7 1024 3200 0 0 ]
[ 7 1280 3200 0 0 ]
[ 1 1408 3200 0 5 ]
[ 7 384 4864 90 0 ]
[ 7 384 4992 90 0 ]
[ 7 384 5376 90 0 ]
[ 1 384 5248 90 3 ]
[ 7 384 5120 90 0 ]
[ 1 896 4736 270 4 ]
[ 1 896 5248 270 4 ]
[ 7 896 4864 270 0 ]
[ 7 896 4992 270 0 ]
[ 7 896 5120 270 0 ]
[ 7 384 5504 270 0 ]
[ 7 384 5632 270 0 ]
[ 7 512 5760 360 0 ]
[ 7 640 5760 0 0 ]
[ 7 768 5760 0 0 ]
[ 7 1024 5760 0 0 ]
[ 7 1152 5760 0 0 ]
[ 7 1280 5760 0 0 ]
[ 7 1536 5760 0 0 ]
[ 7 1664 5760 0 0 ]
[ 7 1792 5760 0 0 ]
[ 7 1024 5248 0 0 ]
[ 7 1152 5248 0 0 ]
[ 7 1280 5248 0 0 ]
[ 7 1536 5248 0 0 ]
[ 7 1664 5248 0 0 ]
[ 7 1792 5248 0 0 ]
[ 1 384 5760 0 4 ]
[ 1 896 5760 0 0 ]
[ 1 1408 5248 0 0 ]
[ 1 1408 5760 0 3 ]
[ 1 1920 5248 0 2 ]
[ 1 1920 3712 0 3 ]
[ 7 2176 3200 0 0 ]
[ 7 2303 3200 0 0 ]
[ 7 2176 3712 0 0 ]
[ 7 2303 3712 0 0 ]
[ 1 2432 3712 0 2 ]
[ 1 2432 3200 0 4 ]
[ 1 2432 5248 0 1 ]
[ 1 2432 5760 0 3 ]
[ 7 2048 5248 0 0 ]
[ 7 2176 5248 0 0 ]
[ 7 2304 5248 0 0 ]
[ 7 2048 5760 0 0 ]
[ 7 2176 5760 0 0 ]
[ 7 2304 5760 0 0 ]
[ 26 1920 3200 90 dmode 0 0 ]
[ 26 1920 5759 270 dmode 0 0 ]
[ 1 -640 4736 0 1 ]
[ 7 -896 4736 0 0 ]
[ 7 -1024 4736 0 0 ]
[ 7 -768 4736 0 0 ]
[ 7 -1024 4223 0 0 ]
[ 7 -896 4223 0 0 ]
[ 7 -768 4223 0 0 ]
[ 1 -6272 4224 0 3 ]
[ 1 -6272 4736 0 1 ]
[ 7 -6528 4736 0 0 ]
[ 7 -6656 4736 0 0 ]
[ 7 -6400 4736 0 0 ]
[ 7 -6656 4223 0 0 ]
[ 7 -6528 4223 0 0 ]
[ 7 -6400 4223 0 0 ]
[ 1 -7296 4224 0 3 ]
[ 1 -6785 4224 270 1 ]
[ 1 896 128 0 1 ]
[ 1 384 640 0 4 ]
[ 7 0 127 0 0 ]
[ 7 128 127 0 0 ]
[ 7 256 127 0 0 ]
[ 1 383 127 0 2 ]
[ 1 -128 128 0 5 ]
[ 1 -128 640 0 0 ]
[ 1 5504 1152 0 3 ]
[ 1 5504 1664 0 1 ]
[ 7 5248 1664 0 0 ]
[ 7 5120 1664 0 0 ]
[ 7 5376 1664 0 0 ]
[ 7 -512 640 0 0 ]
[ 7 -384 640 0 0 ]
[ 7 -256 640 0 0 ]
[ 7 -1 640 0 0 ]
[ 7 127 640 0 0 ]
[ 7 255 640 0 0 ]
[ 7 5120 1151 0 0 ]
[ 7 5248 1151 0 0 ]
[ 7 5376 1151 0 0 ]
[ 7 -512 127 0 0 ]
[ 7 -257 127 0 0 ]
[ 2 -384 127 180 dmode 0 0 ]
[ 11 896 255 90 0 ]
[ 11 896 384 90 0 ]
[ 11 896 512 90 0 ]
[ 7 384 0 270 0 ]
[ 7 384 -128 270 0 ]
[ 7 384 -384 270 0 ]
[ 7 384 -256 270 0 ]
[ 7 896 0 270 0 ]
[ 7 896 -128 270 0 ]
[ 7 896 -256 270 0 ]
[ 7 384 -512 270 0 ]
[ 7 384 -640 630 0 ]
[ 1 896 -384 0 3 ]
[ 1 384 -896 0 2 ]
[ 1 896 -896 0 5 ]
[ 7 384 -768 270 0 ]
[ 7 512 -896 360 0 ]
[ 7 640 -896 0 0 ]
[ 7 768 -896 0 0 ]
[ 7 1536 -896 0 0 ]
[ 7 1664 -896 0 0 ]
[ 7 1792 -896 0 0 ]
[ 7 1024 -385 0 0 ]
[ 7 1152 -385 0 0 ]
[ 7 1280 -385 0 0 ]
[ 7 1536 -385 0 0 ]
[ 7 1664 -385 0 0 ]
[ 7 1792 -385 0 0 ]
[ 7 2048 -385 0 0 ]
[ 7 2048 -896 0 0 ]
[ 1 1408 -385 0 5 ]
[ 7 1152 -896 0 0 ]
[ 7 1024 -896 0 0 ]
[ 7 1280 -896 0 0 ]
[ 1 1408 -896 0 5 ]
[ 7 384 768 90 0 ]
[ 7 384 896 90 0 ]
[ 7 384 1280 90 0 ]
[ 1 384 1152 90 3 ]
[ 7 384 1024 90 0 ]
[ 1 896 640 270 4 ]
[ 1 896 1152 270 4 ]
[ 7 896 768 270 0 ]
[ 7 896 896 270 0 ]
[ 7 896 1024 270 0 ]
[ 7 384 1408 270 0 ]
[ 7 384 1536 270 0 ]
[ 7 512 1664 360 0 ]
[ 7 640 1664 0 0 ]
[ 7 768 1664 0 0 ]
[ 7 1024 1664 0 0 ]
[ 7 1152 1664 0 0 ]
[ 7 1280 1664 0 0 ]
[ 7 1536 1664 0 0 ]
[ 7 1664 1664 0 0 ]
[ 7 1792 1664 0 0 ]
[ 7 1024 1152 0 0 ]
[ 7 1152 1152 0 0 ]
[ 7 1280 1152 0 0 ]
[ 7 1536 1152 0 0 ]
[ 7 1664 1152 0 0 ]
[ 7 1792 1152 0 0 ]
[ 1 384 1664 0 4 ]
[ 1 896 1664 0 0 ]
[ 1 1408 1152 0 0 ]
[ 1 1408 1664 0 3 ]
[ 1 1920 1152 0 2 ]
[ 1 1920 -384 0 3 ]
[ 7 2176 -896 0 0 ]
[ 7 2303 -896 0 0 ]
[ 7 2176 -384 0 0 ]
[ 7 2303 -384 0 0 ]
[ 1 2432 -384 0 2 ]
[ 1 2432 -896 0 4 ]
[ 1 2432 1152 0 1 ]
[ 1 2432 1664 0 3 ]
[ 7 2048 1152 0 0 ]
[ 7 2176 1152 0 0 ]
[ 7 2304 1152 0 0 ]
[ 7 2048 1664 0 0 ]
[ 7 2176 1664 0 0 ]
[ 7 2304 1664 0 0 ]
[ 26 1920 -896 90 dmode 0 0 ]
[ 26 1920 1663 270 dmode 0 0 ]
[ 1 -640 128 0 3 ]
[ 1 -640 640 0 1 ]
[ 7 -896 640 0 0 ]
[ 7 -1024 640 0 0 ]
[ 7 -768 640 0 0 ]
[ 7 -1024 127 0 0 ]
[ 7 -896 127 0 0 ]
[ 7 -768 127 0 0 ]
[ 1 4480 1152 0 3 ]
[ 1 4480 1664 0 1 ]
[ 7 4224 1664 0 0 ]
[ 7 4096 1664 0 0 ]
[ 7 4352 1664 0 0 ]
[ 7 4096 1151 0 0 ]
[ 7 4224 1151 0 0 ]
[ 7 4352 1151 0 0 ]
[ 7 4736 1664 0 0 ]
[ 7 4608 1664 0 0 ]
[ 7 4864 1664 0 0 ]
[ 7 4608 1151 0 0 ]
[ 7 4736 1151 0 0 ]
[ 7 4864 1151 0 0 ]
[ 1 4991 1664 270 3 ]
[ 1 4991 1152 270 1 ]
[ 1 5504 -896 0 3 ]
[ 1 5504 -384 0 1 ]
[ 7 5248 -384 0 0 ]
[ 7 5120 -384 0 0 ]
[ 7 5376 -384 0 0 ]
[ 7 5120 -897 0 0 ]
[ 7 5248 -897 0 0 ]
[ 7 5376 -897 0 0 ]
[ 1 4480 -896 0 3 ]
[ 1 4480 -384 0 1 ]
[ 7 4224 -384 0 0 ]
[ 7 4096 -384 0 0 ]
[ 7 4352 -384 0 0 ]
[ 7 4096 -897 0 0 ]
[ 7 4224 -897 0 0 ]
[ 7 4352 -897 0 0 ]
[ 7 4736 -384 0 0 ]
[ 7 4608 -384 0 0 ]
[ 7 4864 -384 0 0 ]
[ 7 4608 -897 0 0 ]
[ 7 4736 -897 0 0 ]
[ 7 4864 -897 0 0 ]
[ 1 4991 -384 270 3 ]
[ 1 4991 -896 270 1 ]
[ 1 -1152 4736 270 0 ]
[ 1 -1152 4224 270 0 ]
[ 1 -1664 4736 270 3 ]
[ 1 -1664 4224 270 5 ]
[ 7 -1536 4224 360 0 ]
[ 7 -1408 4224 0 0 ]
[ 7 -1280 4224 0 0 ]
[ 7 -1536 4736 0 0 ]
[ 7 -1408 4736 0 0 ]
[ 7 -1280 4736 0 0 ]
[ 1 3968 5248 0 3 ]
[ 1 3968 5760 0 1 ]
[ 7 3712 5760 0 0 ]
[ 7 3584 5760 0 0 ]
[ 7 3840 5760 0 0 ]
[ 7 3584 5247 0 0 ]
[ 7 3712 5247 0 0 ]
[ 7 3840 5247 0 0 ]
[ 1 2944 5248 0 3 ]
[ 1 2944 5760 0 1 ]
[ 7 2688 5760 0 0 ]
[ 7 2560 5760 0 0 ]
[ 7 2816 5760 0 0 ]
[ 7 2560 5247 0 0 ]
[ 7 2688 5247 0 0 ]
[ 7 2816 5247 0 0 ]
[ 7 3200 5760 0 0 ]
[ 7 3072 5760 0 0 ]
[ 7 3328 5760 0 0 ]
[ 7 3072 5247 0 0 ]
[ 7 3200 5247 0 0 ]
[ 7 3328 5247 0 0 ]
[ 1 3455 5760 270 3 ]
[ 1 3455 5248 270 1 ]
[ 1 3968 3200 0 3 ]
[ 1 3968 3712 0 1 ]
[ 7 3712 3712 0 0 ]
[ 7 3584 3712 0 0 ]
[ 7 3840 3712 0 0 ]
[ 7 3584 3199 0 0 ]
[ 7 3712 3199 0 0 ]
[ 7 3840 3199 0 0 ]
[ 1 2944 3200 0 3 ]
[ 1 2944 3712 0 1 ]
[ 7 2688 3712 0 0 ]
[ 7 2560 3712 0 0 ]
[ 7 2816 3712 0 0 ]
[ 7 2560 3199 0 0 ]
[ 7 2688 3199 0 0 ]
[ 7 2816 3199 0 0 ]
[ 7 3200 3712 0 0 ]
[ 7 3072 3712 0 0 ]
[ 7 3328 3712 0 0 ]
[ 7 3072 3199 0 0 ]
[ 7 3200 3199 0 0 ]
[ 7 3328 3199 0 0 ]
[ 1 3455 3712 270 3 ]
[ 1 3455 3200 270 1 ]
[ 7 5248 5760 0 0 ]
[ 7 5120 5760 0 0 ]
[ 7 5376 5760 0 0 ]
[ 7 5120 5247 0 0 ]
[ 7 5248 5247 0 0 ]
[ 7 5376 5247 0 0 ]
[ 1 4480 5248 0 3 ]
[ 1 4480 5760 0 1 ]
[ 7 4224 5760 0 0 ]
[ 7 4096 5760 0 0 ]
[ 7 4352 5760 0 0 ]
[ 7 4096 5247 0 0 ]
[ 7 4224 5247 0 0 ]
[ 7 4352 5247 0 0 ]
[ 7 4736 5760 0 0 ]
[ 7 4608 5760 0 0 ]
[ 7 4864 5760 0 0 ]
[ 7 4608 5247 0 0 ]
[ 7 4736 5247 0 0 ]
[ 7 4864 5247 0 0 ]
[ 1 4991 5760 270 3 ]
[ 1 4991 5248 270 1 ]
[ 1 5504 5248 0 3 ]
[ 1 5504 5760 0 1 ]
[ 7 5248 3712 0 0 ]
[ 7 5120 3712 0 0 ]
[ 7 5376 3712 0 0 ]
[ 7 5120 3199 0 0 ]
[ 7 5248 3199 0 0 ]
[ 7 5376 3199 0 0 ]
[ 1 4480 3200 0 3 ]
[ 1 4480 3712 0 1 ]
[ 7 4224 3712 0 0 ]
[ 7 4096 3712 0 0 ]
[ 7 4352 3712 0 0 ]
[ 7 4096 3199 0 0 ]
[ 7 4224 3199 0 0 ]
[ 7 4352 3199 0 0 ]
[ 7 4736 3712 0 0 ]
[ 7 4608 3712 0 0 ]
[ 7 4864 3712 0 0 ]
[ 7 4608 3199 0 0 ]
[ 7 4736 3199 0 0 ]
[ 7 4864 3199 0 0 ]
[ 1 4991 3712 270 3 ]
[ 1 4991 3200 270 1 ]
[ 1 10112 5248 0 3 ]
[ 1 10112 5760 0 1 ]
[ 7 9856 5760 0 0 ]
[ 7 9728 5760 0 0 ]
[ 7 9984 5760 0 0 ]
[ 7 9728 5247 0 0 ]
[ 7 9856 5247 0 0 ]
[ 7 9984 5247 0 0 ]
[ 1 9088 5248 0 3 ]
[ 1 9088 5760 0 1 ]
[ 7 8832 5760 0 0 ]
[ 7 8704 5760 0 0 ]
[ 7 8960 5760 0 0 ]
[ 7 8704 5247 0 0 ]
[ 7 8832 5247 0 0 ]
[ 7 8960 5247 0 0 ]
[ 7 9344 5760 0 0 ]
[ 7 9216 5760 0 0 ]
[ 7 9472 5760 0 0 ]
[ 7 9216 5247 0 0 ]
[ 7 9344 5247 0 0 ]
[ 7 9472 5247 0 0 ]
[ 1 9599 5760 270 3 ]
[ 1 9599 5248 270 1 ]
[ 1 -1664 4224 0 3 ]
[ 1 -1664 4736 0 1 ]
[ 7 -1920 4736 0 0 ]
[ 7 -2048 4736 0 0 ]
[ 7 -1792 4736 0 0 ]
[ 7 -2048 4223 0 0 ]
[ 7 -1920 4223 0 0 ]
[ 7 -1792 4223 0 0 ]
[ 1 -2688 4224 0 3 ]
[ 1 -2688 4736 0 1 ]
[ 7 -4480 4736 0 0 ]
[ 7 -4608 4736 0 0 ]
[ 7 -4352 4736 0 0 ]
[ 7 -4608 4223 0 0 ]
[ 7 -4480 4223 0 0 ]
[ 7 -4352 4223 0 0 ]
[ 7 -2432 4736 0 0 ]
[ 7 -2560 4736 0 0 ]
[ 7 -2304 4736 0 0 ]
[ 7 -2560 4223 0 0 ]
[ 7 -2432 4223 0 0 ]
[ 7 -2304 4223 0 0 ]
[ 1 -2177 4736 270 3 ]
[ 1 -2177 4224 270 1 ]
[ 1 -3200 4224 0 3 ]
[ 1 -3200 4736 0 1 ]
[ 7 -3456 4736 0 0 ]
[ 7 -3584 4736 0 0 ]
[ 7 -3328 4736 0 0 ]
[ 7 -3584 4223 0 0 ]
[ 7 -3456 4223 0 0 ]
[ 7 -3328 4223 0 0 ]
[ 1 -4224 4224 0 3 ]
[ 1 -4224 4736 0 1 ]
[ 7 -4480 4736 0 0 ]
[ 7 -4608 4736 0 0 ]
[ 7 -4352 4736 0 0 ]
[ 7 -4608 4223 0 0 ]
[ 7 -4480 4223 0 0 ]
[ 7 -4352 4223 0 0 ]
[ 7 -3968 4736 0 0 ]
[ 7 -4096 4736 0 0 ]
[ 7 -3840 4736 0 0 ]
[ 7 -4096 4223 0 0 ]
[ 7 -3968 4223 0 0 ]
[ 7 -3840 4223 0 0 ]
[ 1 -3713 4736 270 3 ]
[ 1 -3713 4224 270 1 ]
[ 7 -2944 4736 0 0 ]
[ 7 -3072 4736 0 0 ]
[ 7 -2816 4736 0 0 ]
[ 7 -3072 4223 0 0 ]
[ 7 -2944 4223 0 0 ]
[ 7 -2816 4223 0 0 ]
[ 1 3968 1152 0 3 ]
[ 1 3968 1664 0 1 ]
[ 7 3712 1664 0 0 ]
[ 7 3584 1664 0 0 ]
[ 7 3840 1664 0 0 ]
[ 7 3584 1151 0 0 ]
[ 7 3712 1151 0 0 ]
[ 7 3840 1151 0 0 ]
[ 1 2944 1152 0 3 ]
[ 1 2944 1664 0 1 ]
[ 7 2688 1664 0 0 ]
[ 7 2560 1664 0 0 ]
[ 7 2816 1664 0 0 ]
[ 7 2560 1151 0 0 ]
[ 7 2688 1151 0 0 ]
[ 7 2816 1151 0 0 ]
[ 7 3200 1664 0 0 ]
[ 7 3072 1664 0 0 ]
[ 7 3328 1664 0 0 ]
[ 7 3072 1151 0 0 ]
[ 7 3200 1151 0 0 ]
[ 7 3328 1151 0 0 ]
[ 1 3455 1664 270 3 ]
[ 1 3455 1152 270 1 ]
[ 1 3968 -896 0 3 ]
[ 1 3968 -384 0 1 ]
[ 7 3584 -897 0 0 ]
[ 7 3712 -897 0 0 ]
[ 7 3840 -897 0 0 ]
[ 1 2944 -896 0 3 ]
[ 1 2944 -384 0 1 ]
[ 7 2688 -384 0 0 ]
[ 7 2560 -384 0 0 ]
[ 7 2816 -384 0 0 ]
[ 7 2560 -897 0 0 ]
[ 7 2688 -897 0 0 ]
[ 7 2816 -897 0 0 ]
[ 7 3200 -384 0 0 ]
[ 7 3072 -384 0 0 ]
[ 7 3328 -384 0 0 ]
[ 7 3072 -897 0 0 ]
[ 7 3200 -897 0 0 ]
[ 7 3328 -897 0 0 ]
[ 1 3455 -384 270 3 ]
[ 1 3455 -896 270 1 ]
[ 7 3584 -384 360 0 ]
[ 7 3712 -384 0 0 ]
[ 7 3840 -384 0 0 ]
[ 1 5504 3200 0 3 ]
[ 1 5504 3712 0 1 ]
[ 1 10112 3200 0 3 ]
[ 1 10112 3712 0 1 ]
[ 7 9856 3712 0 0 ]
[ 7 9728 3712 0 0 ]
[ 7 9984 3712 0 0 ]
[ 7 9728 3199 0 0 ]
[ 7 9856 3199 0 0 ]
[ 7 9984 3199 0 0 ]
[ 1 9088 3200 0 3 ]
[ 1 9088 3712 0 1 ]
[ 7 8832 3712 0 0 ]
[ 7 8704 3712 0 0 ]
[ 7 8960 3712 0 0 ]
[ 7 8704 3199 0 0 ]
[ 7 8832 3199 0 0 ]
[ 7 8960 3199 0 0 ]
[ 7 9344 3712 0 0 ]
[ 7 9216 3712 0 0 ]
[ 7 9472 3712 0 0 ]
[ 7 9216 3199 0 0 ]
[ 7 9344 3199 0 0 ]
[ 7 9472 3199 0 0 ]
[ 1 9599 3712 270 3 ]
[ 1 9599 3200 270 1 ]
[ 1 7040 5248 0 3 ]
[ 1 7040 5760 0 1 ]
[ 7 6784 5760 0 0 ]
[ 7 6656 5760 0 0 ]
[ 7 6912 5760 0 0 ]
[ 7 6656 5247 0 0 ]
[ 7 6784 5247 0 0 ]
[ 7 6912 5247 0 0 ]
[ 1 6016 5248 0 3 ]
[ 1 6016 5760 0 1 ]
[ 7 5760 5760 0 0 ]
[ 7 5632 5760 0 0 ]
[ 7 5888 5760 0 0 ]
[ 7 5632 5247 0 0 ]
[ 7 5760 5247 0 0 ]
[ 7 5888 5247 0 0 ]
[ 7 6272 5760 0 0 ]
[ 7 6144 5760 0 0 ]
[ 7 6400 5760 0 0 ]
[ 7 6144 5247 0 0 ]
[ 7 6272 5247 0 0 ]
[ 7 6400 5247 0 0 ]
[ 1 6527 5760 270 3 ]
[ 1 6527 5248 270 1 ]
[ 1 7040 3200 0 3 ]
[ 1 7040 3712 0 1 ]
[ 7 6784 3712 0 0 ]
[ 7 6656 3712 0 0 ]
[ 7 6912 3712 0 0 ]
[ 7 6656 3199 0 0 ]
[ 7 6784 3199 0 0 ]
[ 7 6912 3199 0 0 ]
[ 1 6016 3200 0 3 ]
[ 1 6016 3712 0 1 ]
[ 7 5760 3712 0 0 ]
[ 7 5632 3712 0 0 ]
[ 7 5888 3712 0 0 ]
[ 7 5632 3199 0 0 ]
[ 7 5760 3199 0 0 ]
[ 7 5888 3199 0 0 ]
[ 7 6272 3712 0 0 ]
[ 7 6144 3712 0 0 ]
[ 7 6400 3712 0 0 ]
[ 7 6144 3199 0 0 ]
[ 7 6272 3199 0 0 ]
[ 7 6400 3199 0 0 ]
[ 1 6527 3712 270 3 ]
[ 1 6527 3200 270 1 ]
[ 1 8576 5248 0 3 ]
[ 1 8576 5760 0 1 ]
[ 7 8320 5760 0 0 ]
[ 7 8192 5760 0 0 ]
[ 7 8448 5760 0 0 ]
[ 7 8192 5247 0 0 ]
[ 7 8320 5247 0 0 ]
[ 7 8448 5247 0 0 ]
[ 1 7552 5248 0 3 ]
[ 1 7552 5760 0 1 ]
[ 7 7296 5760 0 0 ]
[ 7 7168 5760 0 0 ]
[ 7 7424 5760 0 0 ]
[ 7 7168 5247 0 0 ]
[ 7 7296 5247 0 0 ]
[ 7 7424 5247 0 0 ]
[ 7 7808 5760 0 0 ]
[ 7 7680 5760 0 0 ]
[ 7 7936 5760 0 0 ]
[ 7 7680 5247 0 0 ]
[ 7 7808 5247 0 0 ]
[ 7 7936 5247 0 0 ]
[ 1 8063 5760 270 3 ]
[ 1 8063 5248 270 1 ]
[ 1 8576 3200 0 3 ]
[ 1 8576 3712 0 1 ]
[ 7 8320 3712 0 0 ]
[ 7 8192 3712 0 0 ]
[ 7 8448 3712 0 0 ]
[ 7 8192 3199 0 0 ]
[ 7 8320 3199 0 0 ]
[ 7 8448 3199 0 0 ]
[ 1 7552 3200 0 3 ]
[ 1 7552 3712 0 1 ]
[ 7 7296 3712 0 0 ]
[ 7 7168 3712 0 0 ]
[ 7 7424 3712 0 0 ]
[ 7 7168 3199 0 0 ]
[ 7 7296 3199 0 0 ]
[ 7 7424 3199 0 0 ]
[ 7 7808 3712 0 0 ]
[ 7 7680 3712 0 0 ]
[ 7 7936 3712 0 0 ]
[ 7 7680 3199 0 0 ]
[ 7 7808 3199 0 0 ]
[ 7 7936 3199 0 0 ]
[ 1 8063 3712 270 3 ]
[ 1 8063 3200 270 1 ]
[ 1 -4736 4224 0 3 ]
[ 1 -4736 4736 0 1 ]
[ 7 -4992 4736 0 0 ]
[ 7 -5120 4736 0 0 ]
[ 7 -4864 4736 0 0 ]
[ 7 -5120 4223 0 0 ]
[ 7 -4992 4223 0 0 ]
[ 7 -4864 4223 0 0 ]
[ 1 -5760 4224 0 3 ]
[ 1 -5760 4736 0 1 ]
[ 7 -6016 4736 0 0 ]
[ 7 -6144 4736 0 0 ]
[ 7 -5888 4736 0 0 ]
[ 7 -6144 4223 0 0 ]
[ 7 -6016 4223 0 0 ]
[ 7 -5888 4223 0 0 ]
[ 7 -5504 4736 0 0 ]
[ 7 -5632 4736 0 0 ]
[ 7 -5376 4736 0 0 ]
[ 7 -5632 4223 0 0 ]
[ 7 -5504 4223 0 0 ]
[ 7 -5376 4223 0 0 ]
[ 1 -5249 4736 270 3 ]
[ 1 -5249 4224 270 1 ]
[ 7 -512 4224 180 0 ]
[ 1 -640 4224 180 1 ]
[ 7 -7296 4608 270 0 ]
[ 7 -7296 4480 270 0 ]
[ 7 -7296 4352 270 0 ]
[ 7 -7168 4224 360 0 ]
[ 7 -7040 4224 0 0 ]
[ 7 -6912 4224 0 0 ]
[ 8 -7296 5248 90 0 ]
[ 8 -6784 5248 90 0 ]
[ 9 -7296 4864 90 0 ]
[ 9 -7296 4992 90 0 ]
[ 9 -7296 5120 90 0 ]
[ 9 -6784 4864 90 0 ]
[ 9 -6784 4992 90 0 ]
[ 9 -6784 5120 90 0 ]
[ 9 -7296 5376 90 0 ]
[ 9 -7296 5504 90 0 ]
[ 9 -7296 5632 90 0 ]
[ 9 -6784 5376 90 0 ]
[ 9 -6784 5504 90 0 ]
[ 9 -6784 5632 90 0 ]
[ 4 -6784 4736 0 0 ]
[ 4 -7296 4736 0 0 ]
[ 8 -7296 5760 90 0 ]
[ 8 -6784 5760 90 0 ]
[ 8 -7296 6272 90 0 ]
[ 8 -6784 6272 90 0 ]
[ 9 -7296 5888 90 0 ]
[ 9 -7296 6016 90 0 ]
[ 9 -7296 6144 90 0 ]
[ 9 -6784 5888 90 0 ]
[ 9 -6784 6016 90 0 ]
[ 9 -6784 6144 90 0 ]
[ 9 -7296 6400 90 0 ]
[ 9 -7296 6528 90 0 ]
[ 9 -7296 6656 90 0 ]
[ 8 -7296 6784 90 0 ]
[ 8 -6784 6784 90 0 ]
[ 9 -7168 6784 180 0 ]
[ 9 -7040 6784 180 0 ]
[ 9 -6912 6784 180 0 ]
[ 9 -10496 9856 180 0 ]
[ 9 -10368 9856 180 0 ]
[ 9 -10240 9856 180 0 ]
[ 9 -10112 9856 180 0 ]
[ 9 -9856 9856 180 0 ]
[ 9 -9728 9856 180 0 ]
[ 9 -9600 9856 180 0 ]
[ 9 -9472 9856 180 0 ]
[ 9 -9344 9856 180 0 ]
[ 9 -9216 9856 180 0 ]
[ 9 -9088 9856 180 0 ]
[ 9 -9984 9856 180 0 ]
[ 9 -10496 10368 180 0 ]
[ 9 -9088 10368 180 0 ]
[ 9 -9216 10368 180 0 ]
[ 9 -9344 10368 180 0 ]
[ 9 -9472 10368 180 0 ]
[ 9 -9600 10368 180 0 ]
[ 9 -9728 10368 180 0 ]
[ 9 -9984 10368 180 0 ]
[ 9 -9856 10368 180 0 ]
[ 9 -10112 10368 180 0 ]
[ 9 -10240 10368 180 0 ]
[ 9 -10368 10368 180 0 ]
[ 9 -6656 6272 180 0 ]
[ 9 -6528 6272 180 0 ]
[ 9 -6400 6272 180 0 ]
[ 9 -6272 6272 180 0 ]
[ 9 -2816 6272 180 0 ]
[ 9 -2688 6272 180 0 ]
[ 9 -2432 6272 180 0 ]
[ 9 -2304 6272 180 0 ]
[ 9 -2176 6272 180 0 ]
[ 9 -2048 6272 180 0 ]
[ 9 -1920 6272 180 0 ]
[ 9 -1792 6272 180 0 ]
[ 9 -1664 6272 180 0 ]
[ 9 -2560 6272 180 0 ]
[ 9 -6656 6784 180 0 ]
[ 9 -6528 6784 180 0 ]
[ 9 -6400 6784 180 0 ]
[ 9 -1664 6784 180 0 ]
[ 9 -1792 6784 180 0 ]
[ 9 -1920 6784 180 0 ]
[ 9 -2048 6784 180 0 ]
[ 9 -2176 6784 180 0 ]
[ 9 -2304 6784 180 0 ]
[ 9 -2432 6784 180 0 ]
[ 9 -2560 6784 180 0 ]
[ 9 -2688 6784 180 0 ]
[ 9 -2816 6784 180 0 ]
[ 9 -6272 6784 180 0 ]
[ 9 -8960 9856 180 0 ]
[ 9 -8832 9856 180 0 ]
[ 9 -8704 9856 180 0 ]
[ 9 -8576 9856 180 0 ]
[ 9 -8448 9856 180 0 ]
[ 9 -6016 9856 180 0 ]
[ 9 -5760 9856 180 0 ]
[ 9 -5632 9856 180 0 ]
[ 9 -5504 9856 180 0 ]
[ 9 -5376 9856 180 0 ]
[ 9 -5248 9856 180 0 ]
[ 9 -5120 9856 180 0 ]
[ 9 -4992 9856 180 0 ]
[ 9 -5888 9856 180 0 ]
[ 9 -8960 10368 180 0 ]
[ 9 -8832 10368 180 0 ]
[ 9 -8704 10368 180 0 ]
[ 9 -4992 10368 180 0 ]
[ 9 -5120 10368 180 0 ]
[ 9 -5248 10368 180 0 ]
[ 9 -5376 10368 180 0 ]
[ 9 -5504 10368 180 0 ]
[ 9 -5632 10368 180 0 ]
[ 9 -5760 10368 180 0 ]
[ 9 -5888 10368 180 0 ]
[ 9 -6016 10368 180 0 ]
[ 9 -8448 10368 180 0 ]
[ 9 -8576 10368 180 0 ]
[ 13 -4352 9856 180 0 ]
[ 25 -4736 10368 180 0 ]
[ 25 -4608 10368 180 0 ]
[ 25 -4480 10368 180 0 ]
[ 25 -4352 10240 270 0 ]
[ 25 -4352 10112 270 0 ]
[ 25 -4352 9984 270 0 ]
[ 4 -4864 9856 0 0 ]
[ 4 -4864 10368 0 3 ]
[ 4 -4352 10368 0 3 ]
[ 13 -4864 9344 270 0 ]
[ 13 -4352 9344 270 0 ]
[ 13 -4864 8832 270 0 ]
[ 13 -4352 8832 270 0 ]
[ 13 -4864 8320 270 0 ]
[ 13 -4352 8320 270 0 ]
[ 25 -4864 9472 270 0 ]
[ 25 -4864 9600 270 0 ]
[ 25 -4864 9728 270 0 ]
[ 25 -4352 9472 270 0 ]
[ 25 -4352 9600 270 0 ]
[ 25 -4352 9728 270 0 ]
[ 25 -4864 9216 270 0 ]
[ 25 -4864 9088 270 0 ]
[ 25 -4864 8960 270 0 ]
[ 25 -4352 8960 270 0 ]
[ 25 -4352 9088 270 0 ]
[ 25 -4352 9216 270 0 ]
[ 25 -4352 8448 270 0 ]
[ 25 -4352 8704 270 0 ]
[ 25 -4352 8576 270 0 ]
[ 25 -4864 8448 270 0 ]
[ 25 -4864 8704 270 0 ]
[ 25 -4864 8576 630 0 ]
[ 25 -4736 8320 360 0 ]
[ 25 -4608 8320 0 0 ]
[ 25 -4480 8320 0 0 ]
[ 9 -8320 9856 180 0 ]
[ 9 -8192 9856 180 0 ]
[ 9 -8064 9856 180 0 ]
[ 9 -7936 9856 180 0 ]
[ 9 -7808 9856 180 0 ]
[ 9 -7552 9856 180 0 ]
[ 9 -7424 9856 180 0 ]
[ 9 -7296 9856 180 0 ]
[ 9 -7168 9856 180 0 ]
[ 9 -7040 9856 180 0 ]
[ 9 -6912 9856 180 0 ]
[ 9 -6784 9856 180 0 ]
[ 9 -7680 9856 180 0 ]
[ 9 -8320 10368 180 0 ]
[ 9 -8192 10368 180 0 ]
[ 9 -6784 10368 180 0 ]
[ 9 -6912 10368 180 0 ]
[ 9 -7040 10368 180 0 ]
[ 9 -7168 10368 180 0 ]
[ 9 -7296 10368 180 0 ]
[ 9 -7424 10368 180 0 ]
[ 9 -7680 10368 180 0 ]
[ 9 -7552 10368 180 0 ]
[ 9 -7808 10368 180 0 ]
[ 9 -7936 10368 180 0 ]
[ 9 -8064 10368 180 0 ]
[ 9 -6656 9856 180 0 ]
[ 9 -6528 9856 180 0 ]
[ 9 -6400 9856 180 0 ]
[ 9 -6272 9856 180 0 ]
[ 9 -6144 9856 180 0 ]
[ 9 -6656 10368 180 0 ]
[ 9 -6528 10368 180 0 ]
[ 9 -6400 10368 180 0 ]
[ 9 -6144 10368 180 0 ]
[ 9 -6272 10368 180 0 ]
[ 8 -11136 9856 0 0 ]
[ 8 -10624 9856 0 0 ]
[ 8 -10624 10368 0 0 ]
[ 8 -11136 10368 0 0 ]
[ 9 -11008 9856 0 0 ]
[ 9 -10880 9856 0 0 ]
[ 9 -10752 9856 0 0 ]
[ 9 -11136 9984 90 0 ]
[ 9 -11136 10112 90 0 ]
[ 9 -11136 10240 90 0 ]
[ 9 -11008 10368 180 0 ]
[ 9 -10880 10368 180 0 ]
[ 9 -10752 10368 180 0 ]
[ 3 -10880 10112 0 0 ]
[ 14 -10240 10240 360 0 ]
[ 3 -4608 8576 0 3 ]
[ 9 -6144 6272 180 0 ]
[ 9 -6016 6272 180 0 ]
[ 9 -5760 6272 180 0 ]
[ 9 -5632 6272 180 0 ]
[ 9 -5504 6272 180 0 ]
[ 9 -5376 6272 180 0 ]
[ 9 -5248 6272 180 0 ]
[ 9 -5120 6272 180 0 ]
[ 9 -4992 6272 180 0 ]
[ 9 -5888 6272 180 0 ]
[ 9 -4864 6784 180 0 ]
[ 9 -4992 6784 180 0 ]
[ 9 -5120 6784 180 0 ]
[ 9 -5248 6784 180 0 ]
[ 9 -5376 6784 180 0 ]
[ 9 -5504 6784 180 0 ]
[ 9 -5632 6784 180 0 ]
[ 9 -5760 6784 180 0 ]
[ 9 -5888 6784 180 0 ]
[ 9 -6016 6784 180 0 ]
[ 9 -6144 6784 180 0 ]
[ 9 -4864 6272 180 0 ]
[ 9 -4736 6272 180 0 ]
[ 9 -4608 6272 180 0 ]
[ 9 -4480 6272 180 0 ]
[ 9 -4352 6272 180 0 ]
[ 9 -4224 6272 180 0 ]
[ 9 -4096 6272 180 0 ]
[ 9 -3840 6272 180 0 ]
[ 9 -3712 6272 180 0 ]
[ 9 -3584 6272 180 0 ]
[ 9 -3456 6272 180 0 ]
[ 9 -3328 6272 180 0 ]
[ 9 -3200 6272 180 0 ]
[ 9 -3072 6272 180 0 ]
[ 9 -3968 6272 180 0 ]
[ 9 -4736 6784 180 0 ]
[ 9 -4608 6784 180 0 ]
[ 9 -4480 6784 180 0 ]
[ 9 -2944 6784 180 0 ]
[ 9 -3072 6784 180 0 ]
[ 9 -3200 6784 180 0 ]
[ 9 -3328 6784 180 0 ]
[ 9 -3456 6784 180 0 ]
[ 9 -3584 6784 180 0 ]
[ 9 -3712 6784 180 0 ]
[ 9 -3840 6784 180 0 ]
[ 9 -3968 6784 180 0 ]
[ 9 -4096 6784 180 0 ]
[ 9 -4224 6784 180 0 ]
[ 9 -4352 6784 180 0 ]
[ 9 -2944 6272 180 0 ]
[ 7 -256 4224 0 0 ]
[ 27 -384 4224 90 dmode 0 1 ]
Movables
Map_floor
[ 21 -512 4352 180 0 ]
[ 21 -384 4352 180 0 ]
[ 21 -256 4352 180 0 ]
[ 21 0 4352 180 0 ]
[ 21 128 4352 180 0 ]
[ 21 256 4352 180 0 ]
[ 21 384 4352 180 0 ]
[ 21 512 4352 180 0 ]
[ 21 640 4352 180 0 ]
[ 21 768 4352 180 0 ]
[ 21 768 4608 180 0 ]
[ 21 640 4608 180 0 ]
[ 21 512 4608 180 0 ]
[ 21 384 4608 180 0 ]
[ 21 256 4608 180 0 ]
[ 21 128 4608 180 0 ]
[ 21 0 4608 180 0 ]
[ 21 -256 4608 180 0 ]
[ 21 -384 4608 180 0 ]
[ 21 -512 4608 180 0 ]
[ 21 -512 4480 180 0 ]
[ 21 -384 4480 180 0 ]
[ 21 -256 4480 180 0 ]
[ 21 0 4480 180 0 ]
[ 21 128 4480 180 0 ]
[ 21 256 4480 180 0 ]
[ 21 384 4480 180 0 ]
[ 21 512 4480 180 0 ]
[ 21 640 4480 180 0 ]
[ 21 768 4480 180 0 ]
[ 3 -128 4352 270 dmode 0 1 ]
[ 3 -128 4480 270 dmode 0 1 ]
[ 3 -128 4608 270 dmode 0 1 ]
[ 19 896 4608 90 0 ]
[ 19 896 4351 270 0 ]
[ 9 896 4480 270 5 ]
[ 21 -897 4352 180 0 ]
[ 21 -1024 4352 180 0 ]
[ 21 -1024 4608 180 0 ]
[ 21 -897 4608 180 0 ]
[ 21 -768 4352 180 0 ]
[ 21 -640 4352 180 0 ]
[ 21 -640 4608 180 0 ]
[ 21 -768 4608 180 0 ]
[ 21 -1024 4480 180 0 ]
[ 21 -896 4480 180 0 ]
[ 21 -768 4480 180 0 ]
[ 21 -640 4480 180 0 ]
[ 21 -6529 4352 180 0 ]
[ 21 -6656 4352 180 0 ]
[ 21 -6656 4608 180 0 ]
[ 21 -6529 4608 180 0 ]
[ 21 -6400 4352 180 0 ]
[ 21 -6272 4352 180 0 ]
[ 21 -6272 4608 180 0 ]
[ 21 -6400 4608 180 0 ]
[ 21 -6656 4480 180 0 ]
[ 21 -6528 4480 180 0 ]
[ 21 -6400 4480 180 0 ]
[ 21 -6272 4480 180 0 ]
[ 21 -7041 4352 180 0 ]
[ 21 -7168 4352 180 0 ]
[ 21 -7168 4608 180 0 ]
[ 21 -7041 4608 180 0 ]
[ 21 -6912 4352 180 0 ]
[ 21 -6912 4608 180 0 ]
[ 21 -7168 4480 180 0 ]
[ 21 -7040 4480 180 0 ]
[ 21 -6912 4480 180 0 ]
[ 21 5247 1280 180 0 ]
[ 21 5120 1280 180 0 ]
[ 21 5120 1536 180 0 ]
[ 21 5247 1536 180 0 ]
[ 21 5376 1280 180 0 ]
[ 21 5504 1280 180 0 ]
[ 21 -512 256 180 0 ]
[ 21 -384 256 180 0 ]
[ 21 -256 256 180 0 ]
[ 21 0 256 180 0 ]
[ 21 128 256 180 0 ]
[ 21 256 256 180 0 ]
[ 21 384 256 180 0 ]
[ 21 512 256 180 0 ]
[ 21 640 256 180 0 ]
[ 21 768 256 180 0 ]
[ 21 768 512 180 0 ]
[ 21 640 512 180 0 ]
[ 21 512 512 180 0 ]
[ 21 384 512 180 0 ]
[ 21 256 512 180 0 ]
[ 21 128 512 180 0 ]
[ 21 0 512 180 0 ]
[ 21 -256 512 180 0 ]
[ 21 -384 512 180 0 ]
[ 21 -512 512 180 0 ]
[ 21 5504 1536 180 0 ]
[ 21 5376 1536 180 0 ]
[ 21 5120 1408 180 0 ]
[ 21 5248 1408 180 0 ]
[ 21 5376 1408 180 0 ]
[ 21 5504 1408 180 0 ]
[ 21 -512 384 180 0 ]
[ 21 -384 384 180 0 ]
[ 21 -256 384 180 0 ]
[ 21 0 384 180 0 ]
[ 21 128 384 180 0 ]
[ 21 256 384 180 0 ]
[ 21 384 384 180 0 ]
[ 21 512 384 180 0 ]
[ 21 640 384 180 0 ]
[ 21 768 384 180 0 ]
[ 19 896 512 90 0 ]
[ 19 896 255 270 0 ]
[ 9 896 384 270 5 ]
[ 21 -897 256 180 0 ]
[ 21 -1024 256 180 0 ]
[ 21 -1024 512 180 0 ]
[ 21 -897 512 180 0 ]
[ 21 -768 256 180 0 ]
[ 21 -640 256 180 0 ]
[ 21 -640 512 180 0 ]
[ 21 -768 512 180 0 ]
[ 21 -1024 384 180 0 ]
[ 21 -896 384 180 0 ]
[ 21 -768 384 180 0 ]
[ 21 -640 384 180 0 ]
[ 21 4223 1280 180 0 ]
[ 21 4096 1280 180 0 ]
[ 21 4096 1536 180 0 ]
[ 21 4223 1536 180 0 ]
[ 21 4352 1280 180 0 ]
[ 21 4480 1280 180 0 ]
[ 21 4480 1536 180 0 ]
[ 21 4352 1536 180 0 ]
[ 21 4096 1408 180 0 ]
[ 21 4224 1408 180 0 ]
[ 21 4352 1408 180 0 ]
[ 21 4480 1408 180 0 ]
[ 21 4735 1280 180 0 ]
[ 21 4608 1280 180 0 ]
[ 21 4608 1536 180 0 ]
[ 21 4735 1536 180 0 ]
[ 21 4864 1280 180 0 ]
[ 21 4992 1280 180 0 ]
[ 21 4992 1536 180 0 ]
[ 21 4864 1536 180 0 ]
[ 21 4608 1408 180 0 ]
[ 21 4736 1408 180 0 ]
[ 21 4864 1408 180 0 ]
[ 21 4992 1408 180 0 ]
[ 21 5247 -768 180 0 ]
[ 21 5120 -768 180 0 ]
[ 21 5120 -512 180 0 ]
[ 21 5247 -512 180 0 ]
[ 21 5376 -768 180 0 ]
[ 21 5504 -768 180 0 ]
[ 21 5504 -512 180 0 ]
[ 21 5376 -512 180 0 ]
[ 21 5120 -640 180 0 ]
[ 21 5248 -640 180 0 ]
[ 21 5376 -640 180 0 ]
[ 21 5504 -640 180 0 ]
[ 21 4223 -768 180 0 ]
[ 21 4096 -768 180 0 ]
[ 21 4096 -512 180 0 ]
[ 21 4223 -512 180 0 ]
[ 21 4352 -768 180 0 ]
[ 21 4480 -768 180 0 ]
[ 21 4480 -512 180 0 ]
[ 21 4352 -512 180 0 ]
[ 21 4096 -640 180 0 ]
[ 21 4224 -640 180 0 ]
[ 21 4352 -640 180 0 ]
[ 21 4480 -640 180 0 ]
[ 21 4735 -768 180 0 ]
[ 21 4608 -768 180 0 ]
[ 21 4608 -512 180 0 ]
[ 21 4735 -512 180 0 ]
[ 21 4864 -768 180 0 ]
[ 21 4992 -768 180 0 ]
[ 21 4992 -512 180 0 ]
[ 21 4864 -512 180 0 ]
[ 21 4608 -640 180 0 ]
[ 21 4736 -640 180 0 ]
[ 21 4864 -640 180 0 ]
[ 21 4992 -640 180 0 ]
[ 21 -1408 4352 0 0 ]
[ 21 -1280 4352 0 0 ]
[ 21 -1152 4352 0 0 ]
[ 21 -1152 4480 0 0 ]
[ 21 -1152 4608 0 0 ]
[ 21 -1280 4608 0 0 ]
[ 21 -1280 4480 0 0 ]
[ 21 -1408 4480 0 0 ]
[ 21 -1408 4608 0 0 ]
[ 21 -1536 4352 0 0 ]
[ 21 -1536 4480 0 0 ]
[ 21 -1536 4608 0 0 ]
[ 4 2432 1280 180 0 ]
[ 4 2432 1408 180 0 ]
[ 4 2432 1536 180 0 ]
[ 4 2432 -768 180 0 ]
[ 4 2432 -640 180 0 ]
[ 4 2432 -512 180 0 ]
[ 4 512 640 270 0 ]
[ 4 640 640 270 0 ]
[ 4 768 128 270 0 ]
[ 4 640 128 270 0 ]
[ 4 512 128 270 0 ]
[ 4 768 640 270 0 ]
[ 1 512 4096 0 0 ]
[ 1 512 3968 270 0 ]
[ 1 512 3840 90 0 ]
[ 1 512 3712 270 0 ]
[ 1 512 3584 270 0 ]
[ 1 640 3712 90 0 ]
[ 1 640 3840 0 0 ]
[ 1 640 3968 0 0 ]
[ 1 640 4096 90 0 ]
[ 1 768 4096 180 0 ]
[ 1 768 3968 270 0 ]
[ 1 768 3840 180 0 ]
[ 1 768 3712 270 0 ]
[ 1 768 3584 180 0 ]
[ 1 768 3456 90 0 ]
[ 1 640 3584 180 0 ]
[ 1 640 3456 90 0 ]
[ 1 512 3456 90 0 ]
[ 1 512 3328 180 0 ]
[ 1 640 3328 180 0 ]
[ 1 768 3328 0 0 ]
[ 1 896 3328 270 0 ]
[ 1 1024 3328 0 0 ]
[ 1 1152 3328 90 0 ]
[ 1 1280 3328 180 0 ]
[ 1 1408 3328 0 0 ]
[ 1 1536 3328 90 0 ]
[ 1 1664 3328 0 0 ]
[ 1 2176 3328 270 0 ]
[ 1 2048 3328 90 0 ]
[ 1 1920 3328 180 0 ]
[ 1 1792 3328 0 0 ]
[ 1 1920 3584 0 0 ]
[ 1 2176 3456 180 0 ]
[ 1 2304 3328 270 0 ]
[ 1 2304 3456 0 0 ]
[ 1 2304 3584 0 0 ]
[ 1 2176 3584 270 0 ]
[ 1 2048 3584 90 0 ]
[ 1 2048 3456 90 0 ]
[ 1 1920 3456 270 0 ]
[ 1 1792 3456 270 0 ]
[ 1 1792 3584 270 0 ]
[ 1 1664 3584 180 0 ]
[ 1 1536 3584 180 0 ]
[ 1 1408 3584 0 0 ]
[ 1 1280 3584 90 0 ]
[ 1 1152 3584 270 0 ]
[ 1 1024 3584 90 0 ]
[ 1 896 3584 90 0 ]
[ 1 896 3456 270 0 ]
[ 1 1024 3456 180 0 ]
[ 1 1152 3456 90 0 ]
[ 1 1280 3456 0 0 ]
[ 1 1408 3456 180 0 ]
[ 1 1536 3456 90 0 ]
[ 1 1664 3456 90 0 ]
[ 1 512 -512 270 0 ]
[ 1 768 -512 180 0 ]
[ 1 768 -640 90 0 ]
[ 1 640 -512 180 0 ]
[ 1 640 -640 90 0 ]
[ 1 512 -640 90 0 ]
[ 1 512 -768 180 0 ]
[ 1 640 -768 180 0 ]
[ 1 768 -768 0 0 ]
[ 1 896 -768 270 0 ]
[ 1 1024 -768 0 0 ]
[ 1 1152 -768 90 0 ]
[ 1 1280 -768 180 0 ]
[ 1 1408 -768 0 0 ]
[ 1 1536 -768 90 0 ]
[ 1 1664 -768 0 0 ]
[ 1 2176 -768 270 0 ]
[ 1 2048 -768 90 0 ]
[ 1 1920 -768 180 0 ]
[ 1 1792 -768 0 0 ]
[ 1 1920 -512 0 0 ]
[ 1 2176 -640 180 0 ]
[ 1 2304 -768 270 0 ]
[ 1 2304 -640 0 0 ]
[ 1 2304 -512 0 0 ]
[ 1 2176 -512 270 0 ]
[ 1 2048 -512 90 0 ]
[ 1 2048 -640 90 0 ]
[ 1 1920 -640 270 0 ]
[ 1 1792 -640 270 0 ]
[ 1 1792 -512 270 0 ]
[ 1 1664 -512 180 0 ]
[ 1 1536 -512 180 0 ]
[ 1 1408 -512 0 0 ]
[ 1 1280 -512 90 0 ]
[ 1 1152 -512 270 0 ]
[ 1 1024 -512 90 0 ]
[ 1 896 -512 90 0 ]
[ 1 896 -640 270 0 ]
[ 1 1024 -640 180 0 ]
[ 1 1152 -640 90 0 ]
[ 1 1280 -640 0 0 ]
[ 1 1408 -640 180 0 ]
[ 1 1536 -640 90 0 ]
[ 1 1664 -640 90 0 ]
[ 1 512 0 0 0 ]
[ 1 512 -128 270 0 ]
[ 1 512 -256 90 0 ]
[ 1 512 -384 270 0 ]
[ 1 640 -384 90 0 ]
[ 1 640 -256 0 0 ]
[ 1 640 -128 0 0 ]
[ 1 640 0 90 0 ]
[ 1 768 0 180 0 ]
[ 1 768 -128 270 0 ]
[ 1 768 -256 180 0 ]
[ 1 768 -384 270 0 ]
[ 4 2432 3328 360 0 ]
[ 4 2432 3456 0 0 ]
[ 4 2432 3584 0 0 ]
[ 4 512 4224 90 0 ]
[ 4 640 4224 90 0 ]
[ 4 768 4224 90 0 ]
[ 4 640 4736 90 0 ]
[ 4 512 4736 90 0 ]
[ 4 768 4736 90 0 ]
[ 4 2432 5376 180 0 ]
[ 4 2432 5504 180 0 ]
[ 4 2432 5632 180 0 ]
[ 22 512 768 180 0 ]
[ 22 512 896 180 0 ]
[ 22 512 1024 180 0 ]
[ 22 640 1152 180 0 ]
[ 22 640 1279 180 0 ]
[ 22 640 1408 180 0 ]
[ 22 512 1152 180 0 ]
[ 22 512 1279 180 0 ]
[ 22 512 1408 180 0 ]
[ 22 512 1536 180 0 ]
[ 22 640 1536 180 0 ]
[ 22 768 1536 180 0 ]
[ 22 896 1536 180 0 ]
[ 22 1024 1536 180 0 ]
[ 22 1152 1536 180 0 ]
[ 22 1280 1536 180 0 ]
[ 22 1408 1536 180 0 ]
[ 22 1536 1536 180 0 ]
[ 22 1664 1536 180 0 ]
[ 22 1792 1536 180 0 ]
[ 22 1920 1536 180 0 ]
[ 22 2048 1536 180 0 ]
[ 22 2304 1408 180 0 ]
[ 22 2304 1279 180 0 ]
[ 22 2176 1279 180 0 ]
[ 22 2048 1279 180 0 ]
[ 22 1920 1279 180 0 ]
[ 22 1792 1279 180 0 ]
[ 22 1536 1408 180 0 ]
[ 22 1408 1408 180 0 ]
[ 22 1280 1408 180 0 ]
[ 22 1152 1408 180 0 ]
[ 22 1024 1408 180 0 ]
[ 22 896 1408 180 0 ]
[ 22 768 1408 180 0 ]
[ 22 768 1279 180 0 ]
[ 22 768 896 180 0 ]
[ 22 768 768 180 0 ]
[ 22 640 768 180 0 ]
[ 22 640 896 180 0 ]
[ 22 640 1024 180 0 ]
[ 22 768 1024 180 0 ]
[ 22 768 1152 180 0 ]
[ 22 896 1279 180 0 ]
[ 22 1024 1279 180 0 ]
[ 22 1152 1279 180 0 ]
[ 22 1280 1279 180 0 ]
[ 22 1408 1279 180 0 ]
[ 22 1536 1279 180 0 ]
[ 22 1664 1279 180 0 ]
[ 22 1664 1408 180 0 ]
[ 22 1792 1408 180 0 ]
[ 22 1920 1408 180 0 ]
[ 22 2048 1408 180 0 ]
[ 22 2176 1408 180 0 ]
[ 22 2176 1536 180 0 ]
[ 22 2304 1536 180 0 ]
[ 22 512 4864 180 0 ]
[ 22 512 4992 180 0 ]
[ 22 512 5120 180 0 ]
[ 22 512 5248 180 0 ]
[ 22 512 5376 180 0 ]
[ 22 512 5504 180 0 ]
[ 22 512 5632 180 0 ]
[ 22 640 5632 180 0 ]
[ 22 768 5632 180 0 ]
[ 22 896 5632 180 0 ]
[ 22 1024 5632 180 0 ]
[ 22 1152 5632 180 0 ]
[ 22 1280 5632 180 0 ]
[ 22 1408 5632 180 0 ]
[ 22 1536 5632 180 0 ]
[ 22 1664 5632 180 0 ]
[ 22 1792 5632 180 0 ]
[ 22 1920 5632 180 0 ]
[ 22 2048 5632 180 0 ]
[ 22 2176 5632 180 0 ]
[ 22 2304 5632 180 0 ]
[ 22 2304 5376 180 0 ]
[ 22 2176 5376 180 0 ]
[ 22 2048 5376 180 0 ]
[ 22 1920 5376 180 0 ]
[ 22 1792 5376 180 0 ]
[ 22 1664 5376 180 0 ]
[ 22 1536 5376 180 0 ]
[ 22 1408 5376 180 0 ]
[ 22 1280 5376 180 0 ]
[ 22 1152 5376 180 0 ]
[ 22 1024 5376 180 0 ]
[ 22 896 5376 180 0 ]
[ 22 768 5376 180 0 ]
[ 22 768 5248 180 0 ]
[ 22 768 5120 180 0 ]
[ 22 768 4992 180 0 ]
[ 22 768 4864 180 0 ]
[ 22 640 4864 180 0 ]
[ 22 640 4992 180 0 ]
[ 22 640 5120 180 0 ]
[ 22 640 5248 180 0 ]
[ 22 640 5376 180 0 ]
[ 22 640 5504 180 0 ]
[ 22 768 5504 180 0 ]
[ 22 896 5504 180 0 ]
[ 22 1024 5504 180 0 ]
[ 22 1152 5504 180 0 ]
[ 22 1280 5504 180 0 ]
[ 22 1408 5504 180 0 ]
[ 22 1536 5504 180 0 ]
[ 22 1664 5504 180 0 ]
[ 22 1792 5504 180 0 ]
[ 22 1920 5504 180 0 ]
[ 22 2048 5504 180 0 ]
[ 22 2176 5504 180 0 ]
[ 22 2304 5504 180 0 ]
[ 21 3711 5376 180 0 ]
[ 21 3584 5376 180 0 ]
[ 21 3584 5632 180 0 ]
[ 21 3711 5632 180 0 ]
[ 21 3840 5376 180 0 ]
[ 21 3968 5376 180 0 ]
[ 21 3968 5632 180 0 ]
[ 21 3840 5632 180 0 ]
[ 21 3584 5504 180 0 ]
[ 21 3712 5504 180 0 ]
[ 21 3840 5504 180 0 ]
[ 21 3968 5504 180 0 ]
[ 21 2687 5376 180 0 ]
[ 21 2560 5376 180 0 ]
[ 21 2560 5632 180 0 ]
[ 21 2687 5632 180 0 ]
[ 21 2816 5376 180 0 ]
[ 21 2944 5376 180 0 ]
[ 21 2944 5632 180 0 ]
[ 21 2816 5632 180 0 ]
[ 21 2560 5504 180 0 ]
[ 21 2688 5504 180 0 ]
[ 21 2816 5504 180 0 ]
[ 21 2944 5504 180 0 ]
[ 21 3199 5376 180 0 ]
[ 21 3072 5376 180 0 ]
[ 21 3072 5632 180 0 ]
[ 21 3199 5632 180 0 ]
[ 21 3328 5376 180 0 ]
[ 21 3456 5376 180 0 ]
[ 21 3456 5632 180 0 ]
[ 21 3328 5632 180 0 ]
[ 21 3072 5504 180 0 ]
[ 21 3200 5504 180 0 ]
[ 21 3328 5504 180 0 ]
[ 21 3456 5504 180 0 ]
[ 21 3711 3328 180 0 ]
[ 21 3584 3328 180 0 ]
[ 21 3584 3584 180 0 ]
[ 21 3711 3584 180 0 ]
[ 21 3840 3328 180 0 ]
[ 21 3968 3328 180 0 ]
[ 21 3968 3584 180 0 ]
[ 21 3840 3584 180 0 ]
[ 21 3584 3456 180 0 ]
[ 21 3712 3456 180 0 ]
[ 21 3840 3456 180 0 ]
[ 21 3968 3456 180 0 ]
[ 21 2687 3328 180 0 ]
[ 21 2560 3328 180 0 ]
[ 21 2560 3584 180 0 ]
[ 21 2687 3584 180 0 ]
[ 21 2816 3328 180 0 ]
[ 21 2944 3328 180 0 ]
[ 21 2944 3584 180 0 ]
[ 21 2816 3584 180 0 ]
[ 21 2560 3456 180 0 ]
[ 21 2688 3456 180 0 ]
[ 21 2816 3456 180 0 ]
[ 21 2944 3456 180 0 ]
[ 21 3199 3328 180 0 ]
[ 21 3072 3328 180 0 ]
[ 21 3072 3584 180 0 ]
[ 21 3199 3584 180 0 ]
[ 21 3328 3328 180 0 ]
[ 21 3456 3328 180 0 ]
[ 21 3456 3584 180 0 ]
[ 21 3328 3584 180 0 ]
[ 21 3072 3456 180 0 ]
[ 21 3200 3456 180 0 ]
[ 21 3328 3456 180 0 ]
[ 21 3456 3456 180 0 ]
[ 21 5247 5376 180 0 ]
[ 21 5120 5376 180 0 ]
[ 21 5120 5632 180 0 ]
[ 21 5247 5632 180 0 ]
[ 21 5376 5632 180 0 ]
[ 21 5120 5504 180 0 ]
[ 21 5248 5504 180 0 ]
[ 21 5376 5504 180 0 ]
[ 21 4223 5376 180 0 ]
[ 21 4096 5376 180 0 ]
[ 21 4096 5632 180 0 ]
[ 21 4223 5632 180 0 ]
[ 21 4352 5376 180 0 ]
[ 21 4480 5376 180 0 ]
[ 21 4480 5632 180 0 ]
[ 21 4352 5632 180 0 ]
[ 21 4096 5504 180 0 ]
[ 21 4224 5504 180 0 ]
[ 21 4352 5504 180 0 ]
[ 21 4480 5504 180 0 ]
[ 21 4735 5376 180 0 ]
[ 21 4608 5376 180 0 ]
[ 21 4608 5632 180 0 ]
[ 21 4735 5632 180 0 ]
[ 21 4864 5376 180 0 ]
[ 21 4992 5376 180 0 ]
[ 21 4992 5632 180 0 ]
[ 21 4864 5632 180 0 ]
[ 21 4608 5504 180 0 ]
[ 21 4736 5504 180 0 ]
[ 21 4864 5504 180 0 ]
[ 21 4992 5504 180 0 ]
[ 21 5247 3328 180 0 ]
[ 21 5120 3328 180 0 ]
[ 21 5120 3584 180 0 ]
[ 21 5247 3584 180 0 ]
[ 21 5376 3328 180 0 ]
[ 21 5504 5376 180 0 ]
[ 21 5504 5632 180 0 ]
[ 21 5376 3584 180 0 ]
[ 21 5120 3456 180 0 ]
[ 21 5248 3456 180 0 ]
[ 21 5376 3456 180 0 ]
[ 21 5504 5504 180 0 ]
[ 21 4223 3328 180 0 ]
[ 21 4096 3328 180 0 ]
[ 21 4096 3584 180 0 ]
[ 21 4223 3584 180 0 ]
[ 21 4352 3328 180 0 ]
[ 21 4480 3328 180 0 ]
[ 21 4480 3584 180 0 ]
[ 21 4352 3584 180 0 ]
[ 21 4096 3456 180 0 ]
[ 21 4224 3456 180 0 ]
[ 21 4352 3456 180 0 ]
[ 21 4480 3456 180 0 ]
[ 21 4735 3328 180 0 ]
[ 21 4608 3328 180 0 ]
[ 21 4608 3584 180 0 ]
[ 21 4735 3584 180 0 ]
[ 21 4864 3328 180 0 ]
[ 21 4992 3328 180 0 ]
[ 21 4992 3584 180 0 ]
[ 21 4864 3584 180 0 ]
[ 21 4608 3456 180 0 ]
[ 21 4736 3456 180 0 ]
[ 21 4864 3456 180 0 ]
[ 21 4992 3456 180 0 ]
[ 21 -1664 4352 180 0 ]
[ 21 -1664 4480 180 0 ]
[ 21 -1664 4608 180 0 ]
[ 21 9855 5376 180 0 ]
[ 21 9728 5376 180 0 ]
[ 21 9728 5632 180 0 ]
[ 21 9855 5632 180 0 ]
[ 21 9984 5376 180 0 ]
[ 21 10112 5376 180 0 ]
[ 21 10112 5632 180 0 ]
[ 21 9984 5632 180 0 ]
[ 21 9728 5504 180 0 ]
[ 21 9856 5504 180 0 ]
[ 21 9984 5504 180 0 ]
[ 21 10112 5504 180 0 ]
[ 21 8831 5376 180 0 ]
[ 21 8704 5376 180 0 ]
[ 21 8704 5632 180 0 ]
[ 21 8831 5632 180 0 ]
[ 21 8960 5376 180 0 ]
[ 21 9088 5376 180 0 ]
[ 21 9088 5632 180 0 ]
[ 21 8960 5632 180 0 ]
[ 21 8704 5504 180 0 ]
[ 21 8832 5504 180 0 ]
[ 21 8960 5504 180 0 ]
[ 21 9088 5504 180 0 ]
[ 21 9343 5376 180 0 ]
[ 21 9216 5376 180 0 ]
[ 21 9216 5632 180 0 ]
[ 21 9343 5632 180 0 ]
[ 21 9472 5376 180 0 ]
[ 21 9600 5376 180 0 ]
[ 21 9600 5632 180 0 ]
[ 21 9472 5632 180 0 ]
[ 21 9216 5504 180 0 ]
[ 21 9344 5504 180 0 ]
[ 21 9472 5504 180 0 ]
[ 21 9600 5504 180 0 ]
[ 21 -1921 4352 180 0 ]
[ 21 -2048 4352 180 0 ]
[ 21 -2048 4608 180 0 ]
[ 21 -1921 4608 180 0 ]
[ 21 -1792 4352 180 0 ]
[ 21 -1664 4352 180 0 ]
[ 21 -1664 4608 180 0 ]
[ 21 -1792 4608 180 0 ]
[ 21 -2048 4480 180 0 ]
[ 21 -1920 4480 180 0 ]
[ 21 -1792 4480 180 0 ]
[ 21 -1664 4480 180 0 ]
[ 21 -4481 4352 180 0 ]
[ 21 -4608 4352 180 0 ]
[ 21 -4608 4608 180 0 ]
[ 21 -4481 4608 180 0 ]
[ 21 -4352 4352 180 0 ]
[ 21 -2688 4352 180 0 ]
[ 21 -2688 4608 180 0 ]
[ 21 -4352 4608 180 0 ]
[ 21 -4608 4480 180 0 ]
[ 21 -4480 4480 180 0 ]
[ 21 -4352 4480 180 0 ]
[ 21 -2688 4480 180 0 ]
[ 21 -2433 4352 180 0 ]
[ 21 -2560 4352 180 0 ]
[ 21 -2560 4608 180 0 ]
[ 21 -2433 4608 180 0 ]
[ 21 -2304 4352 180 0 ]
[ 21 -2176 4352 180 0 ]
[ 21 -2176 4608 180 0 ]
[ 21 -2304 4608 180 0 ]
[ 21 -2560 4480 180 0 ]
[ 21 -2432 4480 180 0 ]
[ 21 -2304 4480 180 0 ]
[ 21 -2176 4480 180 0 ]
[ 3 -128 256 270 dmode 0 1 ]
[ 3 -128 384 270 dmode 0 1 ]
[ 3 -128 512 270 dmode 0 1 ]
[ 21 -3457 4352 180 0 ]
[ 21 -3584 4352 180 0 ]
[ 21 -3584 4608 180 0 ]
[ 21 -3457 4608 180 0 ]
[ 21 -3328 4352 180 0 ]
[ 21 -3200 4352 180 0 ]
[ 21 -3200 4608 180 0 ]
[ 21 -3328 4608 180 0 ]
[ 21 -3584 4480 180 0 ]
[ 21 -3456 4480 180 0 ]
[ 21 -3328 4480 180 0 ]
[ 21 -3200 4480 180 0 ]
[ 21 -4481 4352 180 0 ]
[ 21 -4608 4352 180 0 ]
[ 21 -4608 4608 180 0 ]
[ 21 -4481 4608 180 0 ]
[ 21 -4352 4352 180 0 ]
[ 21 -4224 4352 180 0 ]
[ 21 -4224 4608 180 0 ]
[ 21 -4352 4608 180 0 ]
[ 21 -4608 4480 180 0 ]
[ 21 -4480 4480 180 0 ]
[ 21 -4352 4480 180 0 ]
[ 21 -4224 4480 180 0 ]
[ 21 -3969 4352 180 0 ]
[ 21 -4096 4352 180 0 ]
[ 21 -4096 4608 180 0 ]
[ 21 -3969 4608 180 0 ]
[ 21 -3840 4352 180 0 ]
[ 21 -3712 4352 180 0 ]
[ 21 -3712 4608 180 0 ]
[ 21 -3840 4608 180 0 ]
[ 21 -4096 4480 180 0 ]
[ 21 -3968 4480 180 0 ]
[ 21 -3840 4480 180 0 ]
[ 21 -3712 4480 180 0 ]
[ 21 -2945 4352 180 0 ]
[ 21 -3072 4352 180 0 ]
[ 21 -3072 4608 180 0 ]
[ 21 -2945 4608 180 0 ]
[ 21 -2816 4352 180 0 ]
[ 21 -2816 4608 180 0 ]
[ 21 -3072 4480 180 0 ]
[ 21 -2944 4480 180 0 ]
[ 21 -2816 4480 180 0 ]
[ 21 3711 1280 180 0 ]
[ 21 3584 1280 180 0 ]
[ 21 3584 1536 180 0 ]
[ 21 3711 1536 180 0 ]
[ 21 3840 1280 180 0 ]
[ 21 3968 1280 180 0 ]
[ 21 3968 1536 180 0 ]
[ 21 3840 1536 180 0 ]
[ 21 3584 1408 180 0 ]
[ 21 3712 1408 180 0 ]
[ 21 3840 1408 180 0 ]
[ 21 3968 1408 180 0 ]
[ 21 2687 1280 180 0 ]
[ 21 2560 1280 180 0 ]
[ 21 2560 1536 180 0 ]
[ 21 2687 1536 180 0 ]
[ 21 2816 1280 180 0 ]
[ 21 2944 1280 180 0 ]
[ 21 2944 1536 180 0 ]
[ 21 2816 1536 180 0 ]
[ 21 2560 1408 180 0 ]
[ 21 2688 1408 180 0 ]
[ 21 2816 1408 180 0 ]
[ 21 2944 1408 180 0 ]
[ 21 3199 1280 180 0 ]
[ 21 3072 1280 180 0 ]
[ 21 3072 1536 180 0 ]
[ 21 3199 1536 180 0 ]
[ 21 3328 1280 180 0 ]
[ 21 3456 1280 180 0 ]
[ 21 3456 1536 180 0 ]
[ 21 3328 1536 180 0 ]
[ 21 3072 1408 180 0 ]
[ 21 3200 1408 180 0 ]
[ 21 3328 1408 180 0 ]
[ 21 3456 1408 180 0 ]
[ 21 3711 -768 180 0 ]
[ 21 3584 -768 180 0 ]
[ 21 3584 -512 180 0 ]
[ 21 3711 -512 180 0 ]
[ 21 3840 -768 180 0 ]
[ 21 3968 -768 180 0 ]
[ 21 3968 -512 180 0 ]
[ 21 3840 -512 180 0 ]
[ 21 3584 -640 180 0 ]
[ 21 3712 -640 180 0 ]
[ 21 3840 -640 180 0 ]
[ 21 3968 -640 180 0 ]
[ 21 2687 -768 180 0 ]
[ 21 2560 -768 180 0 ]
[ 21 2560 -512 180 0 ]
[ 21 2687 -512 180 0 ]
[ 21 2816 -768 180 0 ]
[ 21 2944 -768 180 0 ]
[ 21 2944 -512 180 0 ]
[ 21 2816 -512 180 0 ]
[ 21 2560 -640 180 0 ]
[ 21 2688 -640 180 0 ]
[ 21 2816 -640 180 0 ]
[ 21 2944 -640 180 0 ]
[ 21 3199 -768 180 0 ]
[ 21 3072 -768 180 0 ]
[ 21 3072 -512 180 0 ]
[ 21 3199 -512 180 0 ]
[ 21 3328 -768 180 0 ]
[ 21 3456 -768 180 0 ]
[ 21 3456 -512 180 0 ]
[ 21 3328 -512 180 0 ]
[ 21 3072 -640 180 0 ]
[ 21 3200 -640 180 0 ]
[ 21 3328 -640 180 0 ]
[ 21 3456 -640 180 0 ]
[ 21 5504 3328 180 0 ]
[ 21 5504 3584 180 0 ]
[ 21 5504 3456 180 0 ]
[ 21 9855 3328 180 0 ]
[ 21 9728 3328 180 0 ]
[ 21 9728 3584 180 0 ]
[ 21 9855 3584 180 0 ]
[ 21 9984 3328 180 0 ]
[ 21 10112 3328 180 0 ]
[ 21 10112 3584 180 0 ]
[ 21 9984 3584 180 0 ]
[ 21 9728 3456 180 0 ]
[ 21 9856 3456 180 0 ]
[ 21 9984 3456 180 0 ]
[ 21 10112 3456 180 0 ]
[ 21 8831 3328 180 0 ]
[ 21 8704 3328 180 0 ]
[ 21 8704 3584 180 0 ]
[ 21 8831 3584 180 0 ]
[ 21 8960 3328 180 0 ]
[ 21 9088 3328 180 0 ]
[ 21 9088 3584 180 0 ]
[ 21 8960 3584 180 0 ]
[ 21 8704 3456 180 0 ]
[ 21 8832 3456 180 0 ]
[ 21 8960 3456 180 0 ]
[ 21 9088 3456 180 0 ]
[ 21 9343 3328 180 0 ]
[ 21 9216 3328 180 0 ]
[ 21 9216 3584 180 0 ]
[ 21 9343 3584 180 0 ]
[ 21 9472 3328 180 0 ]
[ 21 9600 3328 180 0 ]
[ 21 9600 3584 180 0 ]
[ 21 9472 3584 180 0 ]
[ 21 9216 3456 180 0 ]
[ 21 9344 3456 180 0 ]
[ 21 9472 3456 180 0 ]
[ 21 9600 3456 180 0 ]
[ 21 5376 5376 0 0 ]
[ 21 6783 5376 180 0 ]
[ 21 6656 5376 180 0 ]
[ 21 6656 5632 180 0 ]
[ 21 6783 5632 180 0 ]
[ 21 6912 5376 180 0 ]
[ 21 7040 5376 180 0 ]
[ 21 7040 5632 180 0 ]
[ 21 6912 5632 180 0 ]
[ 21 6656 5504 180 0 ]
[ 21 6784 5504 180 0 ]
[ 21 6912 5504 180 0 ]
[ 21 7040 5504 180 0 ]
[ 21 5759 5376 180 0 ]
[ 21 5632 5376 180 0 ]
[ 21 5632 5632 180 0 ]
[ 21 5759 5632 180 0 ]
[ 21 5888 5376 180 0 ]
[ 21 6016 5376 180 0 ]
[ 21 6016 5632 180 0 ]
[ 21 5888 5632 180 0 ]
[ 21 5632 5504 180 0 ]
[ 21 5760 5504 180 0 ]
[ 21 5888 5504 180 0 ]
[ 21 6016 5504 180 0 ]
[ 21 6271 5376 180 0 ]
[ 21 6144 5376 180 0 ]
[ 21 6144 5632 180 0 ]
[ 21 6271 5632 180 0 ]
[ 21 6400 5376 180 0 ]
[ 21 6528 5376 180 0 ]
[ 21 6528 5632 180 0 ]
[ 21 6400 5632 180 0 ]
[ 21 6144 5504 180 0 ]
[ 21 6272 5504 180 0 ]
[ 21 6400 5504 180 0 ]
[ 21 6528 5504 180 0 ]
[ 21 6783 3328 180 0 ]
[ 21 6656 3328 180 0 ]
[ 21 6656 3584 180 0 ]
[ 21 6783 3584 180 0 ]
[ 21 6912 3328 180 0 ]
[ 21 7040 3328 180 0 ]
[ 21 7040 3584 180 0 ]
[ 21 6912 3584 180 0 ]
[ 21 6656 3456 180 0 ]
[ 21 6784 3456 180 0 ]
[ 21 6912 3456 180 0 ]
[ 21 7040 3456 180 0 ]
[ 21 5759 3328 180 0 ]
[ 21 5632 3328 180 0 ]
[ 21 5632 3584 180 0 ]
[ 21 5759 3584 180 0 ]
[ 21 5888 3328 180 0 ]
[ 21 6016 3328 180 0 ]
[ 21 6016 3584 180 0 ]
[ 21 5888 3584 180 0 ]
[ 21 5632 3456 180 0 ]
[ 21 5760 3456 180 0 ]
[ 21 5888 3456 180 0 ]
[ 21 6016 3456 180 0 ]
[ 21 6271 3328 180 0 ]
[ 21 6144 3328 180 0 ]
[ 21 6144 3584 180 0 ]
[ 21 6271 3584 180 0 ]
[ 21 6400 3328 180 0 ]
[ 21 6528 3328 180 0 ]
[ 21 6528 3584 180 0 ]
[ 21 6400 3584 180 0 ]
[ 21 6144 3456 180 0 ]
[ 21 6272 3456 180 0 ]
[ 21 6400 3456 180 0 ]
[ 21 6528 3456 180 0 ]
[ 21 8319 5376 180 0 ]
[ 21 8192 5376 180 0 ]
[ 21 8192 5632 180 0 ]
[ 21 8319 5632 180 0 ]
[ 21 8448 5376 180 0 ]
[ 21 8576 5376 180 0 ]
[ 21 8576 5632 180 0 ]
[ 21 8448 5632 180 0 ]
[ 21 8192 5504 180 0 ]
[ 21 8320 5504 180 0 ]
[ 21 8448 5504 180 0 ]
[ 21 8576 5504 180 0 ]
[ 21 7295 5376 180 0 ]
[ 21 7168 5376 180 0 ]
[ 21 7168 5632 180 0 ]
[ 21 7295 5632 180 0 ]
[ 21 7424 5376 180 0 ]
[ 21 7552 5376 180 0 ]
[ 21 7552 5632 180 0 ]
[ 21 7424 5632 180 0 ]
[ 21 7168 5504 180 0 ]
[ 21 7296 5504 180 0 ]
[ 21 7424 5504 180 0 ]
[ 21 7552 5504 180 0 ]
[ 21 7807 5376 180 0 ]
[ 21 7680 5376 180 0 ]
[ 21 7680 5632 180 0 ]
[ 21 7807 5632 180 0 ]
[ 21 7936 5376 180 0 ]
[ 21 8064 5376 180 0 ]
[ 21 8064 5632 180 0 ]
[ 21 7936 5632 180 0 ]
[ 21 7680 5504 180 0 ]
[ 21 7808 5504 180 0 ]
[ 21 7936 5504 180 0 ]
[ 21 8064 5504 180 0 ]
[ 21 8319 3328 180 0 ]
[ 21 8192 3328 180 0 ]
[ 21 8192 3584 180 0 ]
[ 21 8319 3584 180 0 ]
[ 21 8448 3328 180 0 ]
[ 21 8576 3328 180 0 ]
[ 21 8576 3584 180 0 ]
[ 21 8448 3584 180 0 ]
[ 21 8192 3456 180 0 ]
[ 21 8320 3456 180 0 ]
[ 21 8448 3456 180 0 ]
[ 21 8576 3456 180 0 ]
[ 21 7295 3328 180 0 ]
[ 21 7168 3328 180 0 ]
[ 21 7168 3584 180 0 ]
[ 21 7295 3584 180 0 ]
[ 21 7424 3328 180 0 ]
[ 21 7552 3328 180 0 ]
[ 21 7552 3584 180 0 ]
[ 21 7424 3584 180 0 ]
[ 21 7168 3456 180 0 ]
[ 21 7296 3456 180 0 ]
[ 21 7424 3456 180 0 ]
[ 21 7552 3456 180 0 ]
[ 21 7807 3328 180 0 ]
[ 21 7680 3328 180 0 ]
[ 21 7680 3584 180 0 ]
[ 21 7807 3584 180 0 ]
[ 21 7936 3328 180 0 ]
[ 21 8064 3328 180 0 ]
[ 21 8064 3584 180 0 ]
[ 21 7936 3584 180 0 ]
[ 21 7680 3456 180 0 ]
[ 21 7808 3456 180 0 ]
[ 21 7936 3456 180 0 ]
[ 21 8064 3456 180 0 ]
[ 21 -4993 4352 180 0 ]
[ 21 -5120 4352 180 0 ]
[ 21 -5120 4608 180 0 ]
[ 21 -4993 4608 180 0 ]
[ 21 -4864 4352 180 0 ]
[ 21 -4736 4352 180 0 ]
[ 21 -4736 4608 180 0 ]
[ 21 -4864 4608 180 0 ]
[ 21 -5120 4480 180 0 ]
[ 21 -4992 4480 180 0 ]
[ 21 -4864 4480 180 0 ]
[ 21 -4736 4480 180 0 ]
[ 21 -6017 4352 180 0 ]
[ 21 -6144 4352 180 0 ]
[ 21 -6144 4608 180 0 ]
[ 21 -6017 4608 180 0 ]
[ 21 -5888 4352 180 0 ]
[ 21 -5760 4352 180 0 ]
[ 21 -5760 4608 180 0 ]
[ 21 -5888 4608 180 0 ]
[ 21 -6144 4480 180 0 ]
[ 21 -6016 4480 180 0 ]
[ 21 -5888 4480 180 0 ]
[ 21 -5760 4480 180 0 ]
[ 21 -5505 4352 180 0 ]
[ 21 -5632 4352 180 0 ]
[ 21 -5632 4608 180 0 ]
[ 21 -5505 4608 180 0 ]
[ 21 -5376 4352 180 0 ]
[ 21 -5248 4352 180 0 ]
[ 21 -5248 4608 180 0 ]
[ 21 -5376 4608 180 0 ]
[ 21 -5632 4480 180 0 ]
[ 21 -5504 4480 180 0 ]
[ 21 -5376 4480 180 0 ]
[ 21 -5248 4480 180 0 ]
[ 4 -6784 4352 180 0 ]
[ 4 -6784 4480 180 0 ]
[ 4 -6784 4608 180 0 ]
[ 4 -6912 4736 270 0 ]
[ 4 -7040 4736 270 0 ]
[ 4 -7168 4736 270 0 ]
[ 9 -7040 4992 180 0 ]
[ 9 -7040 5120 180 3 ]
[ 9 -7040 5248 180 1 ]
[ 9 -7168 5120 180 5 ]
[ 9 -7168 4992 180 2 ]
[ 9 -7168 4864 180 0 ]
[ 9 -7040 4864 180 0 ]
[ 9 -6912 4864 180 2 ]
[ 9 -6912 4992 180 4 ]
[ 9 -6912 5120 180 1 ]
[ 9 -6912 5248 180 5 ]
[ 9 -6912 5376 180 2 ]
[ 9 -6912 5504 180 2 ]
[ 9 -7040 5504 180 5 ]
[ 9 -7040 5376 180 3 ]
[ 9 -7168 5248 180 5 ]
[ 9 -7168 5376 180 1 ]
[ 9 -7168 5504 180 3 ]
[ 9 -7168 5632 180 5 ]
[ 9 -7168 5760 180 1 ]
[ 9 -7040 5760 180 0 ]
[ 9 -7040 5632 180 5 ]
[ 9 -6912 5632 180 1 ]
[ 9 -6912 5760 180 3 ]
[ 9 -6912 5888 180 0 ]
[ 9 -6912 6016 180 4 ]
[ 9 -7040 6272 180 0 ]
[ 9 -7040 6144 180 5 ]
[ 9 -7040 6016 180 1 ]
[ 9 -7040 5888 180 0 ]
[ 9 -7168 5888 180 5 ]
[ 9 -7168 6016 180 2 ]
[ 9 -7168 6144 180 4 ]
[ 9 -7168 6272 180 2 ]
[ 9 -7168 6400 180 1 ]
[ 9 -7168 6656 180 5 ]
[ 9 -7040 6656 180 3 ]
[ 9 -6912 6656 180 4 ]
[ 9 -6912 6144 180 2 ]
[ 9 -6912 6272 180 2 ]
[ 9 -7040 6400 180 1 ]
[ 9 -10368 9984 180 0 ]
[ 9 -10240 9984 180 1 ]
[ 9 -9472 10112 180 5 ]
[ 9 -9344 10112 180 1 ]
[ 9 -9216 10112 180 3 ]
[ 9 -9088 10112 180 2 ]
[ 9 -9088 9984 180 1 ]
[ 9 -9216 9984 180 2 ]
[ 9 -9344 9984 180 4 ]
[ 9 -9472 9984 180 0 ]
[ 9 -10112 9984 180 4 ]
[ 9 -6912 6400 180 5 ]
[ 9 -10496 10112 180 1 ]
[ 9 -10368 10112 180 2 ]
[ 9 -10240 10112 180 3 ]
[ 9 -10112 10112 180 1 ]
[ 9 -9984 10112 180 3 ]
[ 9 -9856 10112 180 1 ]
[ 9 -9728 10112 180 2 ]
[ 9 -9600 10240 180 2 ]
[ 9 -9088 10240 180 5 ]
[ 9 -9216 10240 180 0 ]
[ 9 -9344 10240 180 1 ]
[ 9 -9472 10240 180 2 ]
[ 9 -10496 10240 180 4 ]
[ 9 -7168 6528 180 4 ]
[ 9 -7040 6528 180 2 ]
[ 9 -6912 6528 180 3 ]
[ 9 -10496 9984 180 0 ]
[ 9 -10240 9856 180 3 ]
[ 9 -9984 9984 180 0 ]
[ 9 -9856 9984 180 4 ]
[ 9 -9728 9984 180 4 ]
[ 9 -9600 9984 180 4 ]
[ 9 -9600 10112 180 1 ]
[ 9 -9728 10240 180 3 ]
[ 9 -9856 10240 180 4 ]
[ 9 -9984 10240 180 5 ]
[ 9 -10112 10240 180 0 ]
[ 9 -10240 10240 180 2 ]
[ 9 -10368 10240 180 0 ]
[ 9 -6272 6400 180 0 ]
[ 9 -2816 6400 180 1 ]
[ 9 -2048 6528 180 5 ]
[ 9 -1920 6528 180 1 ]
[ 9 -1792 6528 180 3 ]
[ 9 -1664 6528 180 2 ]
[ 9 -1664 6400 180 1 ]
[ 9 -1792 6400 180 2 ]
[ 9 -1920 6400 180 4 ]
[ 9 -2048 6400 180 0 ]
[ 9 -2688 6400 180 4 ]
[ 9 -6656 6400 180 1 ]
[ 9 -6528 6528 180 0 ]
[ 9 -6400 6528 180 1 ]
[ 9 -6272 6528 180 2 ]
[ 9 -2816 6528 180 3 ]
[ 9 -2688 6528 180 1 ]
[ 9 -2560 6528 180 3 ]
[ 9 -2432 6528 180 1 ]
[ 9 -2304 6528 180 2 ]
[ 9 -2176 6656 180 2 ]
[ 9 -1664 6656 180 5 ]
[ 9 -1792 6656 180 0 ]
[ 9 -1920 6656 180 1 ]
[ 9 -2048 6656 180 2 ]
[ 9 -6400 6656 180 4 ]
[ 9 -6528 6656 180 2 ]
[ 9 -6656 6656 180 5 ]
[ 9 -6656 6528 180 5 ]
[ 9 -6528 6400 180 1 ]
[ 9 -6400 6400 180 0 ]
[ 9 -2816 6272 180 3 ]
[ 9 -2560 6400 180 0 ]
[ 9 -2432 6400 180 4 ]
[ 9 -2304 6400 180 4 ]
[ 9 -2176 6400 180 4 ]
[ 9 -2176 6528 180 1 ]
[ 9 -2304 6656 180 3 ]
[ 9 -2432 6656 180 4 ]
[ 9 -2560 6656 180 5 ]
[ 9 -2688 6656 180 0 ]
[ 9 -2816 6656 180 2 ]
[ 9 -6272 6656 180 0 ]
[ 9 -8576 9984 180 0 ]
[ 9 -8448 9984 180 1 ]
[ 9 -5376 10112 180 5 ]
[ 9 -5248 10112 180 1 ]
[ 9 -5120 10112 180 3 ]
[ 9 -4992 10112 180 2 ]
[ 9 -4992 9984 180 1 ]
[ 9 -5120 9984 180 2 ]
[ 9 -5248 9984 180 4 ]
[ 9 -5376 9984 180 0 ]
[ 9 -6016 9984 180 4 ]
[ 9 -8960 9984 180 1 ]
[ 9 -8832 10112 180 0 ]
[ 9 -8704 10112 180 1 ]
[ 9 -8576 10112 180 2 ]
[ 9 -8448 10112 180 3 ]
[ 9 -6016 10112 180 1 ]
[ 9 -5888 10112 180 3 ]
[ 9 -5760 10112 180 1 ]
[ 9 -5632 10112 180 2 ]
[ 9 -5504 10240 180 2 ]
[ 9 -4992 10240 180 5 ]
[ 9 -5120 10240 180 0 ]
[ 9 -5248 10240 180 1 ]
[ 9 -5376 10240 180 2 ]
[ 9 -8704 10240 180 4 ]
[ 9 -8832 10240 180 2 ]
[ 9 -8960 10240 180 5 ]
[ 9 -8960 10112 180 5 ]
[ 9 -8832 9984 180 1 ]
[ 9 -8704 9984 180 0 ]
[ 9 -8448 9856 180 3 ]
[ 9 -5888 9984 180 0 ]
[ 9 -5760 9984 180 4 ]
[ 9 -5632 9984 180 4 ]
[ 9 -5504 9984 180 4 ]
[ 9 -5504 10112 180 1 ]
[ 9 -5632 10240 180 3 ]
[ 9 -5760 10240 180 4 ]
[ 9 -5888 10240 180 5 ]
[ 9 -6016 10240 180 0 ]
[ 9 -8448 10240 180 2 ]
[ 9 -8576 10240 180 0 ]
[ 10 -4864 9984 540 1 ]
[ 10 -4864 10112 180 1 ]
[ 10 -4864 10240 180 1 ]
[ 20 -4736 10240 0 0 ]
[ 20 -4608 10240 0 0 ]
[ 20 -4480 10240 0 0 ]
[ 20 -4480 10112 0 0 ]
[ 20 -4480 9984 0 0 ]
[ 20 -4608 9856 0 0 ]
[ 20 -4608 9984 0 0 ]
[ 20 -4608 10112 0 0 ]
[ 20 -4736 10112 0 0 ]
[ 20 -4736 9984 0 0 ]
[ 20 -4736 9856 0 0 ]
[ 20 -4736 9728 0 0 ]
[ 20 -4736 9600 0 0 ]
[ 20 -4736 9472 0 0 ]
[ 20 -4736 9344 0 0 ]
[ 20 -4736 9216 0 0 ]
[ 20 -4736 9088 0 0 ]
[ 20 -4736 8960 0 0 ]
[ 20 -4736 8832 0 0 ]
[ 20 -4736 8576 0 0 ]
[ 20 -4736 8448 0 0 ]
[ 20 -4608 8448 0 0 ]
[ 20 -4480 8448 0 0 ]
[ 20 -4480 8576 0 0 ]
[ 20 -4480 8704 0 0 ]
[ 20 -4480 8832 0 0 ]
[ 20 -4608 9216 0 0 ]
[ 20 -4608 9344 0 0 ]
[ 20 -4608 9472 0 0 ]
[ 20 -4608 9600 0 0 ]
[ 20 -4608 9728 0 0 ]
[ 20 -4480 9856 0 0 ]
[ 20 -4480 9728 0 0 ]
[ 20 -4480 9600 0 0 ]
[ 20 -4480 9472 0 0 ]
[ 20 -4480 9344 0 0 ]
[ 20 -4480 9216 0 0 ]
[ 20 -4480 9088 0 0 ]
[ 20 -4480 8960 0 0 ]
[ 20 -4608 8832 0 0 ]
[ 20 -4608 8960 0 0 ]
[ 20 -4608 9088 0 0 ]
[ 20 -4736 8704 0 0 ]
[ 20 -4608 8704 0 0 ]
[ 20 -4608 8576 0 0 ]
[ 9 -8064 9984 180 0 ]
[ 9 -7936 9984 180 1 ]
[ 9 -7168 10112 180 5 ]
[ 9 -7040 10112 180 1 ]
[ 9 -6912 10112 180 3 ]
[ 9 -6784 10112 180 2 ]
[ 9 -6784 9984 180 1 ]
[ 9 -6912 9984 180 2 ]
[ 9 -7040 9984 180 4 ]
[ 9 -7168 9984 180 0 ]
[ 9 -7808 9984 180 4 ]
[ 9 -8320 10112 180 0 ]
[ 9 -8192 10112 180 1 ]
[ 9 -8064 10112 180 2 ]
[ 9 -7936 10112 180 3 ]
[ 9 -7808 10112 180 1 ]
[ 9 -7680 10112 180 3 ]
[ 9 -7552 10112 180 1 ]
[ 9 -7424 10112 180 2 ]
[ 9 -7296 10240 180 2 ]
[ 9 -6784 10240 180 5 ]
[ 9 -6912 10240 180 0 ]
[ 9 -7040 10240 180 1 ]
[ 9 -7168 10240 180 2 ]
[ 9 -8192 10240 180 4 ]
[ 9 -8320 10240 180 2 ]
[ 9 -8192 9984 180 0 ]
[ 9 -7936 9856 180 3 ]
[ 9 -7680 9984 180 0 ]
[ 9 -7552 9984 180 4 ]
[ 9 -7424 9984 180 4 ]
[ 9 -7296 9984 180 4 ]
[ 9 -7296 10112 180 1 ]
[ 9 -7424 10240 180 3 ]
[ 9 -7552 10240 180 4 ]
[ 9 -7680 10240 180 5 ]
[ 9 -7808 10240 180 0 ]
[ 9 -7936 10240 180 2 ]
[ 9 -8064 10240 180 0 ]
[ 9 -6272 9984 180 0 ]
[ 9 -6144 9984 180 1 ]
[ 9 -6656 9984 180 1 ]
[ 9 -6528 10112 180 0 ]
[ 9 -6400 10112 180 1 ]
[ 9 -6272 10112 180 2 ]
[ 9 -6144 10112 180 3 ]
[ 9 -6400 10240 180 4 ]
[ 9 -6528 10240 180 2 ]
[ 9 -6656 10240 180 5 ]
[ 9 -6656 10112 180 5 ]
[ 9 -6528 9984 180 1 ]
[ 9 -6400 9984 180 0 ]
[ 9 -6144 9856 180 3 ]
[ 9 -6144 10240 180 2 ]
[ 9 -6272 10240 180 0 ]
[ 9 -8320 9984 0 5 ]
[ 4 -10624 9984 180 0 ]
[ 4 -10624 10112 180 0 ]
[ 4 -10624 10240 180 0 ]
[ 6 -10880 9984 180 0 ]
[ 6 -10752 9984 180 0 ]
[ 6 -10752 10112 180 0 ]
[ 6 -10752 10240 180 0 ]
[ 6 -10880 10240 180 0 ]
[ 6 -10880 10112 180 0 ]
[ 6 -11008 9984 180 0 ]
[ 6 -11008 10112 180 0 ]
[ 6 -11008 10240 180 0 ]
[ 19 -6784 6400 0 0 ]
[ 19 -6784 6528 0 0 ]
[ 19 -6784 6656 0 0 ]
[ 9 -6144 6400 180 1 ]
[ 9 -5376 6528 180 5 ]
[ 9 -5248 6528 180 1 ]
[ 9 -5120 6528 180 3 ]
[ 9 -4992 6528 180 2 ]
[ 9 -4864 6528 180 2 ]
[ 9 -4864 6400 180 5 ]
[ 9 -4992 6400 180 1 ]
[ 9 -5120 6400 180 2 ]
[ 9 -5248 6400 180 4 ]
[ 9 -5376 6400 180 0 ]
[ 9 -6016 6400 180 4 ]
[ 9 -6144 6528 180 3 ]
[ 9 -6016 6528 180 1 ]
[ 9 -5888 6528 180 3 ]
[ 9 -5760 6528 180 1 ]
[ 9 -5632 6528 180 2 ]
[ 9 -5504 6656 180 2 ]
[ 9 -4864 6656 180 4 ]
[ 9 -4992 6656 180 5 ]
[ 9 -5120 6656 180 0 ]
[ 9 -5248 6656 180 1 ]
[ 9 -5376 6656 180 2 ]
[ 9 -6144 6272 180 3 ]
[ 9 -5888 6400 180 0 ]
[ 9 -5760 6400 180 4 ]
[ 9 -5632 6400 180 4 ]
[ 9 -5504 6400 180 4 ]
[ 9 -5504 6528 180 1 ]
[ 9 -5632 6656 180 3 ]
[ 9 -5760 6656 180 4 ]
[ 9 -5888 6656 180 5 ]
[ 9 -6016 6656 180 0 ]
[ 9 -6144 6656 180 2 ]
[ 9 -4352 6400 180 0 ]
[ 9 -4224 6400 180 1 ]
[ 9 -3456 6528 180 5 ]
[ 9 -3328 6528 180 1 ]
[ 9 -3200 6528 180 3 ]
[ 9 -3072 6528 180 2 ]
[ 9 -2944 6528 180 2 ]
[ 9 -2944 6400 180 5 ]
[ 9 -3072 6400 180 1 ]
[ 9 -3200 6400 180 2 ]
[ 9 -3328 6400 180 4 ]
[ 9 -3456 6400 180 0 ]
[ 9 -4096 6400 180 4 ]
[ 9 -4736 6400 180 1 ]
[ 9 -4608 6528 180 0 ]
[ 9 -4480 6528 180 1 ]
[ 9 -4352 6528 180 2 ]
[ 9 -4224 6528 180 3 ]
[ 9 -4096 6528 180 1 ]
[ 9 -3968 6528 180 3 ]
[ 9 -3840 6528 180 1 ]
[ 9 -3712 6528 180 2 ]
[ 9 -3584 6656 180 2 ]
[ 9 -2944 6656 180 4 ]
[ 9 -3072 6656 180 5 ]
[ 9 -3200 6656 180 0 ]
[ 9 -3328 6656 180 1 ]
[ 9 -3456 6656 180 2 ]
[ 9 -4480 6656 180 4 ]
[ 9 -4608 6656 180 2 ]
[ 9 -4736 6656 180 5 ]
[ 9 -4736 6528 180 5 ]
[ 9 -4608 6400 180 1 ]
[ 9 -4480 6400 180 0 ]
[ 9 -4224 6272 180 3 ]
[ 9 -3968 6400 180 0 ]
[ 9 -3840 6400 180 4 ]
[ 9 -3712 6400 180 4 ]
[ 9 -3584 6400 180 4 ]
[ 9 -3584 6528 180 1 ]
[ 9 -3712 6656 180 3 ]
[ 9 -3840 6656 180 4 ]
[ 9 -3968 6656 180 5 ]
[ 9 -4096 6656 180 0 ]
[ 9 -4224 6656 180 2 ]
[ 9 -4352 6656 180 0 ]
[ 100 -352 384 649 ]
[ 100 1408 -640 764 ]
[ 100 1408 1408 764 ]
[ 102 1920 -640 256 0 4096 ]
[ 102 1920 1408 256 0 4096 ]
[ 102 6784 3456 306 -8704 1024 ]
[ 100 -1152 4480 1101 ]
[ 102 6784 5504 256 -8704 -1024 ]
[ 100 -2688 4480 391 ]
[ 100 3200 3456 763 ]
[ 100 3200 5504 763 ]
[ 100 640 5504 398 ]
[ 100 640 3456 398 ]
[ 100 640 384 244 ]
[ 100 640 4480 476 ]
[ 100 4992 5504 790 ]
[ 100 4992 3456 790 ]
[ 100 -7040 4480 790 ]
[ 100 -5632 4480 485 ]
[ 102 -4992 6528 256 -1792 3584 ]
[ 100 -10880 10112 1480 ]
[ 100 -6144 10112 1069 ]
[ 100 -4608 10112 342 ]
[ 100 -4608 9216 342 ]
[ 101 -3712 9472 1251 ]
[ 100 -4224 6912 1223 ]
[ 101 -5888 7680 1466 ]
[ 100 -4736 4480 384 ]
[ 100 -3712 4480 384 ]
[ 100 6784 3456 600 ]
[ 100 6784 5504 600 ]
[ 100 -7040 5760 433 ]
[ 101 -5376 6528 433 ]
[ 101 -5888 6528 433 ]
Electric
PLayer -897.578 337.953