Does_not_exist
Map_basic
[ 1 1792 -256 0 1 ]
[ 1 1280 -256 0 4 ]
[ 1 1792 256 0 0 ]
[ 1 1280 256 0 3 ]
[ 2 1536 -256 0 dmode 0 0 ]
[ 2 1280 0 0 dmode 1 0 ]
[ 2 1536 256 0 dmode 2 0 ]
[ 7 1408 -256 0 0 ]
[ 7 1664 -256 0 0 ]
[ 7 1280 -128 90 0 ]
[ 7 1280 128 270 0 ]
[ 7 1408 256 360 0 ]
[ 7 1664 256 0 0 ]
[ 7 1792 128 270 1 ]
[ 7 1792 -128 450 1 ]
[ 1 1280 -768 90 3 ]
[ 1 1791 -768 90 0 ]
[ 1 2304 -768 90 3 ]
[ 1 2304 -256 90 0 ]
[ 1 2304 768 90 5 ]
[ 1 1791 768 90 3 ]
[ 1 1280 768 90 5 ]
[ 1 768 256 90 1 ]
[ 1 768 768 90 1 ]
[ 1 768 -256 90 4 ]
[ 1 768 -768 90 1 ]
[ 1 2816 -768 90 5 ]
[ 1 2816 -256 90 4 ]
[ 1 2816 256 90 0 ]
[ 1 2816 768 90 1 ]
[ 1 256 768 90 5 ]
[ 1 256 256 90 0 ]
[ 1 256 -256 90 1 ]
[ 1 256 -768 90 0 ]
[ 7 1920 -768 180 0 ]
[ 7 2048 -768 180 0 ]
[ 7 2176 -768 180 0 ]
[ 7 2304 -640 270 0 ]
[ 7 2304 -512 270 0 ]
[ 7 2304 -384 270 0 ]
[ 7 768 -640 270 0 ]
[ 7 768 -384 270 0 ]
[ 7 768 384 270 0 ]
[ 7 768 512 270 0 ]
[ 7 768 639 270 0 ]
[ 7 896 768 360 0 ]
[ 7 1024 768 0 0 ]
[ 7 1152 768 0 0 ]
[ 7 1920 768 0 0 ]
[ 7 2048 768 0 0 ]
[ 7 2176 768 0 0 ]
[ 7 2304 639 90 0 ]
[ 7 2304 512 90 0 ]
[ 7 2304 384 90 0 ]
[ 7 2816 -640 90 0 ]
[ 7 2816 -512 90 0 ]
[ 7 2816 -384 90 0 ]
[ 7 2943 -256 180 0 ]
[ 7 3072 -256 180 0 ]
[ 7 3200 -256 180 0 ]
[ 7 3328 -256 180 0 ]
[ 7 3456 -256 180 0 ]
[ 7 3584 -256 180 0 ]
[ 7 3712 -256 180 0 ]
[ 7 3840 -256 180 0 ]
[ 7 3968 -256 180 0 ]
[ 7 2943 256 180 0 ]
[ 7 3072 256 180 0 ]
[ 7 3200 256 180 0 ]
[ 7 3328 256 180 0 ]
[ 7 3456 256 180 0 ]
[ 7 3584 256 180 0 ]
[ 7 3712 256 180 0 ]
[ 7 3840 256 180 0 ]
[ 7 3968 256 180 0 ]
[ 7 4096 256 180 0 ]
[ 7 4224 256 180 0 ]
[ 7 4352 256 180 0 ]
[ 7 4096 -256 180 0 ]
[ 7 4224 -256 180 0 ]
[ 7 4352 -256 180 0 ]
[ 7 -768 -256 180 0 ]
[ 7 -641 -256 180 0 ]
[ 7 -512 -256 180 0 ]
[ 7 -384 -256 180 0 ]
[ 7 -256 -256 180 0 ]
[ 7 -128 -256 180 0 ]
[ 7 0 -256 180 0 ]
[ 7 128 -256 180 0 ]
[ 7 -768 256 180 0 ]
[ 7 -641 256 180 0 ]
[ 7 -512 256 180 0 ]
[ 7 -384 256 180 0 ]
[ 7 -256 256 180 0 ]
[ 7 -128 256 180 0 ]
[ 7 0 256 180 0 ]
[ 7 128 256 180 0 ]
[ 7 256 -640 270 0 ]
[ 7 256 -512 270 0 ]
[ 7 256 -384 270 0 ]
[ 7 256 384 270 0 ]
[ 7 256 640 270 0 ]
[ 7 2816 640 270 0 ]
[ 7 2816 512 270 0 ]
[ 7 2816 384 270 0 ]
[ 7 384 -768 0 0 ]
[ 7 512 -768 0 0 ]
[ 7 640 -768 0 0 ]
[ 7 1408 -768 0 0 ]
[ 7 1536 -768 0 0 ]
[ 7 1664 -768 0 0 ]
[ 7 2432 -768 0 0 ]
[ 7 2560 -768 0 0 ]
[ 7 2688 -768 0 0 ]
[ 7 512 768 0 0 ]
[ 7 384 768 0 0 ]
[ 7 640 768 0 0 ]
[ 7 2432 768 0 0 ]
[ 7 2560 768 0 0 ]
[ 7 2688 768 0 0 ]
[ 1 4480 -256 180 3 ]
[ 1 4480 -128 180 0 ]
[ 1 4480 0 180 2 ]
[ 1 4480 128 180 3 ]
[ 1 4480 256 180 0 ]
[ 1 -896 -256 180 5 ]
[ 1 -1024 -256 180 4 ]
[ 1 -1024 -128 180 1 ]
[ 1 -1024 0 180 0 ]
[ 1 -1024 128 180 0 ]
[ 1 -1024 256 180 5 ]
[ 1 -896 256 180 5 ]
[ 7 896 256 180 0 ]
[ 7 1024 256 180 0 ]
[ 7 1152 256 180 0 ]
[ 7 1792 -384 270 0 ]
[ 7 1792 -512 270 0 ]
[ 7 1792 -640 270 0 ]
[ 7 1792 384 270 0 ]
[ 7 1792 512 270 0 ]
[ 7 1792 640 270 0 ]
[ 7 768 -1536 270 0 ]
[ 7 768 -1408 270 0 ]
[ 7 768 -1280 270 0 ]
[ 7 768 -1152 270 0 ]
[ 7 768 -1024 270 0 ]
[ 7 768 -896 270 0 ]
[ 7 1279 -896 270 0 ]
[ 7 1279 -1024 270 0 ]
[ 7 1279 -1152 270 0 ]
[ 7 1279 -1280 270 0 ]
[ 7 1279 -1408 270 0 ]
[ 7 1279 -1536 270 0 ]
[ 7 1279 -1664 270 0 ]
[ 7 768 -1664 270 0 ]
[ 7 1279 896 270 0 ]
[ 7 1279 1024 270 0 ]
[ 7 1279 1152 270 0 ]
[ 7 1279 1280 270 0 ]
[ 7 1279 1408 270 0 ]
[ 7 1279 1535 270 0 ]
[ 7 1279 1664 270 0 ]
[ 7 1279 1792 270 0 ]
[ 7 1792 896 270 0 ]
[ 7 1792 1024 270 0 ]
[ 7 1792 1152 270 0 ]
[ 7 1792 1280 270 0 ]
[ 7 1792 1408 270 0 ]
[ 7 1792 1535 270 0 ]
[ 7 1792 1664 270 0 ]
[ 7 1792 1792 270 0 ]
[ 3 256 511 0 1 ]
[ 3 767 -512 0 1 ]
[ 3 2560 -512 0 1 ]
[ 1 2304 256 270 1 ]
[ 3 2048 512 0 1 ]
[ 6 2560 512 0 1 ]
[ 6 2048 -512 0 1 ]
[ 1 1408 1919 0 3 ]
[ 1 1536 1919 0 2 ]
[ 1 1664 1919 0 0 ]
[ 1 768 -1792 0 2 ]
[ 1 896 -1792 0 5 ]
[ 1 1024 -1792 0 2 ]
[ 1 1152 -1792 0 4 ]
[ 1 1280 -1792 0 4 ]
[ 1 1280 1920 0 2 ]
[ 1 1791 1920 0 0 ]
[ 3 1024 512 0 1 ]
Movables
Map_floor
[ 21 1536 -128 90 0 ]
[ 21 1664 -128 90 0 ]
[ 21 1664 0 90 0 ]
[ 21 1536 0 90 0 ]
[ 21 1408 -128 90 0 ]
[ 21 1408 0 90 0 ]
[ 21 1408 128 90 0 ]
[ 21 1536 128 90 0 ]
[ 21 1664 128 90 0 ]
[ 2 1792 0 90 dmode 3 0 ]
[ 43 4352 0 540 0 ]
[ 43 4352 128 180 1 ]
[ 43 4352 -128 180 2 ]
[ 43 -896 0 360 1 ]
[ 43 -896 128 0 2 ]
[ 43 -896 -128 0 0 ]
[ 43 1408 1792 990 4 ]
[ 43 1536 1792 270 5 ]
[ 43 1664 1792 270 6 ]
[ 43 896 -1664 450 5 ]
[ 43 1024 -1664 90 6 ]
[ 43 1152 -1664 90 4 ]
[ 3 2048 256 360 dmode 1 1 ]
[ 3 1920 256 0 dmode 1 1 ]
[ 3 2176 256 0 dmode 1 1 ]
[ 2 256 -128 90 dmode 1 0 ]
[ 2 256 0 90 dmode 1 0 ]
[ 2 256 128 90 dmode 1 0 ]
[ 2 2816 -128 90 dmode 1 0 ]
[ 2 2816 0 90 dmode 1 0 ]
[ 2 2816 128 90 dmode 1 0 ]
[ 3 1408 768 180 dmode 0 1 ]
[ 3 1536 768 180 dmode 0 1 ]
[ 3 1664 768 180 dmode 0 1 ]
[ 2 1280 -640 270 dmode 0 0 ]
[ 2 1280 -512 270 dmode 0 0 ]
[ 2 1280 -384 270 dmode 0 0 ]
[ 3 2432 -256 360 dmode 2 1 ]
[ 3 2560 -256 0 dmode 2 1 ]
[ 3 2688 -256 0 dmode 2 1 ]
[ 3 2432 256 0 dmode 2 1 ]
[ 3 2560 256 0 dmode 2 1 ]
[ 3 2688 256 0 dmode 2 1 ]
[ 2 1920 -256 0 dmode 2 0 ]
[ 2 2048 -256 0 dmode 2 0 ]
[ 2 2176 -256 0 dmode 2 0 ]
[ 21 2944 -128 0 0 ]
[ 21 2944 0 0 0 ]
[ 21 3072 0 0 0 ]
[ 21 3456 128 0 0 ]
[ 21 3584 128 0 0 ]
[ 21 3712 128 0 0 ]
[ 21 3840 128 0 0 ]
[ 21 3968 128 0 0 ]
[ 21 4096 0 0 0 ]
[ 21 4096 128 0 0 ]
[ 21 4224 128 0 0 ]
[ 21 4224 0 0 0 ]
[ 21 4224 -128 0 0 ]
[ 21 4096 -128 0 0 ]
[ 21 3968 -128 0 0 ]
[ 21 3840 -128 0 0 ]
[ 21 3712 -128 0 0 ]
[ 21 3584 -128 0 0 ]
[ 21 3072 -128 0 0 ]
[ 21 3200 -128 0 0 ]
[ 21 3328 -128 0 0 ]
[ 21 3456 -128 0 0 ]
[ 21 3200 0 0 0 ]
[ 21 3968 0 0 0 ]
[ 21 3840 0 0 0 ]
[ 21 3712 0 0 0 ]
[ 21 3584 0 0 0 ]
[ 21 3456 0 0 0 ]
[ 21 3328 0 0 0 ]
[ 21 3328 128 0 0 ]
[ 21 3200 128 0 0 ]
[ 21 3072 128 0 0 ]
[ 21 2944 128 0 0 ]
[ 1 1920 -128 90 0 ]
[ 1 2048 -128 0 0 ]
[ 1 2176 -128 0 0 ]
[ 1 2304 -128 0 0 ]
[ 1 2432 -128 90 0 ]
[ 1 2560 -128 180 0 ]
[ 1 2688 -128 0 0 ]
[ 1 2688 0 90 0 ]
[ 1 2688 128 0 0 ]
[ 1 2560 128 180 0 ]
[ 1 2432 128 0 0 ]
[ 1 2048 0 270 0 ]
[ 1 1920 0 90 0 ]
[ 1 1920 128 180 0 ]
[ 1 2048 128 270 0 ]
[ 1 2176 128 90 0 ]
[ 1 2304 128 180 0 ]
[ 1 2304 0 90 0 ]
[ 1 2432 0 180 0 ]
[ 1 2560 0 180 0 ]
[ 1 2176 0 270 0 ]
[ 21 1920 384 0 0 ]
[ 21 1920 512 0 0 ]
[ 21 1920 640 0 0 ]
[ 21 2048 640 0 0 ]
[ 21 2176 640 0 0 ]
[ 21 2176 512 0 0 ]
[ 21 2176 384 0 0 ]
[ 21 2048 384 0 0 ]
[ 21 2432 384 0 0 ]
[ 21 2432 512 0 0 ]
[ 21 2432 640 0 0 ]
[ 21 2560 640 0 0 ]
[ 21 2560 512 0 0 ]
[ 21 2688 384 0 0 ]
[ 21 2560 384 0 0 ]
[ 21 2688 512 0 0 ]
[ 21 2688 640 0 0 ]
[ 21 2432 -640 0 0 ]
[ 21 2560 -640 0 0 ]
[ 21 2688 -640 0 0 ]
[ 21 2688 -512 0 0 ]
[ 21 2688 -385 0 0 ]
[ 21 2560 -385 0 0 ]
[ 21 2432 -385 0 0 ]
[ 21 2432 -512 0 0 ]
[ 21 1920 -640 0 0 ]
[ 21 2176 -512 0 0 ]
[ 21 2176 -640 0 0 ]
[ 21 2048 -640 0 0 ]
[ 21 2048 -512 0 0 ]
[ 21 1920 -512 0 0 ]
[ 21 1920 -385 0 0 ]
[ 21 2048 -385 0 0 ]
[ 21 2176 -385 0 0 ]
[ 1 1408 640 180 0 ]
[ 1 1536 640 0 0 ]
[ 1 1664 640 0 0 ]
[ 1 1664 512 270 0 ]
[ 1 1536 512 180 0 ]
[ 1 1408 512 180 0 ]
[ 1 1408 384 270 0 ]
[ 1 1536 384 0 0 ]
[ 1 1664 384 270 0 ]
[ 1 1408 -640 0 0 ]
[ 1 1536 -640 270 0 ]
[ 1 1664 -640 90 0 ]
[ 1 1664 -513 180 0 ]
[ 1 1664 -384 270 0 ]
[ 1 1536 -384 90 0 ]
[ 1 1536 -513 0 0 ]
[ 1 1408 -513 180 0 ]
[ 1 1408 -384 270 0 ]
[ 2 896 -768 0 dmode 3 0 ]
[ 2 1024 -768 0 dmode 3 0 ]
[ 2 1152 -768 0 dmode 3 0 ]
[ 1 1152 -1536 0 0 ]
[ 1 1152 -1408 180 0 ]
[ 1 1152 -1280 0 0 ]
[ 1 1152 -1152 180 0 ]
[ 1 1152 -1024 90 0 ]
[ 1 1152 -897 270 0 ]
[ 1 1024 -897 180 0 ]
[ 1 896 -897 90 0 ]
[ 1 896 -1024 0 0 ]
[ 1 896 -1152 270 0 ]
[ 1 896 -1280 180 0 ]
[ 1 896 -1408 270 0 ]
[ 1 896 -1536 90 0 ]
[ 1 1024 -1536 270 0 ]
[ 1 1024 -1408 90 0 ]
[ 1 1024 -1280 270 0 ]
[ 1 1024 -1152 180 0 ]
[ 1 1024 -1024 180 0 ]
[ 21 1408 896 0 0 ]
[ 21 1408 1024 0 0 ]
[ 21 1408 1152 0 0 ]
[ 21 1408 1280 0 0 ]
[ 21 1408 1408 0 0 ]
[ 21 1408 1536 0 0 ]
[ 21 1408 1664 0 0 ]
[ 21 1536 1664 0 0 ]
[ 21 1664 1664 0 0 ]
[ 21 1664 1536 0 0 ]
[ 21 1536 896 0 0 ]
[ 21 1536 1024 0 0 ]
[ 21 1536 1152 0 0 ]
[ 21 1536 1280 0 0 ]
[ 21 1536 1536 0 0 ]
[ 21 1536 1408 0 0 ]
[ 21 1664 1408 0 0 ]
[ 21 1664 1280 0 0 ]
[ 21 1664 1152 0 0 ]
[ 21 1664 1024 0 0 ]
[ 21 1664 896 0 0 ]
[ 21 896 -128 0 0 ]
[ 21 896 -256 0 0 ]
[ 21 896 -385 0 0 ]
[ 21 1024 -385 0 0 ]
[ 21 1024 -512 0 0 ]
[ 21 896 -512 0 0 ]
[ 21 896 -640 0 0 ]
[ 21 1024 -640 0 0 ]
[ 21 1152 -640 0 0 ]
[ 21 1152 -512 0 0 ]
[ 21 1152 -384 0 0 ]
[ 21 1152 -256 0 0 ]
[ 21 1152 -128 0 0 ]
[ 21 1152 0 0 0 ]
[ 21 1152 128 0 0 ]
[ 21 1024 128 0 0 ]
[ 21 1024 0 0 0 ]
[ 21 1024 -256 0 0 ]
[ 21 1024 -128 0 0 ]
[ 21 896 0 0 0 ]
[ 21 896 128 0 0 ]
[ 21 768 128 0 0 ]
[ 21 768 0 0 0 ]
[ 21 640 -256 0 0 ]
[ 21 640 -384 0 0 ]
[ 21 384 -384 0 0 ]
[ 21 384 -512 0 0 ]
[ 21 384 -640 0 0 ]
[ 21 512 -640 0 0 ]
[ 21 640 -640 0 0 ]
[ 21 640 -512 0 0 ]
[ 21 512 -512 0 0 ]
[ 21 512 -384 0 0 ]
[ 21 512 -256 0 0 ]
[ 21 384 -256 0 0 ]
[ 21 384 -128 0 0 ]
[ 21 384 0 0 0 ]
[ 21 640 0 0 0 ]
[ 21 768 -128 0 0 ]
[ 21 640 -128 0 0 ]
[ 21 512 -128 0 0 ]
[ 21 512 0 0 0 ]
[ 21 512 128 0 0 ]
[ 21 384 128 0 0 ]
[ 21 384 256 0 0 ]
[ 21 384 384 0 0 ]
[ 21 384 512 0 0 ]
[ 21 384 640 0 0 ]
[ 21 512 640 0 0 ]
[ 21 640 640 0 0 ]
[ 21 640 512 0 0 ]
[ 21 640 384 0 0 ]
[ 21 640 128 0 0 ]
[ 21 640 256 0 0 ]
[ 21 512 256 0 0 ]
[ 21 512 384 0 0 ]
[ 21 512 512 0 0 ]
[ 1 -768 -128 270 0 ]
[ 1 -640 -128 180 0 ]
[ 1 -512 -128 0 0 ]
[ 1 -384 -128 180 0 ]
[ 1 -256 -128 180 0 ]
[ 1 -128 -128 90 0 ]
[ 1 -1 -128 270 0 ]
[ 1 128 -128 180 0 ]
[ 1 128 0 270 0 ]
[ 1 -1 0 90 0 ]
[ 1 -128 0 270 0 ]
[ 1 -256 0 0 0 ]
[ 1 -384 0 0 0 ]
[ 1 -512 0 90 0 ]
[ 1 -640 0 270 0 ]
[ 1 -768 0 0 0 ]
[ 1 -768 128 90 0 ]
[ 1 -640 128 0 0 ]
[ 1 -512 128 0 0 ]
[ 1 -384 128 270 0 ]
[ 1 -256 128 0 0 ]
[ 1 -128 128 270 0 ]
[ 1 -1 128 90 0 ]
[ 1 128 128 0 0 ]
[ 10 1280 384 180 0 ]
[ 10 1280 512 180 0 ]
[ 10 1280 640 180 0 ]
[ 6 896 384 180 0 ]
[ 6 896 512 180 0 ]
[ 6 896 640 180 0 ]
[ 6 1024 640 180 0 ]
[ 6 1152 640 180 0 ]
[ 6 1152 512 180 0 ]
[ 6 1152 384 180 0 ]
[ 6 1024 384 180 0 ]
[ 6 1024 512 180 0 ]
[ 100 1536 0 6912 ]
Electric
PLayer 1492.24 -14.5601