Does_not_exist
Map_basic
[ 1 -128 640 0 0 ]
[ 1 -128 -384 0 4 ]
[ 7 0 640 0 0 ]
[ 7 256 640 0 0 ]
[ 7 512 640 0 0 ]
[ 7 640 640 0 0 ]
[ 7 767 640 0 0 ]
[ 7 -128 -256 90 0 ]
[ 7 -128 0 90 0 ]
[ 7 -128 512 90 0 ]
[ 7 -128 256 90 0 ]
[ 7 0 -384 180 0 ]
[ 7 256 -384 180 0 ]
[ 7 512 -384 180 0 ]
[ 7 640 -384 180 0 ]
[ 7 767 -384 180 0 ]
[ 7 1024 -384 180 0 ]
[ 7 1280 -384 180 0 ]
[ 7 1024 640 180 0 ]
[ 7 1280 640 180 0 ]
[ 1 1408 640 180 1 ]
[ 7 1408 -256 270 0 ]
[ 7 1408 0 270 0 ]
[ 7 1408 256 270 0 ]
[ 7 1408 512 270 0 ]
[ 3 384 -384 0 1 ]
[ 3 896 640 0 1 ]
[ 3 1408 128 0 1 ]
[ 3 384 640 0 1 ]
[ 3 -129 128 0 1 ]
[ 3 896 -384 0 1 ]
[ 1 1408 -384 270 3 ]
[ 3 384 128 0 1 ]
[ 1 1152 640 0 5 ]
[ 1 1408 384 0 2 ]
[ 1 1152 384 0 3 ]
[ 1 128 -128 90 0 ]
[ 1 -129 -128 90 1 ]
[ 1 128 -384 90 5 ]
[ 1 1152 -384 90 5 ]
[ 1 1152 -128 90 5 ]
[ 1 1408 -128 90 1 ]
[ 1 128 384 90 5 ]
[ 1 -129 384 90 2 ]
[ 1 128 640 90 1 ]
[ 3 896 128 0 1 ]
Movables
Map_floor
[ 21 256 -256 270 0 ]
[ 21 512 -256 270 0 ]
[ 21 640 -256 270 0 ]
[ 21 767 -256 270 0 ]
[ 21 1024 -256 270 0 ]
[ 21 1152 -128 270 0 ]
[ 21 1024 -128 270 0 ]
[ 21 767 -128 270 0 ]
[ 21 640 -128 270 0 ]
[ 21 512 -128 270 0 ]
[ 21 256 -128 270 0 ]
[ 21 128 -128 270 0 ]
[ 21 0 0 270 0 ]
[ 21 512 0 270 0 ]
[ 21 640 0 270 0 ]
[ 21 767 0 270 0 ]
[ 21 1024 0 270 0 ]
[ 21 1152 0 270 0 ]
[ 21 1280 0 270 0 ]
[ 21 1280 256 270 0 ]
[ 21 1024 512 270 0 ]
[ 21 767 512 270 0 ]
[ 21 640 512 270 0 ]
[ 21 512 512 270 0 ]
[ 21 256 512 270 0 ]
[ 21 0 256 270 0 ]
[ 21 128 0 270 0 ]
[ 21 256 0 270 0 ]
[ 21 384 128 270 0 ]
[ 21 896 128 270 0 ]
[ 21 1152 256 270 0 ]
[ 21 1024 256 270 0 ]
[ 21 767 256 270 0 ]
[ 21 640 256 270 0 ]
[ 21 512 256 270 0 ]
[ 21 256 256 270 0 ]
[ 21 128 256 270 0 ]
[ 21 512 384 270 0 ]
[ 21 1152 384 270 0 ]
[ 21 1024 384 270 0 ]
[ 21 767 384 270 0 ]
[ 21 640 384 270 0 ]
[ 21 256 384 270 0 ]
[ 21 128 384 270 0 ]
[ 18 0 128 360 7 ]
[ 18 128 128 0 7 ]
[ 18 256 128 0 7 ]
[ 18 384 0 90 7 ]
[ 18 384 -128 90 7 ]
[ 18 384 -256 90 7 ]
[ 18 896 -256 90 7 ]
[ 18 896 -128 90 7 ]
[ 18 896 0 90 7 ]
[ 18 512 128 180 7 ]
[ 18 640 128 180 7 ]
[ 18 767 128 180 7 ]
[ 18 896 256 270 7 ]
[ 18 896 384 270 7 ]
[ 18 896 512 270 7 ]
[ 18 384 256 270 7 ]
[ 18 384 384 270 7 ]
[ 18 384 512 270 7 ]
[ 18 1024 128 360 7 ]
[ 18 1152 128 0 7 ]
[ 18 1280 128 0 7 ]
[ 18 1280 384 0 7 ]
[ 18 1152 512 90 7 ]
[ 6 1280 512 90 0 ]
[ 18 128 512 90 7 ]
[ 18 0 384 180 7 ]
[ 18 0 -128 180 7 ]
[ 18 128 -256 270 7 ]
[ 18 1152 -256 270 7 ]
[ 18 1280 -128 360 7 ]
[ 6 0 511 0 0 ]
[ 6 0 -256 0 0 ]
[ 6 1280 -256 0 0 ]
[ 100 640 128 937 ]
[ 103 -128 -384 432 0.68256 ]
[ 103 1280 512 367 1.587 ]
Electric
PLayer 638.421 130.96